,0,5,10,15,20,25,30,35,40,45,50,55,60,65,70,75,80,85,90,95,100,105,110,115,120,125,130,135,140,145,150,155,160,165,170,175,180,185,190,195,200
352.5,6.4115100E-01,5.0337200E-01,3.9222000E-01,3.0283300E-01,2.3244300E-01,1.7703200E-01,1.3169300E-01,9.5415800E-02,6.6858700E-02,4.4100200E-02,2.6093500E-02,1.3163800E-02,5.9693100E-03,2.5281300E-03,1.3207300E-03,7.7381300E-04,4.9246500E-04,3.4947900E-04,2.6675200E-04,2.0677900E-04,1.6092000E-04,1.2547600E-04,9.8222500E-05,7.7113200E-05,6.0268200E-05,4.7178200E-05,3.6922800E-05,2.8970300E-05,2.2770800E-05,1.7863500E-05,1.4036400E-05,1.1012000E-05,8.6547100E-06,6.7999400E-06,5.3404000E-06,4.1810900E-06,3.2895800E-06,2.5904900E-06,2.0441900E-06,1.6077600E-06,1.2645600E-06
357.5,5.6908200E-01,4.5726300E-01,3.6486600E-01,2.8866900E-01,2.2710300E-01,1.7734900E-01,1.3546600E-01,1.0096700E-01,7.2928700E-02,4.9787400E-02,3.0719000E-02,1.6341900E-02,7.8716100E-03,3.5577100E-03,1.9529800E-03,1.1926100E-03,7.8657200E-04,5.7425500E-04,4.4878500E-04,3.5581900E-04,2.8318000E-04,2.2571700E-04,1.8062400E-04,1.4491300E-04,1.1579900E-04,9.2660300E-05,7.4119000E-05,5.9433500E-05,4.7746300E-05,3.8275200E-05,3.0716800E-05,2.4624100E-05,1.9773700E-05,1.5876500E-05,1.2740100E-05,1.0194100E-05,8.1960200E-06,6.5941200E-06,5.3165300E-06,4.2723100E-06,3.4337900E-06
362.5,6.3835000E-01,5.2277700E-01,4.2538400E-01,3.4335000E-01,2.7562700E-01,2.1970300E-01,1.7144300E-01,1.3066000E-01,9.6610300E-02,6.7674600E-02,4.3027300E-02,2.3736600E-02,1.1906300E-02,5.6185200E-03,3.1923300E-03,2.0085000E-03,1.3604000E-03,1.0158700E-03,8.0978800E-04,6.5459300E-04,5.3098400E-04,4.3137200E-04,3.5176400E-04,2.8752400E-04,2.3407500E-04,1.9081200E-04,1.5551100E-04,1.2703600E-04,1.0395400E-04,8.4887400E-05,6.9400600E-05,5.6679700E-05,4.6368300E-05,3.7930200E-05,3.1004500E-05,2.5274200E-05,2.0695600E-05,1.6960600E-05,1.3926800E-05,1.1399000E-05,9.3318400E-06
367.5,7.5247300E-01,6.2624500E-01,5.1809200E-01,4.2531500E-01,3.4732400E-01,2.8177100E-01,2.2379500E-01,1.7367400E-01,1.3083200E-01,9.3472700E-02,6.0729100E-02,3.4339500E-02,1.7691900E-02,8.5873600E-03,4.9970700E-03,3.2129700E-03,2.2208500E-03,1.6892700E-03,1.3699500E-03,1.1263000E-03,9.2919900E-04,7.6783500E-04,6.3663800E-04,5.2907800E-04,4.3799900E-04,3.6306800E-04,3.0082300E-04,2.4981800E-04,2.0780400E-04,1.7248900E-04,1.4334500E-04,1.1897500E-04,9.8932900E-05,8.2237400E-05,6.8349500E-05,5.6631300E-05,4.7135800E-05,3.9265100E-05,3.2767300E-05,2.7256500E-05,2.2678300E-05
372.5,6.5207000E-01,5.4700100E-01,4.5626700E-01,3.7773600E-01,3.1111900E-01,2.5460300E-01,2.0405200E-01,1.5984300E-01,1.2159400E-01,8.7791100E-02,5.7718700E-02,3.3094200E-02,1.7311000E-02,8.5373000E-03,5.0324900E-03,3.2729600E-03,2.2860000E-03,1.7549400E-03,1.4359100E-03,1.1901400E-03,9.8987500E-04,8.2460000E-04,6.8931200E-04,5.7756200E-04,4.8203300E-04,4.0278300E-04,3.3644800E-04,2.8173900E-04,2.3623700E-04,1.9777500E-04,1.6572200E-04,1.3870300E-04,1.1628100E-04,9.7456500E-05,8.1632300E-05,6.8189600E-05,5.7218600E-05,4.8043700E-05,4.0421500E-05,3.3895700E-05,2.8430900E-05
377.5,7.2761500E-01,6.1172600E-01,5.1147200E-01,4.2450300E-01,3.5055800E-01,2.8754500E-01,2.3110000E-01,1.8155600E-01,1.3856100E-01,1.0036900E-01,6.6243000E-02,3.8153700E-02,2.0052300E-02,9.9366800E-03,5.8781600E-03,3.8345500E-03,2.6854800E-03,2.0664100E-03,1.6942800E-03,1.4077000E-03,1.1734900E-03,9.7969200E-04,8.2087700E-04,6.8935200E-04,5.7661000E-04,4.8291300E-04,4.0430800E-04,3.3934700E-04,2.8512200E-04,2.3924700E-04,2.0089300E-04,1.6854400E-04,1.4162100E-04,1.1894600E-04,9.9866500E-05,8.3618300E-05,7.0323400E-05,5.9184400E-05,4.9910600E-05,4.1953100E-05,3.5272100E-05
382.5,6.0370300E-01,5.1168300E-01,4.3142900E-01,3.6119700E-01,3.0088000E-01,2.4897100E-01,2.0189400E-01,1.6005900E-01,1.2329000E-01,9.0168900E-02,6.0118600E-02,3.5011100E-02,1.8616900E-02,9.3370600E-03,5.5822100E-03,3.6778100E-03,2.6003400E-03,2.0191000E-03,1.6699400E-03,1.3997400E-03,1.1771100E-03,9.9113300E-04,8.3742800E-04,7.0933200E-04,5.9845800E-04,5.0551000E-04,4.2688300E-04,3.6130600E-04,3.0628500E-04,2.5912300E-04,2.1952000E-04,1.8572000E-04,1.5740000E-04,1.3336500E-04,1.1290100E-04,9.5340000E-05,8.0859400E-05,6.8636700E-05,5.8373600E-05,4.9485400E-05,4.1959400E-05
387.5,6.5932700E-01,5.6478700E-01,4.8143800E-01,4.0754900E-01,3.4334400E-01,2.8737500E-01,2.3577900E-01,1.8916000E-01,1.4749400E-01,1.0925100E-01,7.3842600E-02,4.3661300E-02,2.3594900E-02,1.2034300E-02,7.3014300E-03,4.8767000E-03,3.4930300E-03,2.7455300E-03,2.2980200E-03,1.9490800E-03,1.6578900E-03,1.4117100E-03,1.2063700E-03,1.0334100E-03,8.8174800E-04,7.5322900E-04,6.4323100E-04,5.5067100E-04,4.7202300E-04,4.0379700E-04,3.4572900E-04,2.9577000E-04,2.5344700E-04,2.1715500E-04,1.8593200E-04,1.5875900E-04,1.3615400E-04,1.1684900E-04,1.0047700E-04,8.6126400E-05,7.3842700E-05
392.5,7.1080800E-01,6.1270600E-01,5.2567200E-01,4.4794700E-01,3.7993500E-01,3.2019600E-01,2.6458100E-01,2.1385600E-01,1.6803800E-01,1.2553800E-01,8.5685400E-02,5.1254500E-02,2.8054100E-02,1.4502100E-02,8.8937300E-03,5.9962700E-03,4.3314900E-03,3.4295600E-03,2.8890700E-03,2.4655100E-03,2.1107400E-03,1.8090100E-03,1.5559800E-03,1.3413700E-03,1.1518500E-03,9.9022200E-04,8.5095700E-04,7.3296000E-04,6.3223100E-04,5.4438300E-04,4.6916400E-04,4.0390300E-04,3.4827500E-04,3.0020100E-04,2.5863400E-04,2.2223700E-04,1.9178800E-04,1.6564000E-04,1.4334000E-04,1.2363000E-04,1.0665400E-04
397.5,8.6484600E-01,7.5158300E-01,6.5017300E-01,5.5867300E-01,4.7784700E-01,4.0611000E-01,3.3845600E-01,2.7596400E-01,2.1882000E-01,1.6501900E-01,1.1379400E-01,6.8874100E-02,3.8181100E-02,2.0003500E-02,1.2409000E-02,8.4542300E-03,6.1667700E-03,4.9264900E-03,4.1857300E-03,3.6017500E-03,3.1088100E-03,2.6864400E-03,2.3302300E-03,2.0250900E-03,1.7529300E-03,1.5191500E-03,1.3161100E-03,1.1428200E-03,9.9417600E-04,8.6275200E-04,7.4941400E-04,6.5032400E-04,5.6522600E-04,4.9110300E-04,4.2648900E-04,3.6937800E-04,3.2131500E-04,2.7967700E-04,2.4392900E-04,2.1208000E-04,1.8439600E-04
402.5,1.1256500E+00,9.8739300E-01,8.6238500E-01,7.4831600E-01,6.4637100E-01,5.5480200E-01,4.6699600E-01,3.8458800E-01,3.0800300E-01,2.3462100E-01,1.6345700E-01,9.9995400E-02,5.6052000E-02,2.9702400E-02,1.8623200E-02,1.2820800E-02,9.4492600E-03,7.6275700E-03,6.5488900E-03,5.6946200E-03,4.9663500E-03,4.3358500E-03,3.7988400E-03,3.3354600E-03,2.9175300E-03,2.5542600E-03,2.2353700E-03,1.9602700E-03,1.7217600E-03,1.5093600E-03,1.3244100E-03,1.1608500E-03,1.0191600E-03,8.9471900E-04,7.8476100E-04,6.8649300E-04,6.0320900E-04,5.3031000E-04,4.6711600E-04,4.1018900E-04,3.6020800E-04
407.5,1.0949500E+00,9.6589000E-01,8.4855600E-01,7.4067400E-01,6.4365400E-01,5.5584700E-01,4.7069800E-01,3.8993000E-01,3.1408300E-01,2.4056900E-01,1.6845800E-01,1.0353500E-01,5.8291600E-02,3.1021300E-02,1.9540700E-02,1.3520100E-02,1.0018300E-02,8.1358300E-03,7.0310200E-03,6.1544400E-03,5.4035400E-03,4.7495200E-03,4.1887500E-03,3.7022600E-03,3.2598800E-03,2.8727300E-03,2.5307600E-03,2.2341600E-03,1.9753300E-03,1.7429700E-03,1.5397600E-03,1.3583600E-03,1.2003300E-03,1.0602900E-03,9.3601400E-04,8.2412200E-04,7.2881800E-04,6.4501400E-04,5.7195300E-04,5.0560500E-04,4.4693100E-04
412.5,1.1805200E+00,1.0436800E+00,9.1905800E-01,8.0414800E-01,7.0055300E-01,6.0649100E-01,5.1478600E-01,4.2738300E-01,3.4493800E-01,2.6463000E-01,1.8548600E-01,1.1403300E-01,6.4192100E-02,3.4143900E-02,2.1509900E-02,1.4892300E-02,1.1048000E-02,8.9898400E-03,7.7900500E-03,6.8383900E-03,6.0211900E-03,5.3076900E-03,4.6948900E-03,4.1619500E-03,3.6738200E-03,3.2468800E-03,2.8686800E-03,2.5399600E-03,2.2521900E-03,1.9928200E-03,1.7651400E-03,1.5618000E-03,1.3841200E-03,1.2261400E-03,1.0855900E-03,9.5851300E-04,8.5010800E-04,7.5454900E-04,6.7101700E-04,5.9478300E-04,5.2724800E-04
417.5,1.1933600E+00,1.0552000E+00,9.2941600E-01,8.1342300E-01,7.0882000E-01,6.1383000E-01,5.2113900E-01,4.3271300E-01,3.4924200E-01,2.6789200E-01,1.8773300E-01,1.1539500E-01,6.4947800E-02,3.4538900E-02,2.1740200E-02,1.5038200E-02,1.1147700E-02,9.0677200E-03,7.8580800E-03,6.9004700E-03,6.0784200E-03,5.3611500E-03,4.7448000E-03,4.2083600E-03,3.7168100E-03,3.2865100E-03,2.9049500E-03,2.5733400E-03,2.2829400E-03,2.0212700E-03,1.7913100E-03,1.5857100E-03,1.4060500E-03,1.2463300E-03,1.1041100E-03,9.7536400E-04,8.6555500E-04,7.6885400E-04,6.8427800E-04,6.0698200E-04,5.3839400E-04
422.5,1.1838900E+00,1.0457200E+00,9.2013700E-01,8.0458900E-01,7.0049600E-01,6.0609800E-01,5.1418200E-01,4.2665800E-01,3.4416800E-01,2.6399000E-01,1.8517600E-01,1.1412600E-01,6.4468300E-02,3.4429800E-02,2.1697400E-02,1.5008200E-02,1.1117300E-02,9.0310900E-03,7.8167800E-03,6.8554500E-03,6.0314700E-03,5.3131400E-03,4.6967200E-03,4.1612400E-03,3.6714200E-03,3.2429900E-03,2.8634500E-03,2.5336800E-03,2.2455900E-03,1.9861800E-03,1.7584500E-03,1.5552200E-03,1.3776700E-03,1.2199900E-03,1.0796800E-03,9.5284400E-04,8.4488400E-04,7.4957400E-04,6.6632400E-04,5.9046200E-04,5.2323400E-04
427.5,1.0914300E+00,9.6282900E-01,8.4617100E-01,7.3901000E-01,6.4266000E-01,5.5541700E-01,4.7067300E-01,3.9014300E-01,3.1444000E-01,2.4101200E-01,1.6903300E-01,1.0426300E-01,5.8981600E-02,3.1553600E-02,1.9879300E-02,1.3736700E-02,1.0161000E-02,8.2402800E-03,7.1211100E-03,6.2358600E-03,5.4787600E-03,4.8188700E-03,4.2544500E-03,3.7645100E-03,3.3177100E-03,2.9268500E-03,2.5810100E-03,2.2809600E-03,2.0192500E-03,1.7837800E-03,1.5775700E-03,1.3934300E-03,1.2329300E-03,1.0905000E-03,9.6388500E-04,8.4966200E-04,7.5243500E-04,6.6685100E-04,5.9212400E-04,5.2405000E-04,4.6383600E-04
432.5,1.0786200E+00,9.5000000E-01,8.3358000E-01,7.2691600E-01,6.3116700E-01,5.4466000E-01,4.6084300E-01,3.8139400E-01,3.0688900E-01,2.3483600E-01,1.6443000E-01,1.0126900E-01,5.7192300E-02,3.0542600E-02,1.9198000E-02,1.3234300E-02,9.7664500E-03,7.9032700E-03,6.8174600E-03,5.9604500E-03,5.2281300E-03,4.5908200E-03,4.0464900E-03,3.5752700E-03,3.1456500E-03,2.7708500E-03,2.4399800E-03,2.1535500E-03,1.9035700E-03,1.6791700E-03,1.4827900E-03,1.3078300E-03,1.1554600E-03,1.0204900E-03,9.0037800E-04,7.9254400E-04,7.0086700E-04,6.2028300E-04,5.5000200E-04,4.8605000E-04,4.2960700E-04
437.5,1.2570400E+00,1.1021600E+00,9.6273700E-01,8.3575000E-01,7.2243500E-01,6.2065600E-01,5.2289800E-01,4.3096000E-01,3.4542700E-01,2.6344100E-01,1.8406000E-01,1.1333800E-01,6.4071300E-02,3.4269400E-02,2.1498700E-02,1.4770200E-02,1.0853700E-02,8.7389000E-03,7.4990300E-03,6.5234000E-03,5.6920600E-03,4.9737700E-03,4.3628700E-03,3.8362900E-03,3.3597500E-03,2.9458900E-03,2.5818300E-03,2.2678600E-03,1.9955300E-03,1.7524000E-03,1.5404100E-03,1.3526000E-03,1.1896800E-03,1.0461400E-03,9.1928900E-04,8.0561500E-04,7.0934400E-04,6.2495200E-04,5.5169500E-04,4.8554800E-04,4.2730000E-04
442.5,1.3396700E+00,1.1689100E+00,1.0160800E+00,8.7783600E-01,7.5520500E-01,6.4579200E-01,5.4177000E-01,4.4484000E-01,3.5543200E-01,2.7055500E-01,1.8910300E-01,1.1689500E-01,6.6476800E-02,3.5811000E-02,2.2504900E-02,1.5448400E-02,1.1322600E-02,9.0727700E-03,7.7399400E-03,6.6923600E-03,5.8067200E-03,5.0443000E-03,4.3988800E-03,3.8457300E-03,3.3485800E-03,2.9195000E-03,2.5445600E-03,2.2233600E-03,1.9456200E-03,1.6991700E-03,1.4854300E-03,1.2972700E-03,1.1348900E-03,9.9245500E-04,8.6765000E-04,7.5632000E-04,6.6227700E-04,5.8036100E-04,5.0960800E-04,4.4601400E-04,3.9037600E-04
447.5,1.4043500E+00,1.2187900E+00,1.0537200E+00,9.0556400E-01,7.7499600E-01,6.5936500E-01,5.5077900E-01,4.5067300E-01,3.5921600E-01,2.7340500E-01,1.9187300E-01,1.1983200E-01,6.9107900E-02,3.7837300E-02,2.3947300E-02,1.6479700E-02,1.2070900E-02,9.6288600E-03,8.1562800E-03,7.0024500E-03,6.0327400E-03,5.2066100E-03,4.5091900E-03,3.9147300E-03,3.3868500E-03,2.9333700E-03,2.5396900E-03,2.2040800E-03,1.9158400E-03,1.6620400E-03,1.4433300E-03,1.2523000E-03,1.0882900E-03,9.4568600E-04,8.2122300E-04,7.1130600E-04,6.1876800E-04,5.3873400E-04,4.6992800E-04,4.0867000E-04,3.5541400E-04
452.5,1.4585700E+00,1.2629700E+00,1.0894600E+00,9.3430200E-01,7.9796400E-01,6.7763600E-01,5.6537800E-01,4.6241500E-01,3.6883200E-01,2.8138300E-01,1.9856200E-01,1.2524400E-01,7.3142800E-02,4.0613400E-02,2.5905500E-02,1.7907400E-02,1.3144000E-02,1.0473100E-02,8.8437600E-03,7.5644800E-03,6.4938700E-03,5.5842500E-03,4.8191000E-03,4.1687800E-03,3.5932200E-03,3.1011100E-03,2.6759500E-03,2.3146700E-03,2.0051600E-03,1.7340600E-03,1.5010600E-03,1.2981100E-03,1.1244500E-03,9.7372700E-04,8.4289500E-04,7.2782600E-04,6.3117900E-04,5.4773600E-04,4.7630000E-04,4.1285700E-04,3.5790600E-04
457.5,1.4656800E+00,1.2715200E+00,1.0990000E+00,9.4446500E-01,8.0843200E-01,6.8819500E-01,5.7597700E-01,4.7287000E-01,3.7892200E-01,2.9089900E-01,2.0716900E-01,1.3241600E-01,7.8552300E-02,4.4370100E-02,2.8630800E-02,1.9961400E-02,1.4745600E-02,1.1790100E-02,9.9715700E-03,8.5406500E-03,7.3408500E-03,6.3197800E-03,5.4595200E-03,4.7267300E-03,4.0794400E-03,3.5252900E-03,3.0454100E-03,2.6369400E-03,2.2865700E-03,1.9803800E-03,1.7162200E-03,1.4860000E-03,1.2887600E-03,1.1171900E-03,9.6814300E-04,8.3708700E-04,7.2674600E-04,6.3143000E-04,5.4956300E-04,4.7692200E-04,4.1395000E-04
462.5,1.4564800E+00,1.2664400E+00,1.0972300E+00,9.4534700E-01,8.1132700E-01,6.9259100E-01,5.8155800E-01,4.7930600E-01,3.8585200E-01,2.9795200E-01,2.1387600E-01,1.3816100E-01,8.2966100E-02,4.7478700E-02,3.0930200E-02,2.1726700E-02,1.6145000E-02,1.2957000E-02,1.0982200E-02,9.4225200E-03,8.1124200E-03,6.9961300E-03,6.0537900E-03,5.2503900E-03,4.5380200E-03,3.9278300E-03,3.3992700E-03,2.9484100E-03,2.5607200E-03,2.2207600E-03,1.9278400E-03,1.6721200E-03,1.4525500E-03,1.2615100E-03,1.0952000E-03,9.4863900E-04,8.2494000E-04,7.1773900E-04,6.2580400E-04,5.4403500E-04,4.7304300E-04
467.5,1.4556000E+00,1.2668900E+00,1.0987500E+00,9.4776500E-01,8.1442600E-01,6.9621200E-01,5.8574800E-01,4.8401000E-01,3.9093200E-01,3.0329500E-01,2.1925400E-01,1.4310000E-01,8.6997500E-02,5.0458300E-02,3.3166200E-02,2.3448700E-02,1.7506400E-02,1.4080800E-02,1.1938400E-02,1.0245100E-02,8.8226800E-03,7.6105000E-03,6.5859300E-03,5.7126300E-03,4.9422000E-03,4.2788600E-03,3.7041400E-03,3.2139800E-03,2.7921000E-03,2.4222700E-03,2.1033100E-03,1.8248900E-03,1.5857200E-03,1.3777300E-03,1.1963900E-03,1.0368000E-03,9.0178200E-04,7.8494700E-04,6.8443100E-04,5.9539900E-04,5.1782200E-04
472.5,1.4671500E+00,1.2765200E+00,1.1067800E+00,9.5470000E-01,8.2036600E-01,7.0132100E-01,5.9044600E-01,4.8855000E-01,3.9547000E-01,3.0795100E-01,2.2404100E-01,1.4771500E-01,9.0913600E-02,5.3447600E-02,3.5428900E-02,2.5190600E-02,1.8875200E-02,1.5195500E-02,1.2873300E-02,1.1033600E-02,9.4890000E-03,8.1707600E-03,7.0618800E-03,6.1167300E-03,5.2832800E-03,4.5685700E-03,3.9505400E-03,3.4233600E-03,2.9704100E-03,2.5738000E-03,2.2325400E-03,1.9350300E-03,1.6796200E-03,1.4573300E-03,1.2642600E-03,1.0946100E-03,9.5112400E-04,8.2697600E-04,7.2041100E-04,6.2588300E-04,5.4385200E-04
477.5,1.4995700E+00,1.3010500E+00,1.1248800E+00,9.6756000E-01,8.2920100E-01,7.0711700E-01,5.9421100E-01,4.9105400E-01,3.9735800E-01,3.0982700E-01,2.2637300E-01,1.5052500E-01,9.3670800E-02,5.5761900E-02,3.7202300E-02,2.6538900E-02,1.9906400E-02,1.5994600E-02,1.3495300E-02,1.1520200E-02,9.8670500E-03,8.4657000E-03,7.2893300E-03,6.2880000E-03,5.4094600E-03,4.6595700E-03,4.0137400E-03,3.4650200E-03,2.9953300E-03,2.5857600E-03,2.2350300E-03,1.9300400E-03,1.6687900E-03,1.4431700E-03,1.2475700E-03,1.0762800E-03,9.3177000E-04,8.0706700E-04,7.0034000E-04,6.0634500E-04,5.2498300E-04
482.5,1.4861000E+00,1.2859800E+00,1.1089300E+00,9.5144900E-01,8.1339200E-01,6.9202600E-01,5.8048000E-01,4.7919600E-01,3.8764400E-01,3.0259900E-01,2.2190200E-01,1.4859800E-01,9.3310200E-02,5.6110100E-02,3.7636900E-02,2.6924700E-02,2.0213800E-02,1.6213400E-02,1.3633300E-02,1.1593100E-02,9.8914800E-03,8.4545100E-03,7.2497300E-03,6.2303400E-03,5.3404000E-03,4.5832900E-03,3.9336900E-03,3.3836300E-03,2.9138000E-03,2.5062400E-03,2.1578400E-03,1.8566800E-03,1.5997500E-03,1.3782800E-03,1.1873700E-03,1.0209400E-03,8.8060900E-04,7.6017800E-04,6.5729800E-04,5.6712100E-04,4.8941300E-04
487.5,1.3821500E+00,1.1932600E+00,1.0266000E+00,8.7888400E-01,7.4978800E-01,6.3666500E-01,5.3338200E-01,4.3999400E-01,3.5596700E-01,2.7830600E-01,2.0488100E-01,1.3816200E-01,8.7525400E-02,5.3146900E-02,3.5848500E-02,2.5726800E-02,1.9340500E-02,1.5492600E-02,1.2983300E-02,1.1000900E-02,9.3528800E-03,7.9659900E-03,6.8064600E-03,5.8270200E-03,4.9787600E-03,4.2574900E-03,3.6420500E-03,3.1225000E-03,2.6797900E-03,2.2975600E-03,1.9715500E-03,1.6908400E-03,1.4519700E-03,1.2468300E-03,1.0706300E-03,9.1766200E-04,7.8913100E-04,6.7904100E-04,5.8518000E-04,5.0314100E-04,4.3277400E-04
492.5,1.4678000E+00,1.2603200E+00,1.0783500E+00,9.1823500E-01,7.7919000E-01,6.5820500E-01,5.4895700E-01,4.5113400E-01,3.6391800E-01,2.8412800E-01,2.0940100E-01,1.4178900E-01,9.0326200E-02,5.5195100E-02,3.7322500E-02,2.6789300E-02,2.0105700E-02,1.6032300E-02,1.3349600E-02,1.1231200E-02,9.4803800E-03,8.0181500E-03,6.8007200E-03,5.7825300E-03,4.9062000E-03,4.1680000E-03,3.5418000E-03,3.0160200E-03,2.5709200E-03,2.1896100E-03,1.8663700E-03,1.5901300E-03,1.3563900E-03,1.1572400E-03,9.8713100E-04,8.4073800E-04,7.1817100E-04,6.1393900E-04,5.2559300E-04,4.4902600E-04,3.8374800E-04
497.5,1.4511300E+00,1.2344400E+00,1.0463000E+00,8.8266600E-01,7.4203700E-01,6.2112400E-01,5.1366000E-01,4.1897700E-01,3.3583400E-01,2.6104300E-01,1.9211900E-01,1.3041900E-01,8.3465000E-02,5.1289300E-02,3.4695600E-02,2.4838800E-02,1.8548600E-02,1.4664100E-02,1.2071000E-02,1.0038300E-02,8.3772700E-03,7.0007200E-03,5.8717400E-03,4.9357700E-03,4.1416500E-03,3.4796400E-03,2.9244600E-03,2.4621300E-03,2.0759000E-03,1.7485700E-03,1.4744300E-03,1.2427300E-03,1.0486500E-03,8.8507600E-04,7.4706600E-04,6.2966900E-04,5.3218300E-04,4.5007600E-04,3.8114200E-04,3.2229500E-04,2.7254600E-04
502.5,1.3954800E+00,1.1671900E+00,9.7251400E-01,8.0650500E-01,6.6658100E-01,5.4860900E-01,4.4646000E-01,3.5871600E-01,2.8354200E-01,2.1779100E-01,1.5892000E-01,1.0741600E-01,6.8586400E-02,4.2087700E-02,2.8271000E-02,2.0031500E-02,1.4767400E-02,1.1480800E-02,9.2698900E-03,7.5570600E-03,6.1836300E-03,5.0708300E-03,4.1701500E-03,3.4380300E-03,2.8306300E-03,2.3330600E-03,1.9245200E-03,1.5900300E-03,1.3158000E-03,1.0882900E-03,9.0091600E-04,7.4563900E-04,6.1793800E-04,5.1215000E-04,4.2458900E-04,3.5157500E-04,2.9182900E-04,2.4240600E-04,2.0163100E-04,1.6752500E-04,1.3921900E-04
507.5,1.4534200E+00,1.1820100E+00,9.5728600E-01,7.7166600E-01,6.1988200E-01,4.9589300E-01,3.9262000E-01,3.0712900E-01,2.3660600E-01,1.7744400E-01,1.2683500E-01,8.4313000E-02,5.3050800E-02,3.2105500E-02,2.1142800E-02,1.4640900E-02,1.0523600E-02,7.9477200E-03,6.2164000E-03,4.9112200E-03,3.8958200E-03,3.0983600E-03,2.4720200E-03,1.9773300E-03,1.5806000E-03,1.2652600E-03,1.0135300E-03,8.1320000E-04,6.5360800E-04,5.2554700E-04,4.2281700E-04,3.4020700E-04,2.7412400E-04,2.2099000E-04,1.7823100E-04,1.4363000E-04,1.1602500E-04,9.3833900E-05,7.6021700E-05,6.1535600E-05,4.9836600E-05
512.5,1.4190600E+00,1.1155100E+00,8.7294100E-01,6.7992200E-01,5.2770500E-01,4.0791300E-01,3.1229200E-01,2.3639800E-01,1.7639400E-01,1.2834600E-01,8.9267000E-02,5.7947600E-02,3.5661900E-02,2.1122400E-02,1.3539200E-02,9.1003700E-03,6.3366100E-03,4.6215000E-03,3.4843200E-03,2.6536300E-03,2.0299900E-03,1.5579100E-03,1.2000500E-03,9.2701400E-04,7.1605400E-04,5.5418200E-04,4.2943500E-04,3.3349600E-04,2.5944200E-04,2.0195200E-04,1.5747300E-04,1.2289400E-04,9.6099500E-05,7.5245700E-05,5.8976300E-05,4.6242500E-05,3.6375200E-05,2.8671200E-05,2.2666900E-05,1.7930900E-05,1.4215400E-05
517.5,1.3156700E+00,1.0146000E+00,7.7878800E-01,5.9499700E-01,4.5299900E-01,3.4353400E-01,2.5820300E-01,1.9199900E-01,1.4084700E-01,1.0090900E-01,6.9284000E-02,4.4543000E-02,2.7194100E-02,1.5991100E-02,1.0128900E-02,6.7110700E-03,4.5979800E-03,3.2910100E-03,2.4306300E-03,1.8127400E-03,1.3603300E-03,1.0236200E-03,7.7310100E-04,5.8579300E-04,4.4409500E-04,3.3746400E-04,2.5686800E-04,1.9599700E-04,1.4991400E-04,1.1479000E-04,8.8093100E-05,6.7723900E-05,5.2201800E-05,4.0336500E-05,3.1219700E-05,2.4204200E-05,1.8843800E-05,1.4719400E-05,1.1543500E-05,9.0758300E-06,7.1626100E-06
522.5,1.4113400E+00,1.0856100E+00,8.3117200E-01,6.3370300E-01,4.8131900E-01,3.6418400E-01,2.7323400E-01,2.0290700E-01,1.4877400E-01,1.0666600E-01,7.3435900E-02,4.7466000E-02,2.9178200E-02,1.7288700E-02,1.0997400E-02,7.3023900E-03,5.0061000E-03,3.5766700E-03,2.6359700E-03,1.9594600E-03,1.4635900E-03,1.0973200E-03,8.2566500E-04,6.2322500E-04,4.7072400E-04,3.5629900E-04,2.7019500E-04,2.0534600E-04,1.5642000E-04,1.1927700E-04,9.1151900E-05,6.9759600E-05,5.3520600E-05,4.1144700E-05,3.1699100E-05,2.4454300E-05,1.8936100E-05,1.4709300E-05,1.1470600E-05,8.9652100E-06,7.0304900E-06
527.5,1.3886900E+00,1.0635500E+00,8.1074700E-01,6.1530400E-01,4.6535100E-01,3.5065000E-01,2.6209700E-01,1.9400900E-01,1.4187700E-01,1.0156400E-01,6.9951900E-02,4.5353200E-02,2.8008400E-02,1.6687100E-02,1.0633100E-02,7.0589200E-03,4.8310400E-03,3.4387100E-03,2.5184100E-03,1.8623700E-03,1.3842200E-03,1.0325300E-03,7.7310700E-04,5.8068400E-04,4.3651300E-04,3.2882300E-04,2.4813200E-04,1.8761000E-04,1.4223900E-04,1.0801800E-04,8.2180800E-05,6.2634900E-05,4.7858300E-05,3.6650200E-05,2.8120300E-05,2.1610000E-05,1.6670700E-05,1.2901400E-05,1.0023800E-05,7.8066300E-06,6.1027600E-06
532.5,1.4052100E+00,1.0682500E+00,8.0830400E-01,6.0894500E-01,4.5717100E-01,3.4199400E-01,2.5383300E-01,1.8670200E-01,1.3572700E-01,9.6668700E-02,6.6355200E-02,4.2973700E-02,2.6542700E-02,1.5826400E-02,1.0061500E-02,6.6527800E-03,4.5295200E-03,3.2020900E-03,2.3264400E-03,1.7069000E-03,1.2587800E-03,9.3172300E-04,6.9243400E-04,5.1615000E-04,3.8515800E-04,2.8809300E-04,2.1588800E-04,1.6216900E-04,1.2214700E-04,9.2136400E-05,6.9669400E-05,5.2786400E-05,4.0108300E-05,3.0549700E-05,2.3325100E-05,1.7848200E-05,1.3713700E-05,1.0578300E-05,8.1963100E-06,6.3671300E-06,4.9690400E-06
537.5,1.4175300E+00,1.0679100E+00,8.0072400E-01,5.9780700E-01,4.4480400E-01,3.2977700E-01,2.4265400E-01,1.7699100E-01,1.2767000E-01,9.0301400E-02,6.1655300E-02,3.9802800E-02,2.4536400E-02,1.4611100E-02,9.2473400E-03,6.0774400E-03,4.1083500E-03,2.8792500E-03,2.0719200E-03,1.5055400E-03,1.0998400E-03,8.0683600E-04,5.9413000E-04,4.3902800E-04,3.2484000E-04,2.4096900E-04,1.7916300E-04,1.3358300E-04,9.9889000E-05,7.4843700E-05,5.6235000E-05,4.2359800E-05,3.2018000E-05,2.4287600E-05,1.8479900E-05,1.4102100E-05,1.0813700E-05,8.3325600E-06,6.4614600E-06,5.0273000E-06,3.9316500E-06
542.5,1.3896000E+00,1.0317100E+00,7.6232500E-01,5.6085600E-01,4.1125400E-01,3.0049600E-01,2.1798000E-01,1.5680900E-01,1.1159800E-01,7.7936800E-02,5.2602600E-02,3.3628500E-02,2.0549100E-02,1.2136000E-02,7.5961700E-03,4.9312300E-03,3.2899900E-03,2.2729400E-03,1.6113300E-03,1.1539500E-03,8.3115900E-04,6.0135800E-04,4.3701100E-04,3.1880900E-04,2.3305100E-04,1.7089600E-04,1.2569600E-04,9.2781300E-05,6.8754200E-05,5.1107800E-05,3.8143500E-05,2.8584700E-05,2.1520200E-05,1.6281100E-05,1.2379900E-05,9.4615600E-06,7.2801900E-06,5.6400300E-06,4.4020600E-06,3.4584200E-06,2.7366400E-06
547.5,1.3998000E+00,1.0149900E+00,7.3233100E-01,5.2603900E-01,3.7664800E-01,2.6876500E-01,1.9047100E-01,1.3386500E-01,9.3088600E-02,6.3584700E-02,4.2026100E-02,2.6357300E-02,1.5814500E-02,9.1749400E-03,5.6249000E-03,3.5726200E-03,2.3308100E-03,1.5733500E-03,1.0897700E-03,7.6295500E-04,5.3772600E-04,3.8100700E-04,2.7136000E-04,1.9427300E-04,1.3957100E-04,1.0073700E-04,7.3051400E-05,5.3261200E-05,3.9074400E-05,2.8831000E-05,2.1422400E-05,1.6029800E-05,1.2094400E-05,9.2042000E-06,7.0659700E-06,5.4711000E-06,4.2788000E-06,3.3799400E-06,2.6974300E-06,2.1718900E-06,1.7643300E-06
552.5,1.4036300E+00,9.9563700E-01,7.0265800E-01,4.9373900E-01,3.4580100E-01,2.4137000E-01,1.6739200E-01,1.1515300E-01,7.8422500E-02,5.2486300E-02,3.4040000E-02,2.0989400E-02,1.2396100E-02,7.0834800E-03,4.2637200E-03,2.6557400E-03,1.6982400E-03,1.1226800E-03,7.6142700E-04,5.2251200E-04,3.6133100E-04,2.5150000E-04,1.7623400E-04,1.2432100E-04,8.8184300E-05,6.2980800E-05,4.5308700E-05,3.2873300E-05,2.4070800E-05,1.7787700E-05,1.3289000E-05,1.0037800E-05,7.6715400E-06,5.9352200E-06,4.6463000E-06,3.6787600E-06,2.9465900E-06,2.3868500E-06,1.9538800E-06,1.6141000E-06,1.3438400E-06
557.5,1.3687500E+00,9.5776300E-01,6.6675200E-01,4.6215600E-01,3.1928200E-01,2.1986100E-01,1.5045800E-01,1.0217000E-01,6.8709500E-02,4.5444100E-02,2.9159800E-02,1.7824600E-02,1.0448100E-02,5.9301500E-03,3.5348500E-03,2.1778300E-03,1.3766700E-03,8.9894000E-04,6.0224300E-04,4.0850800E-04,2.7948400E-04,1.9263900E-04,1.3384500E-04,9.3778600E-05,6.6178600E-05,4.7109100E-05,3.3856600E-05,2.4595000E-05,1.8079500E-05,1.3452600E-05,1.0142300E-05,7.7494800E-06,6.0026800E-06,4.7138300E-06,3.7488900E-06,3.0171000E-06,2.4558400E-06,2.0203100E-06,1.6783500E-06,1.4052900E-06,1.1844500E-06
562.5,1.3860200E+00,9.5817400E-01,6.5898200E-01,4.5127200E-01,3.0801800E-01,2.0956400E-01,1.4168400E-01,9.5103600E-02,6.3236900E-02,4.1375700E-02,2.6291800E-02,1.5940700E-02,9.2778000E-03,5.2323200E-03,3.0915800E-03,1.8864100E-03,1.1805000E-03,7.6279200E-04,5.0562100E-04,3.3962200E-04,2.3026600E-04,1.5744000E-04,1.0863900E-04,7.5682600E-05,5.3198100E-05,3.7788600E-05,2.7153100E-05,1.9761100E-05,1.4584700E-05,1.0919000E-05,8.2966100E-06,6.3987300E-06,5.0082400E-06,3.9759200E-06,3.1978600E-06,2.6016800E-06,2.1392000E-06,1.7762800E-06,1.4877700E-06,1.2548600E-06,1.0642800E-06
567.5,1.3612600E+00,9.2244600E-01,6.2181400E-01,4.1736200E-01,2.7924300E-01,1.8624900E-01,1.2348600E-01,8.1269000E-02,5.3008600E-02,3.4041000E-02,2.1249100E-02,1.2672600E-02,7.2611900E-03,4.0335300E-03,2.3430800E-03,1.4050900E-03,8.6428400E-04,5.4896900E-04,3.5791100E-04,2.3676700E-04,1.5847900E-04,1.0723500E-04,7.3409200E-05,5.0895200E-05,3.5729300E-05,2.5446400E-05,1.8406400E-05,1.3536400E-05,1.0133200E-05,7.7181700E-06,5.9799700E-06,4.7102600E-06,3.7652200E-06,3.0515800E-06,2.5025800E-06,2.0728600E-06,1.7314300E-06,1.4573700E-06,1.2349200E-06,1.0518200E-06,8.9905900E-07
572.5,1.3719900E+00,8.9758600E-01,5.8405500E-01,3.7841800E-01,2.4438600E-01,1.5736000E-01,1.0072400E-01,6.4019200E-02,4.0340000E-02,2.5035600E-02,1.5114400E-02,8.7271500E-03,4.8443100E-03,2.6086600E-03,1.4678400E-03,8.5335200E-04,5.0962400E-04,3.1479600E-04,2.0022400E-04,1.2976300E-04,8.5492700E-05,5.7260000E-05,3.9074500E-05,2.7205400E-05,1.9333400E-05,1.4043100E-05,1.0429600E-05,7.9193800E-06,6.1423100E-06,4.8563100E-06,3.9047100E-06,3.1858000E-06,2.6302200E-06,2.1937400E-06,1.8443700E-06,1.5600300E-06,1.3254500E-06,1.1311300E-06,9.6902500E-07,8.3247000E-07,7.1618300E-07
577.5,1.3700400E+00,8.4846800E-01,5.2251600E-01,3.2040500E-01,1.9586400E-01,1.1938000E-01,7.2373900E-02,4.3580400E-02,2.6023300E-02,1.5319200E-02,8.7829500E-03,4.8235800E-03,2.5505200E-03,1.3107800E-03,7.0464400E-04,3.9278800E-04,2.2603500E-04,1.3535100E-04,8.4152200E-05,5.3936400E-05,3.5611000E-05,2.4254900E-05,1.7064900E-05,1.2405800E-05,9.2991500E-06,7.1646600E-06,5.6549800E-06,4.5537100E-06,3.7283800E-06,3.0931900E-06,2.5907500E-06,2.1863700E-06,1.8548300E-06,1.5807000E-06,1.3512800E-06,1.1575200E-06,9.9235100E-07,8.5246600E-07,7.3367400E-07,6.3235700E-07,5.4503700E-07
582.5,1.3889600E+00,7.8630900E-01,4.4254100E-01,2.4801100E-01,1.3859100E-01,7.7263700E-02,4.2871400E-02,2.3651300E-02,1.2962600E-02,7.0221000E-03,3.7207300E-03,1.9001900E-03,9.4112500E-04,4.5705500E-04,2.3396200E-04,1.2593400E-04,7.1239500E-05,4.2769800E-05,2.7316100E-05,1.8489200E-05,1.3192700E-05,9.8570700E-06,7.6439500E-06,6.1064200E-06,4.9858100E-06,4.1301700E-06,3.4581300E-06,2.9160800E-06,2.4728200E-06,2.1058700E-06,1.7972800E-06,1.5371100E-06,1.3156800E-06,1.1279000E-06,9.6764400E-07,8.3059200E-07,7.1233900E-07,6.1175300E-07,5.2604300E-07,4.5290500E-07,3.8973200E-07
587.5,1.2945600E+00,6.4696700E-01,3.2140900E-01,1.5905500E-01,7.8540400E-02,3.8737600E-02,1.9059300E-02,9.3583200E-03,4.5960200E-03,2.2577500E-03,1.1065100E-03,5.3799100E-04,2.6199900E-04,1.2926700E-04,6.8532800E-05,3.9337800E-05,2.4355200E-05,1.6244200E-05,1.1643300E-05,8.8650500E-06,7.0330400E-06,5.7288100E-06,4.7423800E-06,3.9708500E-06,3.3493900E-06,2.8341600E-06,2.4050300E-06,2.0435800E-06,1.7398600E-06,1.4843400E-06,1.2665600E-06,1.0819900E-06,9.2411400E-07,7.9032600E-07,6.7616900E-07,5.7875200E-07,4.9460100E-07,4.2338000E-07,3.6292000E-07,3.1153300E-07,2.6718500E-07
592.5,1.2706300E+00,5.4305300E-01,2.3075500E-01,9.7747600E-02,4.1374800E-02,1.7545300E-02,7.4666600E-03,3.2105100E-03,1.4148200E-03,6.5160300E-04,3.2033800E-04,1.6868400E-04,9.3306900E-05,5.2915700E-05,3.1470000E-05,2.0075700E-05,1.3610200E-05,9.7408600E-06,7.3791800E-06,5.8616000E-06,4.7838400E-06,3.9629400E-06,3.3083300E-06,2.7797500E-06,2.3455500E-06,1.9807200E-06,1.6756100E-06,1.4178900E-06,1.2018800E-06,1.0208600E-06,8.6692300E-07,7.3718600E-07,6.2654000E-07,5.3341500E-07,4.5426300E-07,3.8711800E-07,3.2913900E-07,2.8040800E-07,2.3929900E-07,2.0457800E-07,1.7465800E-07
597.5,1.3036100E+00,4.3897600E-01,1.4707900E-01,4.9216100E-02,1.6524000E-02,5.6169600E-03,1.9682300E-03,7.4081100E-04,3.2073900E-04,1.6885100E-04,1.0598500E-04,7.1732300E-05,4.7393200E-05,2.9836000E-05,1.8615000E-05,1.2275600E-05,8.5095600E-06,6.1647900E-06,4.7138200E-06,3.7723700E-06,3.0871600E-06,2.5547000E-06,2.1240900E-06,1.7757900E-06,1.4901000E-06,1.2503300E-06,1.0511500E-06,8.8337700E-07,7.4386200E-07,6.2797600E-07,5.2980300E-07,4.4786000E-07,3.7820100E-07,3.2015500E-07,2.7107100E-07,2.2975300E-07,1.9403700E-07,1.6434400E-07,1.3950600E-07,1.1867800E-07,1.0074000E-07
602.5,1.3215800E+00,3.4776400E-01,9.1178600E-02,2.3943000E-02,6.3678000E-03,1.7661100E-03,5.5004600E-04,2.1892200E-04,1.2022200E-04,8.3198700E-05,6.2984700E-05,4.6770200E-05,3.1889400E-05,2.0157100E-05,1.2452800E-05,8.1801000E-06,5.6506600E-06,4.0658300E-06,3.0922000E-06,2.4641000E-06,2.0040100E-06,1.6459000E-06,1.3562800E-06,1.1240700E-06,9.3534700E-07,7.7794000E-07,6.4865500E-07,5.4024900E-07,4.5108500E-07,3.7793300E-07,3.1627300E-07,2.6544300E-07,2.2239900E-07,1.8699400E-07,1.5721900E-07,1.3242000E-07,1.1091800E-07,9.3291200E-08,7.8713800E-08,6.6587400E-08,5.6145500E-08
607.5,1.3296900E+00,3.1225900E-01,7.3116700E-02,1.7175400E-02,4.1116700E-03,1.0498700E-03,3.2144900E-04,1.3869100E-04,8.4937500E-05,6.2667600E-05,4.8680700E-05,3.6454400E-05,2.4802400E-05,1.5564000E-05,9.4799500E-06,6.1559700E-06,4.2002400E-06,2.9731800E-06,2.2253200E-06,1.7496100E-06,1.4045800E-06,1.1393200E-06,9.2676300E-07,7.5881800E-07,6.2439900E-07,5.1343800E-07,4.2362900E-07,3.4883500E-07,2.8813600E-07,2.3913900E-07,1.9812400E-07,1.6484300E-07,1.3678600E-07,1.1409200E-07,9.5140200E-08,7.9575000E-08,6.5997200E-08,5.5059200E-08,4.6138500E-08,3.8803600E-08,3.2479400E-08
612.5,1.2961300E+00,2.9628700E-01,6.7541000E-02,1.5452300E-02,3.6029200E-03,8.9760100E-04,2.6975700E-04,1.1532100E-04,7.0279500E-05,5.1598900E-05,3.9959100E-05,2.9884100E-05,2.0239700E-05,1.2604100E-05,7.5501800E-06,4.8207300E-06,3.2298800E-06,2.2341800E-06,1.6339400E-06,1.2607700E-06,9.9542200E-07,7.9534700E-07,6.3713100E-07,5.1435600E-07,4.1800600E-07,3.3939900E-07,2.7685300E-07,2.2511900E-07,1.8376800E-07,1.5104700E-07,1.2382700E-07,1.0216300E-07,8.3945200E-08,6.9505900E-08,5.7525000E-08,4.7851700E-08,3.9287200E-08,3.2536600E-08,2.7117400E-08,2.2730200E-08,1.8917900E-08
617.5,1.2907700E+00,2.8640700E-01,6.3380200E-02,1.4076700E-02,3.1864000E-03,7.7122100E-04,2.2607000E-04,9.5192200E-05,5.7540800E-05,4.1995000E-05,3.2425500E-05,2.4227500E-05,1.6327500E-05,1.0080400E-05,5.9238100E-06,3.7110100E-06,2.4363400E-06,1.6416200E-06,1.1695900E-06,8.8435100E-07,6.8607900E-07,5.3968000E-07,4.2542400E-07,3.3852300E-07,2.7178500E-07,2.1793900E-07,1.7589000E-07,1.4125000E-07,1.1401700E-07,9.2952300E-08,7.5482000E-08,6.1893100E-08,5.0433100E-08,4.1571400E-08,3.4241300E-08,2.8438400E-08,2.3145700E-08,1.9084900E-08,1.5885100E-08,1.3335600E-08,1.1076600E-08
622.5,1.2921400E+00,2.7479800E-01,5.8300500E-02,1.2418200E-02,2.6989000E-03,6.3034500E-04,1.8114900E-04,7.6474600E-05,4.6601300E-05,3.4080500E-05,2.6324900E-05,1.9680600E-05,1.3208100E-05,8.0897400E-06,4.6677200E-06,2.8727400E-06,1.8500500E-06,1.2147000E-06,8.4328300E-07,6.2519700E-07,4.7690600E-07,3.6962800E-07,2.8686400E-07,2.2520600E-07,1.7888100E-07,1.4185000E-07,1.1348500E-07,9.0155400E-08,7.2093000E-08,5.8463500E-08,4.7144300E-08,3.8565200E-08,3.1258000E-08,2.5764700E-08,2.1210800E-08,1.7678600E-08,1.4308300E-08,1.1799300E-08,9.8604200E-09,8.3388400E-09,6.9441800E-09
627.5,1.2612700E+00,2.5682500E-01,5.2184700E-02,1.0652200E-02,2.2239500E-03,5.0386700E-04,1.4453400E-04,6.2797800E-05,3.9220400E-05,2.8921500E-05,2.2377000E-05,1.6733100E-05,1.1202200E-05,6.8304600E-06,3.9030900E-06,2.3795600E-06,1.5156000E-06,9.7945900E-07,6.6883700E-07,4.8928500E-07,3.6876900E-07,2.8277300E-07,2.1699000E-07,1.6871000E-07,1.3299900E-07,1.0464600E-07,8.3248100E-08,6.5641000E-08,5.2194300E-08,4.2219700E-08,3.3920000E-08,2.7747000E-08,2.2441000E-08,1.8536800E-08,1.5285300E-08,1.2800800E-08,1.0337900E-08,8.5448100E-09,7.1788900E-09,6.1146800E-09,5.1104200E-09
632.5,1.2613600E+00,2.4476800E-01,4.7412600E-02,9.2332500E-03,1.8453500E-03,4.0593500E-04,1.1749900E-04,5.3339900E-05,3.4383500E-05,2.5611400E-05,1.9836900E-05,1.4816500E-05,9.9042300E-06,6.0298300E-06,3.4419900E-06,2.0961500E-06,1.3316200E-06,8.5660400E-07,5.8162900E-07,4.2286100E-07,3.1659300E-07,2.4119800E-07,1.8385600E-07,1.4209800E-07,1.1143700E-07,8.7233200E-08,6.9114600E-08,5.4242200E-08,4.2967900E-08,3.4677000E-08,2.7781100E-08,2.2706100E-08,1.8330500E-08,1.5146000E-08,1.2490800E-08,1.0476300E-08,8.4476500E-09,6.9872500E-09,5.8839500E-09,5.0250600E-09,4.2037800E-09
637.5,1.2685100E+00,2.2914200E-01,4.1341600E-02,7.5099200E-03,1.4098500E-03,2.9997000E-04,9.0283400E-05,4.4544900E-05,3.0140400E-05,2.2778000E-05,1.7671200E-05,1.3176400E-05,8.7947300E-06,5.3493400E-06,3.0598600E-06,1.8680800E-06,1.1880800E-06,7.6461200E-07,5.1898800E-07,3.7645100E-07,2.8080500E-07,2.1307000E-07,1.6174500E-07,1.2453000E-07,9.7274200E-08,7.5865100E-08,5.9913100E-08,4.6861000E-08,3.7013900E-08,2.9796700E-08,2.3812400E-08,1.9430700E-08,1.5655600E-08,1.2924600E-08,1.0646200E-08,8.9234400E-09,7.1833800E-09,5.9382200E-09,5.0037800E-09,4.2726600E-09,3.5715100E-09
642.5,1.2537800E+00,2.1231300E-01,3.5929300E-02,6.1317500E-03,1.0900800E-03,2.2719400E-04,7.2056000E-05,3.8307000E-05,2.6819400E-05,2.0432100E-05,1.5851500E-05,1.1801900E-05,7.8695900E-06,4.7840000E-06,2.7400700E-06,1.6755500E-06,1.0660900E-06,6.8601900E-07,4.6528400E-07,3.3672000E-07,2.5034800E-07,1.8928700E-07,1.4318800E-07,1.0988400E-07,8.5548800E-08,6.6515700E-08,5.2390600E-08,4.0865200E-08,3.2205200E-08,2.5874600E-08,2.0639200E-08,1.6820100E-08,1.3532400E-08,1.1165400E-08,9.1898200E-09,7.6990400E-09,6.1902700E-09,5.1157200E-09,4.3133900E-09,3.6836300E-09,3.0767300E-09
647.5,1.2006500E+00,1.9153400E-01,3.0552800E-02,4.9247800E-03,8.3544600E-04,1.7335600E-04,5.8835600E-05,3.3493200E-05,2.4052600E-05,1.8430800E-05,1.4325000E-05,1.0685600E-05,7.1280400E-06,4.3290600E-06,2.4703600E-06,1.5069900E-06,9.5583900E-07,6.1224800E-07,4.1353400E-07,2.9823000E-07,2.2095000E-07,1.6651400E-07,1.2552500E-07,9.6067200E-08,7.4619600E-08,5.7890100E-08,4.5534300E-08,3.5449600E-08,2.7903700E-08,2.2411100E-08,1.7863900E-08,1.4567200E-08,1.1717800E-08,9.6804300E-09,7.9741100E-09,6.6907000E-09,5.3774500E-09,4.4484300E-09,3.7588900E-09,3.2144000E-09,2.6866100E-09
652.5,1.1987600E+00,1.6875000E-01,2.3784000E-02,3.4032800E-03,5.2646100E-04,1.1091300E-04,4.4190800E-05,2.8268300E-05,2.1133500E-05,1.6463900E-05,1.3017700E-05,9.8933500E-06,6.6407800E-06,4.0195200E-06,2.2410100E-06,1.3471600E-06,8.4258600E-07,5.2907800E-07,3.5259100E-07,2.5319100E-07,1.8712900E-07,1.4091300E-07,1.0598300E-07,8.1127600E-08,6.3132100E-08,4.9031200E-08,3.8701100E-08,3.0143900E-08,2.3782300E-08,1.9194700E-08,1.5342300E-08,1.2590900E-08,1.0157700E-08,8.4510600E-09,6.9962200E-09,5.9094600E-09,4.7500800E-09,3.9443800E-09,3.3556500E-09,2.8844300E-09,2.4149600E-09
657.5,1.1428500E+00,1.3287600E-01,1.5510700E-02,1.8613900E-03,2.6163700E-04,6.4861700E-05,3.4614700E-05,2.5203300E-05,1.9854100E-05,1.6203000E-05,1.3667300E-05,1.1101100E-05,7.6284300E-06,4.5855800E-06,2.3825000E-06,1.3668900E-06,8.1741200E-07,4.7968100E-07,3.0578500E-07,2.1819000E-07,1.6168900E-07,1.2284900E-07,9.2652900E-08,7.1707900E-08,5.6720000E-08,4.4588800E-08,3.5862300E-08,2.8148600E-08,2.2482800E-08,1.8500500E-08,1.4961200E-08,1.2539000E-08,1.0218800E-08,8.6752800E-09,7.2834200E-09,6.2624000E-09,5.0328200E-09,4.2153700E-09,3.6417800E-09,3.1670600E-09,2.6608000E-09
662.5,1.2224400E+00,1.2126400E-01,1.2109600E-02,1.2651700E-03,1.7365500E-04,5.4493900E-05,3.6324500E-05,2.8999400E-05,2.4702700E-05,2.2192300E-05,2.1115000E-05,1.9018500E-05,1.3511000E-05,8.0503800E-06,3.7935700E-06,2.0249400E-06,1.1200500E-06,5.7260000E-07,3.2946900E-07,2.3305200E-07,1.7532900E-07,1.3728300E-07,1.0495200E-07,8.3849900E-08,6.9094900E-08,5.5935200E-08,4.6836800E-08,3.7377900E-08,3.0574000E-08,2.6037500E-08,2.1474900E-08,1.8604600E-08,1.5387000E-08,1.3444200E-08,1.1499800E-08,1.0116700E-08,8.1132900E-09,6.8609000E-09,6.0362800E-09,5.3187800E-09,4.4797800E-09
667.5,1.2163200E+00,1.1129600E-01,1.0291000E-02,1.0270700E-03,1.5992400E-04,6.7644400E-05,5.4042400E-05,4.6939900E-05,4.3459400E-05,4.2643500E-05,4.4278600E-05,4.2296600E-05,3.0517300E-05,1.8069900E-05,8.1005400E-06,4.1507500E-06,2.1795000E-06,9.9224100E-07,5.1316700E-07,3.6152400E-07,2.7854200E-07,2.2683300E-07,1.7668500E-07,1.4637100E-07,1.2569300E-07,1.0463600E-07,9.0708600E-08,7.3424000E-08,6.1199700E-08,5.3419800E-08,4.4666500E-08,3.9534700E-08,3.2999500E-08,2.9327000E-08,2.5349300E-08,2.2574600E-08,1.8082500E-08,1.5364300E-08,1.3648900E-08,1.2100900E-08,1.0200400E-08
672.5,1.2007700E+00,1.0431100E-01,9.2113900E-03,9.2468100E-04,1.7899100E-04,9.7342700E-05,8.6640000E-05,7.8902000E-05,7.6340100E-05,7.8025500E-05,8.3917600E-05,8.1837700E-05,5.9305500E-05,3.4986200E-05,1.5415300E-05,7.7909900E-06,4.0108900E-06,1.7366100E-06,8.5334200E-07,6.0154400E-07,4.6998800E-07,3.9074400E-07,3.0721300E-07,2.5895500E-07,2.2635900E-07,1.9060700E-07,1.6753200E-07,1.3629100E-07,1.1438900E-07,1.0070000E-07,8.4570100E-08,7.5402200E-08,6.3107300E-08,5.6399900E-08,4.8904400E-08,4.3707800E-08,3.4978400E-08,2.9759600E-08,2.6525600E-08,2.3547900E-08,1.9846600E-08
677.5,1.1923900E+00,9.6733800E-02,8.0318100E-03,8.0631100E-04,1.8942800E-04,1.1956400E-04,1.1183800E-04,1.0386800E-04,1.0243000E-04,1.0658500E-04,1.1659000E-04,1.1500300E-04,8.3545300E-05,4.9116400E-05,2.1384700E-05,1.0724000E-05,5.4589500E-06,2.3040800E-06,1.1079900E-06,7.8223300E-07,6.1426200E-07,5.1461000E-07,4.0544400E-07,3.4399100E-07,3.0239100E-07,2.5548000E-07,2.2569300E-07,1.8370500E-07,1.5448100E-07,1.3632800E-07,1.1458700E-07,1.0245800E-07,8.5766100E-08,7.6837000E-08,6.6676300E-08,5.9663300E-08,4.7673800E-08,4.0561800E-08,3.6230000E-08,3.2164300E-08,2.7081000E-08
682.5,1.1767500E+00,8.6463700E-02,6.5256500E-03,6.2106600E-04,1.5858900E-04,1.0663700E-04,1.0163300E-04,9.5031900E-05,9.4737600E-05,9.9950400E-05,1.1133700E-04,1.1164900E-04,8.1511700E-05,4.7723300E-05,2.0380300E-05,1.0093400E-05,5.0557600E-06,2.0728600E-06,9.7782400E-07,6.8965000E-07,5.4139300E-07,4.5450300E-07,3.5716600E-07,3.0378200E-07,2.6743900E-07,2.2598300E-07,2.0020900E-07,1.6259900E-07,1.3672800E-07,1.2078000E-07,1.0141500E-07,9.0890100E-08,7.5988200E-08,6.8236100E-08,5.9224600E-08,5.3049200E-08,4.2243600E-08,3.5913300E-08,3.2170700E-08,2.8548300E-08,2.3988700E-08
687.5,1.0317800E+00,6.6324200E-02,4.3835900E-03,3.7445500E-04,9.6457300E-05,6.6116000E-05,6.2634600E-05,5.8200600E-05,5.8184900E-05,6.2072600E-05,7.0671800E-05,7.2555000E-05,5.3389200E-05,3.1078600E-05,1.2894400E-05,6.2665600E-06,3.0663800E-06,1.2111000E-06,5.5947800E-07,3.9285400E-07,3.0675900E-07,2.5688900E-07,2.0052000E-07,1.7047100E-07,1.4987400E-07,1.2635800E-07,1.1215700E-07,9.0674200E-08,7.6138800E-08,6.7260300E-08,5.6352800E-08,5.0630600E-08,4.2224700E-08,3.8027400E-08,3.2999700E-08,2.9594900E-08,2.3442900E-08,1.9899700E-08,1.7895700E-08,1.5869500E-08,1.3294200E-08
692.5,1.0425000E+00,5.5134400E-02,2.9952100E-03,2.1271100E-04,5.1965200E-05,3.5214000E-05,3.1973000E-05,2.8778700E-05,2.8162200E-05,2.9731800E-05,3.3959900E-05,3.5224600E-05,2.5974000E-05,1.4972000E-05,6.0868500E-06,2.9288400E-06,1.4120000E-06,5.4788500E-07,2.5417200E-07,1.7834300E-07,1.3807400E-07,1.1474100E-07,8.8838200E-08,7.5264300E-08,6.5770500E-08,5.5217900E-08,4.8984700E-08,3.9429200E-08,3.3057500E-08,2.9142200E-08,2.4363200E-08,2.1916800E-08,1.8244000E-08,1.6462200E-08,1.4280200E-08,1.2805400E-08,1.0112300E-08,8.5739300E-09,7.7414200E-09,6.8513500E-09,5.7255400E-09
697.5,1.0740700E+00,4.2474200E-02,1.7341300E-03,1.0162200E-04,2.7634200E-05,1.8910200E-05,1.5902400E-05,1.3439900E-05,1.2441900E-05,1.2596400E-05,1.4067400E-05,1.4509200E-05,1.0652600E-05,6.0460800E-06,2.4307900E-06,1.1683700E-06,5.5985600E-07,2.1893000E-07,1.0512900E-07,7.3760700E-08,5.6296900E-08,4.6037400E-08,3.5273900E-08,2.9622300E-08,2.5553400E-08,2.1299100E-08,1.8810200E-08,1.5079300E-08,1.2618200E-08,1.1067000E-08,9.2356700E-09,8.3030400E-09,6.9035900E-09,6.2317200E-09,5.4030800E-09,4.8355200E-09,3.8193000E-09,3.2358800E-09,2.9328400E-09,2.5856300E-09,2.1583700E-09
702.5,1.0549400E+00,2.8192300E-02,7.9226000E-04,4.3568900E-05,1.6593800E-05,1.1459000E-05,8.8053400E-06,6.8485900E-06,5.7831400E-06,5.3500200E-06,5.5234600E-06,5.4181100E-06,3.8958900E-06,2.1705300E-06,8.9345500E-07,4.3985800E-07,2.1571900E-07,9.0109900E-08,4.6644300E-08,3.2814000E-08,2.4670500E-08,1.9758500E-08,1.5033900E-08,1.2468400E-08,1.0566300E-08,8.7390200E-09,7.6466900E-09,6.1343500E-09,5.1309800E-09,4.4646700E-09,3.7293900E-09,3.3377900E-09,2.7815600E-09,2.5020900E-09,2.1686800E-09,1.9312000E-09,1.5390000E-09,1.3054500E-09,1.1837700E-09,1.0382700E-09,8.6909400E-10
707.5,1.0827100E+00,1.6741800E-02,2.8609900E-04,2.0317900E-05,1.0922700E-05,7.3764700E-06,5.2145500E-06,3.7275200E-06,2.8189900E-06,2.2867000E-06,2.0402300E-06,1.7833300E-06,1.2225900E-06,6.6793300E-07,2.9494400E-07,1.5288100E-07,7.9429500E-08,3.7530800E-08,2.1363400E-08,1.5062000E-08,1.1175000E-08,8.7588100E-09,6.6534100E-09,5.4439000E-09,4.5294500E-09,3.7234600E-09,3.2177800E-09,2.5992700E-09,2.1784200E-09,1.8789500E-09,1.5767400E-09,1.3999800E-09,1.1739700E-09,1.0482400E-09,9.0885000E-10,8.0336700E-10,6.5163000E-10,5.5465900E-10,5.0092800E-10,4.3707500E-10,3.6850800E-10
712.5,1.0750700E+00,7.3573100E-03,6.8878700E-05,1.1793700E-05,7.4065600E-06,4.8375400E-06,3.2380900E-06,2.1871300E-06,1.5321400E-06,1.1209900E-06,8.6783500E-07,6.5686900E-07,4.1976000E-07,2.2523600E-07,1.0938500E-07,6.0063600E-08,3.3272200E-08,1.7538000E-08,1.0671200E-08,7.5819500E-09,5.6278100E-09,4.3917500E-09,3.3658700E-09,2.7545100E-09,2.2811300E-09,1.8806200E-09,1.6192500E-09,1.3231600E-09,1.1157600E-09,9.5877300E-10,8.1037900E-10,7.1606600E-10,6.0486000E-10,5.3705300E-10,4.6644200E-10,4.0992300E-10,3.3809900E-10,2.8871100E-10,2.5967200E-10,2.2572100E-10,1.9166200E-10
717.5,8.8962200E-01,2.0645600E-03,1.7657700E-05,7.9691300E-06,4.9745100E-06,3.1458200E-06,2.0414700E-06,1.3414500E-06,9.1675100E-07,6.5391900E-07,4.8970100E-07,3.5500400E-07,2.2035700E-07,1.1610400E-07,5.7872300E-08,3.2284500E-08,1.8121200E-08,9.6952900E-09,6.0103700E-09,4.3533700E-09,3.2903100E-09,2.6175300E-09,2.0398800E-09,1.7004200E-09,1.4238400E-09,1.1860500E-09,1.0311300E-09,8.4993800E-10,7.2216300E-10,6.2118600E-10,5.2808200E-10,4.6767800E-10,3.9635200E-10,3.5202300E-10,3.0668800E-10,2.6898900E-10,2.2312200E-10,1.9042200E-10,1.7148300E-10,1.4863500E-10,1.2647900E-10
722.5,8.8909100E-01,5.7436400E-04,9.4689000E-06,5.4110800E-06,3.2500600E-06,1.9866200E-06,1.2569400E-06,8.1144100E-07,5.5253000E-07,3.9765200E-07,3.0370800E-07,2.2358600E-07,1.3911500E-07,7.1899800E-08,3.5443900E-08,1.9729600E-08,1.0965100E-08,5.7361600E-09,3.5784800E-09,2.6611400E-09,2.0609300E-09,1.6823700E-09,1.3334700E-09,1.1356500E-09,9.6308400E-10,8.0965700E-10,7.1170500E-10,5.8979300E-10,5.0412100E-10,4.3386100E-10,3.7035000E-10,3.2912900E-10,2.7917200E-10,2.4828800E-10,2.1707400E-10,1.9013900E-10,1.5801000E-10,1.3453900E-10,1.2147000E-10,1.0502800E-10,8.9421900E-11
727.5,8.7260100E-01,1.3079900E-04,6.3502800E-06,3.5672800E-06,2.0446200E-06,1.2032800E-06,7.4293000E-07,4.7360400E-07,3.2506000E-07,2.3965600E-07,1.8959600E-07,1.4333100E-07,9.0011500E-08,4.5770700E-08,2.2351800E-08,1.2449900E-08,6.8646500E-09,3.5150900E-09,2.2131100E-09,1.6923400E-09,1.3412200E-09,1.1198200E-09,8.9953900E-10,7.7924700E-10,6.6686400E-10,5.6370400E-10,4.9934500E-10,4.1509900E-10,3.5618900E-10,3.0627900E-10,2.6220100E-10,2.3359300E-10,1.9809000E-10,1.7627900E-10,1.5466000E-10,1.3525000E-10,1.1255900E-10,9.5588600E-11,8.6463200E-11,7.4618600E-11,6.3565000E-11
732.5,9.4779200E-01,3.1729900E-05,4.3326100E-06,2.2901700E-06,1.2451900E-06,7.0463800E-07,4.2697600E-07,2.7176300E-07,1.9127300E-07,1.4691000E-07,1.2174300E-07,9.4943900E-08,6.0370600E-08,3.0327100E-08,1.4735100E-08,8.2349900E-09,4.5183300E-09,2.2757500E-09,1.4465400E-09,1.1320700E-09,9.1254300E-10,7.7401400E-10,6.2688000E-10,5.4932200E-10,4.7261800E-10,4.0036800E-10,3.5635300E-10,2.9663500E-10,2.5512900E-10,2.1902200E-10,1.8787800E-10,1.6767100E-10,1.4205600E-10,1.2642900E-10,1.1130500E-10,9.7173900E-11,8.0963700E-11,6.8580200E-11,6.2112000E-11,5.3536500E-11,4.5626000E-11
737.5,9.9451000E-01,1.1531700E-05,3.0025800E-06,1.4738300E-06,7.5594400E-07,4.1195800E-07,2.4791200E-07,1.6038900E-07,1.1825400E-07,9.6027600E-08,8.3752700E-08,6.7331500E-08,4.3345900E-08,2.1611700E-08,1.0479100E-08,5.8793400E-09,3.2170500E-09,1.6016300E-09,1.0246900E-09,8.1424500E-10,6.6286800E-10,5.6732300E-10,4.6116200E-10,4.0679700E-10,3.5091000E-10,2.9730100E-10,2.6533400E-10,2.2089400E-10,1.9020300E-10,1.6302700E-10,1.4000600E-10,1.2511200E-10,1.0587200E-10,9.4232100E-11,8.3200200E-11,7.2543600E-11,6.0476100E-11,5.1116300E-11,4.6343600E-11,3.9917900E-11,3.4025800E-11
742.5,1.0174200E+00,7.3145700E-06,2.1816200E-06,9.8460700E-07,4.7534100E-07,2.5159700E-07,1.5366100E-07,1.0351700E-07,8.1392200E-08,7.0152100E-08,6.3986100E-08,5.2666900E-08,3.4212900E-08,1.6998500E-08,8.2325800E-09,4.6290500E-09,2.5278300E-09,1.2479100E-09,7.9952700E-10,6.3995900E-10,5.2318200E-10,4.4961400E-10,3.6572600E-10,3.2366500E-10,2.7948900E-10,2.3666800E-10,2.1155500E-10,1.7601200E-10,1.5161700E-10,1.2982300E-10,1.1153800E-10,9.9781700E-11,8.4351000E-11,7.5106400E-11,6.6436100E-11,5.7894600E-11,4.8252700E-11,4.0726000E-11,3.6965600E-11,3.1830300E-11,2.7128200E-11
747.5,1.0316800E+00,6.0929800E-06,1.6470800E-06,6.7689300E-07,3.0765200E-07,1.6059700E-07,1.0241100E-07,7.3445600E-08,6.1963000E-08,5.6263100E-08,5.3037500E-08,4.4339600E-08,2.8954700E-08,1.4364000E-08,6.9458400E-09,3.9067500E-09,2.1288900E-09,1.0434300E-09,6.6696900E-10,5.3518800E-10,4.3806900E-10,3.7711100E-10,3.0653900E-10,2.7170900E-10,2.3471100E-10,1.9864800E-10,1.7777400E-10,1.4776500E-10,1.2728900E-10,1.0894200E-10,9.3596300E-11,8.3818300E-11,7.0804200E-11,6.3092700E-11,5.5864200E-11,4.8685700E-11,4.0544900E-11,3.4190900E-11,3.1076200E-11,2.6755500E-11,2.2796000E-11
752.5,1.0236600E+00,5.2533500E-06,1.2555700E-06,4.6673400E-07,2.0064300E-07,1.0569300E-07,7.2363500E-08,5.5777500E-08,5.0004600E-08,4.7088400E-08,4.5267400E-08,3.8149900E-08,2.4963800E-08,1.2362700E-08,5.9673800E-09,3.3533900E-09,1.8226100E-09,8.8732800E-10,5.6498000E-10,4.5346000E-10,3.7107900E-10,3.1964000E-10,2.5949000E-10,2.3024500E-10,1.9891800E-10,1.6826100E-10,1.5073700E-10,1.2517100E-10,1.0782600E-10,9.2253300E-11,7.9256300E-11,7.1053600E-11,5.9984000E-11,5.3497200E-11,4.7412100E-11,4.1328600E-11,3.4391500E-11,2.8981800E-11,2.6379300E-11,2.2710900E-11,1.9345300E-11
757.5,8.9201400E-01,4.3102800E-06,9.7080800E-07,3.2719900E-07,1.3444300E-07,7.3069300E-08,5.4271200E-08,4.4521300E-08,4.1612000E-08,4.0021100E-08,3.8857400E-08,3.2856100E-08,2.1504400E-08,1.0624400E-08,5.1192800E-09,2.8731100E-09,1.5572900E-09,7.5346500E-10,4.7781600E-10,3.8331300E-10,3.1343100E-10,2.7004800E-10,2.1891800E-10,1.9442700E-10,1.6798600E-10,1.4200800E-10,1.2735200E-10,1.0566000E-10,9.1027100E-11,7.7854300E-11,6.6893600E-11,6.0036500E-11,5.0655600E-11,4.5215500E-11,4.0116000E-11,3.4975600E-11,2.9089500E-11,2.4498300E-11,2.2328700E-11,1.9224800E-11,1.6374200E-11
762.5,4.7242100E-01,3.4111700E-06,7.8840100E-07,2.4387400E-07,9.6883500E-08,5.4812600E-08,4.3637700E-08,3.7344000E-08,3.5731500E-08,3.4720500E-08,3.3852100E-08,2.8647200E-08,1.8735200E-08,9.2361300E-09,4.4422400E-09,2.4894700E-09,1.3459600E-09,6.4765800E-10,4.0905100E-10,3.2786900E-10,2.6785100E-10,2.3080000E-10,1.8685300E-10,1.6607500E-10,1.4350100E-10,1.2125600E-10,1.0884600E-10,9.0238500E-11,7.7750000E-11,6.6489000E-11,5.7134200E-11,5.1331200E-11,4.3295100E-11,3.8679300E-11,3.4346900E-11,2.9956300E-11,2.4902400E-11,2.0964100E-11,1.9132300E-11,1.6474900E-11,1.4031500E-11
767.5,8.4771300E-01,3.7107700E-06,6.8445600E-07,1.9900500E-07,7.7293500E-08,4.5042800E-08,3.7361500E-08,3.2650800E-08,3.1552500E-08,3.0776200E-08,3.0042700E-08,2.5416800E-08,1.6602200E-08,8.1721400E-09,3.9229900E-09,2.1950600E-09,1.1843400E-09,5.6727400E-10,3.5685300E-10,2.8572000E-10,2.3322600E-10,2.0097200E-10,1.6252400E-10,1.4452800E-10,1.2489900E-10,1.0551600E-10,9.4798600E-11,7.8544800E-11,6.7681000E-11,5.7885000E-11,4.9743100E-11,4.4732800E-11,3.7723900E-11,3.3732000E-11,2.9971000E-11,2.6152900E-11,2.1730400E-11,1.8291800E-11,1.6713300E-11,1.4394900E-11,1.2259800E-11
772.5,9.7110500E-01,4.1044800E-06,6.2628000E-07,1.7451300E-07,6.6526900E-08,3.9273800E-08,3.3191400E-08,2.9255300E-08,2.8365700E-08,2.7695500E-08,2.7036800E-08,2.2859700E-08,1.4911000E-08,7.3325200E-09,3.5129400E-09,1.9625200E-09,1.0570600E-09,5.0430500E-10,3.1598800E-10,2.5270100E-10,2.0613500E-10,1.7763700E-10,1.4352700E-10,1.2768200E-10,1.1036200E-10,9.3241900E-11,8.3837000E-11,6.9429700E-11,5.9832400E-11,5.1190400E-11,4.3990700E-11,3.9593400E-11,3.3391300E-11,2.9885100E-11,2.6560600E-11,2.3192100E-11,1.9261000E-11,1.6215600E-11,1.4832300E-11,1.2778400E-11,1.0883100E-11
777.5,9.7330900E-01,4.8082200E-06,5.9368100E-07,1.6049500E-07,6.0075800E-08,3.5460400E-08,3.0137000E-08,2.6628800E-08,2.5832200E-08,2.5220600E-08,2.4612600E-08,2.0796400E-08,1.3545300E-08,6.6578500E-09,3.1830700E-09,1.7754000E-09,9.5493900E-10,4.5403500E-10,2.8339100E-10,2.2636100E-10,1.8455500E-10,1.5905900E-10,1.2843300E-10,1.1428300E-10,9.8807600E-11,8.3505900E-11,7.5136600E-11,6.2202500E-11,5.3608900E-11,4.5892500E-11,3.9436100E-11,3.5520900E-11,2.9963200E-11,2.6842100E-11,2.3855700E-11,2.0847000E-11,1.7304300E-11,1.4573700E-11,1.3343500E-11,1.1499500E-11,9.7937200E-12
782.5,9.6706700E-01,6.2925500E-06,5.7333700E-07,1.5096700E-07,5.5471400E-08,3.2586900E-08,2.7737400E-08,2.4526000E-08,2.3784200E-08,2.3213300E-08,2.2644600E-08,1.9122500E-08,1.2436400E-08,6.1132000E-09,2.9162600E-09,1.6239300E-09,8.7253900E-10,4.1367900E-10,2.5722400E-10,2.0521300E-10,1.6726000E-10,1.4417500E-10,1.1636400E-10,1.0355400E-10,8.9561500E-11,7.5730400E-11,6.8182200E-11,5.6431600E-11,4.8638100E-11,4.1670000E-11,3.5803400E-11,3.2269600E-11,2.7229900E-11,2.4415800E-11,2.1693300E-11,1.8974300E-11,1.5740900E-11,1.3264400E-11,1.2155000E-11,1.0479100E-11,8.9242600E-12
787.5,9.3658600E-01,8.7686800E-06,5.5618100E-07,1.4271800E-07,5.1502900E-08,3.0109700E-08,2.5658100E-08,2.2698100E-08,2.1999400E-08,2.1462300E-08,2.0927200E-08,1.7662400E-08,1.1469600E-08,5.6402300E-09,2.6847700E-09,1.4927000E-09,8.0141900E-10,3.7912100E-10,2.3490800E-10,1.8719300E-10,1.5254500E-10,1.3151100E-10,1.0611300E-10,9.4428000E-11,8.1697900E-11,6.9123100E-11,6.2264700E-11,5.1524600E-11,4.4409800E-11,3.8080700E-11,3.2714100E-11,2.9500300E-11,2.4902900E-11,2.2347800E-11,1.9847300E-11,1.7375200E-11,1.4406200E-11,1.2147500E-11,1.1139300E-11,9.6070400E-12,8.1809600E-12
792.5,9.0592000E-01,1.1551800E-05,5.3258700E-07,1.3306700E-07,4.7225900E-08,2.7542800E-08,2.3523300E-08,2.0824700E-08,2.0173700E-08,1.9671100E-08,1.9169400E-08,1.6167400E-08,1.0483600E-08,5.1559200E-09,2.4497200E-09,1.3602700E-09,7.2992800E-10,3.4476600E-10,2.1304200E-10,1.6961000E-10,1.3819400E-10,1.1914800E-10,9.6119300E-11,8.5528400E-11,7.4020100E-11,6.2658400E-11,5.6462200E-11,4.6718200E-11,4.0268000E-11,3.4554900E-11,2.9681200E-11,2.6776100E-11,2.2610800E-11,2.0304300E-11,1.8025800E-11,1.5792200E-11,1.3088100E-11,1.1042100E-11,1.0131000E-11,8.7404400E-12,7.4425400E-12
797.5,9.0138000E-01,1.3903300E-05,5.0026300E-07,1.2158200E-07,4.2533000E-08,2.4835500E-08,2.1291500E-08,1.8869000E-08,1.8272000E-08,1.7805700E-08,1.7338300E-08,1.4609600E-08,9.4600500E-09,4.6507900E-09,2.2066500E-09,1.2241500E-09,6.5664700E-10,3.0987300E-10,1.9115100E-10,1.5207500E-10,1.2388300E-10,1.0680600E-10,8.6146600E-11,7.6649100E-11,6.6347200E-11,5.6180400E-11,5.0636600E-11,4.1895300E-11,3.6112300E-11,3.1004200E-11,2.6629900E-11,2.4030100E-11,2.0297100E-11,1.8234800E-11,1.6185300E-11,1.4187000E-11,1.1754700E-11,9.9210900E-12,9.1056800E-12,7.8579100E-12,6.6910500E-12
802.5,8.8360000E-01,1.5370900E-05,4.6366100E-07,1.0948800E-07,3.7838500E-08,2.2198900E-08,1.9129800E-08,1.6975700E-08,1.6432900E-08,1.6002100E-08,1.5567900E-08,1.3103700E-08,8.4732300E-09,4.1629300E-09,1.9731300E-09,1.0938600E-09,5.8665600E-10,2.7677000E-10,1.7056600E-10,1.3562200E-10,1.1045400E-10,9.5214400E-11,7.6783000E-11,6.8308200E-11,5.9130000E-11,5.0076500E-11,4.5139700E-11,3.7345400E-11,3.2190700E-11,2.7645500E-11,2.3744300E-11,2.1430200E-11,1.8103700E-11,1.6268900E-11,1.4439000E-11,1.2660200E-11,1.0488500E-11,8.8546200E-12,8.1287700E-12,7.0162000E-12,5.9744100E-12
807.5,8.8502800E-01,1.4483300E-05,4.1921600E-07,9.6152900E-08,3.2920500E-08,1.9474600E-08,1.6887300E-08,1.5007200E-08,1.4523700E-08,1.4131100E-08,1.3732200E-08,1.1542700E-08,7.4538500E-09,3.6567400E-09,1.7323900E-09,9.6011900E-10,5.1483800E-10,2.4291800E-10,1.4970800E-10,1.1900300E-10,9.6884400E-11,8.3496200E-11,6.7316400E-11,5.9883900E-11,5.1832400E-11,4.3890300E-11,3.9565200E-11,3.2732500E-11,2.8216100E-11,2.4231000E-11,2.0813700E-11,1.8787600E-11,1.5871400E-11,1.4264200E-11,1.2662600E-11,1.1102900E-11,9.1994400E-12,7.7663900E-12,7.1307400E-12,6.1552100E-12,5.2418500E-12
812.5,8.0475300E-01,8.5291600E-06,3.5969100E-07,8.0179000E-08,2.7324800E-08,1.6382400E-08,1.4313200E-08,1.2739100E-08,1.2329100E-08,1.1984000E-08,1.1628600E-08,9.7553200E-09,6.2918300E-09,3.0763000E-09,1.4581600E-09,8.0838000E-10,4.3323400E-10,2.0444300E-10,1.2619900E-10,1.0034100E-10,8.1644600E-11,7.0339500E-11,5.6685500E-11,5.0447500E-11,4.3652400E-11,3.6938700E-11,3.3303300E-11,2.7553300E-11,2.3757900E-11,2.0387700E-11,1.7521000E-11,1.5818300E-11,1.3359800E-11,1.2004200E-11,1.0667700E-11,9.3486900E-12,7.7514800E-12,6.5404700E-12,6.0053900E-12,5.1832600E-12,4.4156500E-12
817.5,7.0081700E-01,3.7279900E-06,2.9424800E-07,6.3779200E-08,2.1754900E-08,1.3283400E-08,1.1703800E-08,1.0432700E-08,1.0099500E-08,9.8060300E-09,9.4989700E-09,7.9497500E-09,5.1215900E-09,2.4920600E-09,1.1826700E-09,6.5612400E-10,3.5132500E-10,1.6579800E-10,1.0261400E-10,8.1647400E-11,6.6384000E-11,5.7171600E-11,4.6047600E-11,4.1013500E-11,3.5476900E-11,2.9986700E-11,2.7040900E-11,2.2375100E-11,1.9301800E-11,1.6543400E-11,1.4229000E-11,1.2849500E-11,1.0846900E-11,9.7416200E-12,8.6728200E-12,7.5928700E-12,6.3031600E-12,5.3133300E-12,4.8782300E-12,4.2096600E-12,3.5881600E-12
822.5,7.3760800E-01,1.7956500E-06,2.3004200E-07,4.8515600E-08,1.6684600E-08,1.0432200E-08,9.2775700E-09,8.2830800E-09,8.0218900E-09,7.7799400E-09,7.5226100E-09,6.2794600E-09,4.0416200E-09,1.9552600E-09,9.2934900E-10,5.1606500E-10,2.7600500E-10,1.3022800E-10,8.0852500E-11,6.4399700E-11,5.2315400E-11,4.5039600E-11,3.6251600E-11,3.2325100E-11,2.7953300E-11,2.3592500E-11,2.1280100E-11,1.7612100E-11,1.5202300E-11,1.3010000E-11,1.1202200E-11,1.0119100E-11,8.5359000E-12,7.6609000E-12,6.8371400E-12,5.9777400E-12,4.9701100E-12,4.1844200E-12,3.8407300E-12,3.3140400E-12,2.8265600E-12
827.5,7.7501500E-01,1.1581400E-06,1.7761000E-07,3.6473100E-08,1.2758000E-08,8.2113200E-09,7.3767200E-09,6.5970700E-09,6.3914400E-09,6.1924200E-09,5.9780100E-09,4.9787700E-09,3.2018700E-09,1.5410400E-09,7.3327700E-10,4.0743700E-10,2.1764700E-10,1.0264800E-10,6.3886300E-11,5.0932900E-11,4.1343500E-11,3.5582700E-11,2.8622500E-11,2.5548800E-11,2.2090400E-11,1.8619000E-11,1.6797300E-11,1.3905100E-11,1.2009100E-11,1.0264400E-11,8.8468600E-12,7.9936900E-12,6.7382700E-12,6.0436200E-12,5.4061400E-12,4.7209400E-12,3.9306000E-12,3.3056700E-12,3.0331200E-12,2.6173200E-12,2.2334900E-12
832.5,7.6843700E-01,9.0344300E-07,1.3903800E-07,2.7823500E-08,1.0000500E-08,6.6556300E-09,6.0432000E-09,5.4140300E-09,5.2467100E-09,5.0797900E-09,4.8985400E-09,4.0732100E-09,2.6179600E-09,1.3431900E-09,5.9746100E-10,3.3196700E-10,1.7711100E-10,8.3458700E-11,5.2003200E-11,4.1480200E-11,3.3650400E-11,2.8954700E-11,2.3279800E-11,2.0796000E-11,1.7980600E-11,1.5140500E-11,1.3660800E-11,1.1310700E-11,9.7724300E-12,8.3460400E-12,7.1985400E-12,6.5055300E-12,5.4809500E-12,4.9137100E-12,4.4028600E-12,3.8415200E-12,3.2016100E-12,2.6904800E-12,2.4679600E-12,2.1299900E-12,1.8182300E-12
837.5,8.1813200E-01,7.3524000E-07,1.0977300E-07,2.1022700E-08,8.0108400E-09,5.3913800E-09,4.9628400E-09,4.4436500E-09,4.2953600E-09,4.1588500E-09,4.0200300E-09,3.4159900E-09,2.1911200E-09,1.0846200E-09,5.2001300E-10,2.7981700E-10,1.4717100E-10,6.9930000E-11,4.3313100E-11,3.3667600E-11,2.7296700E-11,2.3483000E-11,1.9166400E-11,1.6873100E-11,1.4590000E-11,1.2316200E-11,1.1102400E-11,9.1871200E-12,7.9507700E-12,6.8561100E-12,5.8403200E-12,5.2789100E-12,4.4494400E-12,4.0079000E-12,3.5753400E-12,3.1168000E-12,2.5919000E-12,2.1832700E-12,2.0093100E-12,1.7284500E-12,1.4757800E-12
842.5,8.3224100E-01,8.2030300E-07,1.0161200E-07,1.6462700E-08,6.5726100E-09,4.4184400E-09,4.1224600E-09,3.7264900E-09,3.5543900E-09,3.4628500E-09,3.3925900E-09,2.8831200E-09,1.8610500E-09,1.0000200E-09,4.4168900E-10,2.4400800E-10,1.3042100E-10,6.0489100E-11,3.5420000E-11,2.7731700E-11,2.2702300E-11,1.9579100E-11,1.5541100E-11,1.3881700E-11,1.1991200E-11,1.0272400E-11,9.3695000E-12,7.6484500E-12,6.4944600E-12,5.6392300E-12,4.8384600E-12,4.3512400E-12,3.6761200E-12,3.3339600E-12,2.9130300E-12,2.5958000E-12,2.0978400E-12,1.8080200E-12,1.6613300E-12,1.4462800E-12,1.2163900E-12
847.5,8.2323800E-01,7.6418800E-07,8.6611300E-08,1.3971000E-08,5.2595400E-09,3.6927500E-09,3.4564400E-09,3.1345600E-09,2.9829600E-09,2.9165900E-09,2.8760900E-09,2.5217300E-09,1.6376500E-09,8.9769600E-10,3.9928900E-10,2.0403900E-10,1.1261200E-10,5.5383300E-11,3.0468500E-11,2.3310500E-11,1.9035100E-11,1.6614000E-11,1.3433900E-11,1.1590100E-11,9.9798700E-12,8.7288600E-12,7.8868900E-12,6.4741000E-12,5.4941100E-12,4.8600000E-12,4.0320900E-12,3.6284100E-12,3.1384000E-12,2.8893400E-12,2.4056500E-12,2.1806800E-12,1.7416600E-12,1.5118100E-12,1.3994800E-12,1.2125800E-12,1.0187300E-12
852.5,7.6298300E-01,6.7154600E-07,7.6470200E-08,1.2770000E-08,4.5156300E-09,3.1614700E-09,2.9694300E-09,2.6923800E-09,2.5745500E-09,2.5239200E-09,2.4965000E-09,2.2318800E-09,1.4684200E-09,8.4700000E-10,3.6007700E-10,1.8394200E-10,9.8394400E-11,4.6991800E-11,2.6243400E-11,1.9974900E-11,1.6542500E-11,1.4128300E-11,1.1604800E-11,9.8717900E-12,8.5823600E-12,7.6014800E-12,6.7018600E-12,5.5001600E-12,4.6614000E-12,4.3057600E-12,3.4979100E-12,3.1356300E-12,2.6815800E-12,2.4423300E-12,2.0459600E-12,1.8596900E-12,1.4817000E-12,1.2983700E-12,1.1942700E-12,1.0518000E-12,8.7581900E-13
857.5,8.1061200E-01,7.0761800E-07,6.8823800E-08,1.0326700E-08,3.9214100E-09,2.7683400E-09,2.6171600E-09,2.4314300E-09,2.2893800E-09,2.2598100E-09,2.2547600E-09,2.0273300E-09,1.3093800E-09,7.4127400E-10,3.3566500E-10,1.7021500E-10,9.3766100E-11,4.4061100E-11,2.3585400E-11,1.7827100E-11,1.4358700E-11,1.2442800E-11,1.0136500E-11,8.6534100E-12,7.6352400E-12,6.7145500E-12,5.8627800E-12,4.8451300E-12,4.0923200E-12,3.6823200E-12,3.1113100E-12,2.7624500E-12,2.3528200E-12,2.1321800E-12,1.8088900E-12,1.6494900E-12,1.3068000E-12,1.1586900E-12,1.0401000E-12,9.2309100E-13,7.6446900E-13
862.5,8.2196200E-01,6.8292000E-07,6.8318200E-08,8.7930600E-09,3.5678200E-09,2.5017300E-09,2.3540700E-09,2.1885200E-09,2.0768300E-09,2.0576600E-09,2.0710900E-09,1.8809100E-09,1.3023200E-09,7.3954000E-10,3.2411600E-10,1.6191000E-10,8.8809800E-11,4.0411700E-11,2.1815100E-11,1.6070400E-11,1.3196200E-11,1.1243200E-11,9.1564700E-12,7.7422000E-12,7.0334400E-12,5.9988100E-12,5.2357200E-12,4.3420700E-12,3.6859000E-12,3.4438700E-12,2.7941500E-12,2.4853000E-12,2.1031800E-12,1.8972400E-12,1.6287500E-12,1.4733200E-12,1.1743600E-12,1.0171700E-12,9.2449100E-13,8.4934300E-13,6.8599200E-13
