,0,5,10,15,20,25,30,35,40,45,50,55,60,65,70,75,80,85,90,95,100,105,110,115,120,125,130,135,140,145,150,155,160,165,170,175,180,185,190,195,200
352.5,8.5623510E-01,6.9578910E-01,5.5381310E-01,4.3400450E-01,3.3653110E-01,2.5781000E-01,1.9252660E-01,1.3985480E-01,9.7984870E-02,6.4506910E-02,3.8065940E-02,1.9187650E-02,8.7115740E-03,3.7357710E-03,1.9760430E-03,1.1711540E-03,7.5651740E-04,5.4286860E-04,4.1515340E-04,3.2164520E-04,2.5013030E-04,1.9490350E-04,1.5244730E-04,1.1949690E-04,9.3343200E-05,7.3030050E-05,5.7134210E-05,4.4809770E-05,3.5193850E-05,2.7598440E-05,2.1676820E-05,1.7002490E-05,1.3358600E-05,1.0490610E-05,8.2355990E-06,6.4510930E-06,5.0755800E-06,3.9968840E-06,3.1515440E-06,2.4785130E-06,1.9501370E-06
357.5,7.6536760E-01,6.3627000E-01,5.1881880E-01,4.1684670E-01,3.3147550E-01,2.6052140E-01,1.9988470E-01,1.4944970E-01,1.0800342E-01,7.3647230E-02,4.5363190E-02,2.4138730E-02,1.1653377E-02,5.3370830E-03,2.9675330E-03,1.8338620E-03,1.2277850E-03,9.0623500E-04,7.0958650E-04,5.6234250E-04,4.4726310E-04,3.5628810E-04,2.8488250E-04,2.2822090E-04,1.8227950E-04,1.4578400E-04,1.1657480E-04,9.3439700E-05,7.5010770E-05,6.0108330E-05,4.8219220E-05,3.8647210E-05,3.1024410E-05,2.4898280E-05,1.9972430E-05,1.5989210E-05,1.2855500E-05,1.0342790E-05,8.3327300E-06,6.6955770E-06,5.3833010E-06
362.5,8.6345900E-01,7.3124470E-01,6.0816200E-01,4.9867340E-01,4.0476670E-01,3.2482860E-01,2.5468800E-01,1.9477480E-01,1.4413700E-01,1.0088900E-01,6.4069070E-02,3.5376710E-02,1.7797010E-02,8.5155800E-03,4.9035630E-03,3.1243080E-03,2.1496460E-03,1.6238220E-03,1.2974750E-03,1.0486990E-03,8.5033900E-04,6.9053000E-04,5.6275420E-04,4.5936520E-04,3.7382290E-04,3.0460560E-04,2.4818980E-04,2.0267860E-04,1.6573810E-04,1.3529200E-04,1.1057120E-04,9.0288000E-05,7.3842290E-05,6.0377920E-05,4.9337850E-05,4.0240730E-05,3.2952590E-05,2.7006100E-05,2.2159020E-05,1.8136400E-05,1.4853010E-05
367.5,1.0225620E+00,8.7954200E-01,7.4376080E-01,6.2039580E-01,5.1238680E-01,4.1855630E-01,3.3405570E-01,2.6015790E-01,1.9615600E-01,1.4004610E-01,9.0894440E-02,5.1457350E-02,2.6600010E-02,1.3098490E-02,7.7305760E-03,5.0386910E-03,3.5423470E-03,2.7289080E-03,2.2201510E-03,1.8260780E-03,1.5065890E-03,1.2448350E-03,1.0318150E-03,8.5646700E-04,7.0885240E-04,5.8743680E-04,4.8665540E-04,4.0406640E-04,3.3591910E-04,2.7875740E-04,2.3158690E-04,1.9219420E-04,1.5978340E-04,1.3276770E-04,1.1031600E-04,9.1459000E-05,7.6134500E-05,6.3427010E-05,5.2892760E-05,4.3997210E-05,3.6622400E-05
372.5,8.8407300E-01,7.6604380E-01,6.5307410E-01,5.4942120E-01,4.5774400E-01,3.7727200E-01,3.0394050E-01,2.3902780E-01,1.8208520E-01,1.3145970E-01,8.6408720E-02,4.9642390E-02,2.6069870E-02,1.3044520E-02,7.7979510E-03,5.1406930E-03,3.6512200E-03,2.8383380E-03,2.3298670E-03,1.9319920E-03,1.6069980E-03,1.3386230E-03,1.1186320E-03,9.3621800E-04,7.8117400E-04,6.5259060E-04,5.4504460E-04,4.5632750E-04,3.8241670E-04,3.2007590E-04,2.6812680E-04,2.2438790E-04,1.8807780E-04,1.5757110E-04,1.3195210E-04,1.1028890E-04,9.2555500E-05,7.7721900E-05,6.5345790E-05,5.4795920E-05,4.5980190E-05
377.5,9.7841300E-01,8.4923610E-01,7.2560810E-01,6.1200120E-01,5.1131660E-01,4.2257900E-01,3.4157420E-01,2.6957110E-01,2.0618790E-01,1.4950100E-01,9.8764000E-02,5.7059590E-02,3.0127670E-02,1.5143140E-02,9.0780420E-03,5.9977880E-03,4.2666410E-03,3.3208410E-03,2.7300480E-03,2.2687460E-03,1.8908580E-03,1.5782300E-03,1.3217900E-03,1.1086850E-03,9.2708200E-04,7.7619690E-04,6.4971680E-04,5.4518480E-04,4.5778600E-04,3.8402350E-04,3.2235870E-04,2.7041380E-04,2.2715860E-04,1.9071470E-04,1.6007820E-04,1.3410800E-04,1.1279410E-04,9.4929800E-05,7.9997800E-05,6.7243330E-05,5.6555900E-05
382.5,8.1070240E-01,7.0902770E-01,6.1085690E-01,5.1973250E-01,4.3807830E-01,3.6530400E-01,2.9798650E-01,2.3737500E-01,1.8330330E-01,1.3424210E-01,8.9632180E-02,5.2386010E-02,2.7997020E-02,1.4244370E-02,8.6312470E-03,5.7609240E-03,4.1386140E-03,3.2517420E-03,2.6974090E-03,2.2619110E-03,1.9022230E-03,1.6015460E-03,1.3527170E-03,1.1445400E-03,9.6542100E-04,8.1529500E-04,6.8836740E-04,5.8250120E-04,4.9351230E-04,4.1741340E-04,3.5352540E-04,2.9905950E-04,2.5339850E-04,2.1462560E-04,1.8164960E-04,1.5348160E-04,1.3018480E-04,1.1051350E-04,9.3926000E-05,7.9623700E-05,6.7539910E-05
387.5,8.8739600E-01,7.8394580E-01,6.8276690E-01,5.8741550E-01,5.0077970E-01,4.2241480E-01,3.4864730E-01,2.8107770E-01,2.1973490E-01,1.6300340E-01,1.1035527E-01,6.5503770E-02,3.5591080E-02,1.8422220E-02,1.1334690E-02,7.6754740E-03,5.5916950E-03,4.4520570E-03,3.7401600E-03,3.1752160E-03,2.7018970E-03,2.3011440E-03,1.9662180E-03,1.6826650E-03,1.4356510E-03,1.2262610E-03,1.0471600E-03,8.9640100E-04,7.6802100E-04,6.5689790E-04,5.6229040E-04,4.8104170E-04,4.1214140E-04,3.5301350E-04,3.0218990E-04,2.5818890E-04,2.2146810E-04,1.9009120E-04,1.6335330E-04,1.4002570E-04,1.2010710E-04
392.5,9.5518100E-01,8.4870130E-01,7.4385470E-01,6.4422870E-01,5.5299700E-01,4.6977040E-01,3.9060660E-01,3.1735950E-01,2.5013020E-01,1.8725040E-01,1.2810760E-01,7.6983030E-02,4.2389340E-02,2.2240030E-02,1.3830300E-02,9.4531790E-03,6.9441290E-03,5.5684610E-03,4.7082580E-03,4.0217470E-03,3.4445960E-03,2.9526800E-03,2.5396850E-03,2.1874190E-03,1.8782850E-03,1.6145470E-03,1.3874890E-03,1.1949450E-03,1.0302820E-03,8.8699300E-04,7.6428500E-04,6.5793830E-04,5.6725530E-04,4.8879800E-04,4.2102980E-04,3.6201240E-04,3.1246950E-04,2.6990520E-04,2.3342060E-04,2.0133300E-04,1.7376540E-04
397.5,1.1702140E+00,1.0475770E+00,9.2532200E-01,8.0778620E-01,6.9896240E-01,5.9853160E-01,5.0173360E-01,4.1107510E-01,3.2684640E-01,2.4692890E-01,1.7065090E-01,1.0375755E-01,5.7867490E-02,3.0772370E-02,1.9360610E-02,1.3377150E-02,9.9273700E-03,8.0360900E-03,6.8561450E-03,5.9065440E-03,5.1011760E-03,4.4099520E-03,3.8252790E-03,3.3217690E-03,2.8753830E-03,2.4918400E-03,2.1589140E-03,1.8745860E-03,1.6300830E-03,1.4144440E-03,1.2284170E-03,1.0659550E-03,9.2638300E-04,8.0468000E-04,6.9866500E-04,6.0552660E-04,5.2682960E-04,4.5861930E-04,3.9975580E-04,3.4757090E-04,3.0234130E-04
402.5,1.5295040E+00,1.3811720E+00,1.2314250E+00,1.0853420E+00,9.4830400E-01,8.1998020E-01,6.9406300E-01,5.7422620E-01,4.6103630E-01,3.5176110E-01,2.4557410E-01,1.5091880E-01,8.5126260E-02,4.5804550E-02,2.9150180E-02,2.0375440E-02,1.5303080E-02,1.2538010E-02,1.0820900E-02,9.4275500E-03,8.2315600E-03,7.1916330E-03,6.3035960E-03,5.5311910E-03,4.8390460E-03,4.2373230E-03,3.7092510E-03,3.2532950E-03,2.8564650E-03,2.5041880E-03,2.1971480E-03,1.9259230E-03,1.6908570E-03,1.4841780E-03,1.3015370E-03,1.1394270E-03,1.0015210E-03,8.8072900E-04,7.7532300E-04,6.8093680E-04,5.9828870E-04
407.5,1.4864310E+00,1.3492320E+00,1.2098020E+00,1.0725450E+00,9.4279300E-01,8.2018800E-01,6.9844290E-01,5.8130000E-01,4.6942760E-01,3.6017430E-01,2.5277910E-01,1.5610750E-01,8.8462500E-02,4.7809050E-02,3.0576730E-02,2.1492550E-02,1.6243420E-02,1.3402800E-02,1.1651120E-02,1.0222670E-02,8.9892000E-03,7.9096100E-03,6.9804280E-03,6.1667650E-03,5.4317760E-03,4.7880640E-03,4.2194980E-03,3.7260080E-03,3.2936500E-03,2.9063070E-03,2.5675250E-03,2.2654130E-03,2.0019420E-03,1.7680050E-03,1.5606750E-03,1.3752630E-03,1.2167310E-03,1.0771790E-03,9.5464600E-04,8.4403700E-04,7.4653100E-04
412.5,1.5935150E+00,1.4491480E+00,1.3023440E+00,1.1574120E+00,1.0199930E+00,8.8971030E-01,7.5959550E-01,6.3377020E-01,5.1302130E-01,3.9445590E-01,2.7727490E-01,1.7138620E-01,9.7140020E-02,5.2461830E-02,3.3544970E-02,2.3588520E-02,1.7845270E-02,1.4753730E-02,1.2861940E-02,1.1318650E-02,9.9809000E-03,8.8081300E-03,7.7967100E-03,6.9085020E-03,6.1005730E-03,5.3934230E-03,4.7666990E-03,4.2217640E-03,3.7424390E-03,3.3118920E-03,2.9335520E-03,2.5958550E-03,2.3007020E-03,2.0377370E-03,1.8039940E-03,1.5941550E-03,1.4145260E-03,1.2559170E-03,1.1162460E-03,9.8959300E-04,8.7773300E-04
417.5,1.5991070E+00,1.4540840E+00,1.3069680E+00,1.1618580E+00,1.0243250E+00,8.9398310E-01,7.6366590E-01,6.3752250E-01,5.1636840E-01,3.9726790E-01,2.7944850E-01,1.7285510E-01,9.8006110E-02,5.2897360E-02,3.3766070E-02,2.3700890E-02,1.7897160E-02,1.4779090E-02,1.2879120E-02,1.1334780E-02,9.9986000E-03,8.8267100E-03,7.8165600E-03,6.9290640E-03,6.1212830E-03,5.4139180E-03,4.7866000E-03,4.2413440E-03,3.7616880E-03,3.3304880E-03,2.9514800E-03,2.6130050E-03,2.3169110E-03,2.0532080E-03,1.8187190E-03,1.6080110E-03,1.4273770E-03,1.2681800E-03,1.1281040E-03,1.0007990E-03,8.8817800E-04
422.5,1.5714480E+00,1.4271200E+00,1.2814140E+00,1.1383050E+00,1.0029220E+00,8.7494460E-01,7.4730470E-01,6.2391860E-01,5.0556090E-01,3.8940230E-01,2.7457490E-01,1.7052700E-01,9.7122450E-02,5.2619500E-02,3.3586910E-02,2.3539770E-02,1.7728420E-02,1.4595470E-02,1.2693100E-02,1.1150140E-02,9.8201300E-03,8.6563500E-03,7.6540400E-03,6.7769110E-03,5.9798080E-03,5.2824690E-03,4.6647950E-03,4.1279440E-03,3.6570420E-03,3.2344220E-03,2.8632270E-03,2.5322770E-03,2.2430030E-03,1.9857030E-03,1.7570560E-03,1.5517020E-03,1.3762460E-03,1.2212410E-03,1.0849940E-03,9.6152100E-04,8.5241900E-04
427.5,1.4359500E+00,1.3021390E+00,1.1677080E+00,1.0360890E+00,9.1201440E-01,7.9499730E-01,6.7865820E-01,5.6636080E-01,4.5890010E-01,3.5357460E-01,2.4958700E-01,1.5532360E-01,8.8652850E-02,4.8092140E-02,3.0653720E-02,2.1433390E-02,1.6091100E-02,1.3203890E-02,1.1454630E-02,1.0042810E-02,8.8292600E-03,7.7688520E-03,6.8593690E-03,6.0646110E-03,5.3445550E-03,4.7146550E-03,4.1576310E-03,3.6739720E-03,3.2509290E-03,2.8712650E-03,2.5388160E-03,2.2421010E-03,1.9835720E-03,1.7539300E-03,1.5499720E-03,1.3670990E-03,1.2108700E-03,1.0732330E-03,9.5241300E-04,8.4293400E-04,7.4634510E-04
432.5,1.4069280E+00,1.2734820E+00,1.1400970E+00,1.0101430E+00,8.8791480E-01,7.7306130E-01,6.5920880E-01,5.4956340E-01,4.4488060E-01,3.4250990E-01,2.4163110E-01,1.5028730E-01,8.5681650E-02,4.6378460E-02,2.9464020E-02,2.0528470E-02,1.5351930E-02,1.2552390E-02,1.0861320E-02,9.5033500E-03,8.3382170E-03,7.3226460E-03,6.4534140E-03,5.6964430E-03,5.0111240E-03,4.4131140E-03,3.8855810E-03,3.4289500E-03,3.0293180E-03,2.6714720E-03,2.3583050E-03,2.0797700E-03,1.8369920E-03,1.6217990E-03,1.4305570E-03,1.2598370E-03,1.1142250E-03,9.8619700E-04,8.7381100E-04,7.7220450E-04,6.8272260E-04
437.5,1.6183320E+00,1.4580120E+00,1.2994280E+00,1.1462580E+00,1.0034039E+00,8.7025400E-01,7.3953850E-01,6.1456940E-01,4.9619360E-01,3.8132640E-01,2.6892900E-01,1.6752860E-01,9.5703820E-02,5.1852690E-02,3.2822700E-02,2.2744900E-02,1.6891470E-02,1.3706140E-02,1.1781080E-02,1.0247320E-02,8.9385150E-03,7.8075260E-03,6.8446000E-03,6.0114020E-03,5.2625170E-03,4.6123570E-03,4.0411040E-03,3.5482830E-03,3.1201320E-03,2.7389280E-03,2.4066000E-03,2.1126530E-03,1.8575020E-03,1.6326250E-03,1.4341850E-03,1.2572770E-03,1.1069830E-03,9.7525100E-04,8.6032560E-04,7.5712070E-04,6.6641880E-04
442.5,1.7056400E+00,1.5289720E+00,1.3559420E+00,1.1905500E+00,1.0375032E+00,8.9613980E-01,7.5894740E-01,6.2893840E-01,5.0685050E-01,3.8939870E-01,2.7526420E-01,1.7246290E-01,9.9223610E-02,5.4117530E-02,3.4258090E-02,2.3669100E-02,1.7480830E-02,1.4074260E-02,1.2005670E-02,1.0369130E-02,8.9871680E-03,7.7992090E-03,6.7938940E-03,5.9311490E-03,5.1602550E-03,4.4957340E-03,3.9161960E-03,3.4196010E-03,2.9899770E-03,2.6098750E-03,2.2802240E-03,1.9906220E-03,1.7406070E-03,1.5213860E-03,1.3295410E-03,1.1592000E-03,1.0147840E-03,8.8901960E-04,7.8009040E-04,6.8264530E-04,5.9751200E-04
447.5,1.7695300E+00,1.5774630E+00,1.3913630E+00,1.2153470E+00,1.0538897E+00,9.0623320E-01,7.6492950E-01,6.3240600E-01,5.0916800E-01,3.9189800E-01,2.7883180E-01,1.7692680E-01,1.0338589E-01,5.7281160E-02,3.6445620E-02,2.5181240E-02,1.8521940E-02,1.4792860E-02,1.2502530E-02,1.0708055E-02,9.2062250E-03,7.9321780E-03,6.8577960E-03,5.9429760E-03,5.1360260E-03,4.4436320E-03,3.8439480E-03,3.3328170E-03,2.8939300E-03,2.5087860E-03,2.1770070E-03,1.8878510E-03,1.6395320E-03,1.4238540E-03,1.2358670E-03,1.0704726E-03,9.3078820E-04,8.1004220E-04,7.0607590E-04,6.1391240E-04,5.3384180E-04
452.5,1.8254220E+00,1.6232550E+00,1.4284280E+00,1.2451940E+00,1.0778199E+00,9.2549510E-01,7.8082210E-01,6.4579350E-01,5.2088710E-01,4.0242790E-01,2.8840510E-01,1.8514090E-01,1.0967614E-01,6.1610620E-02,3.9458170E-02,2.7341800E-02,2.0107420E-02,1.6002770E-02,1.3463240E-02,1.1478240E-02,9.8270670E-03,8.4320620E-03,7.2610000E-03,6.2683330E-03,5.3956920E-03,4.6507700E-03,4.0089840E-03,3.4637820E-03,2.9970860E-03,2.5897660E-03,2.2398520E-03,1.9358420E-03,1.6755750E-03,1.4500780E-03,1.2546160E-03,1.0832654E-03,9.3889230E-04,8.1431340E-04,7.0761120E-04,6.1321020E-04,5.3146690E-04
457.5,1.8303330E+00,1.6303580E+00,1.4374810E+00,1.2558497E+00,1.0896446E+00,9.3823540E-01,7.9442480E-01,6.5991530E-01,5.3515500E-01,4.1645740E-01,3.0157680E-01,1.9641920E-01,1.1829624E-01,6.7595470E-02,4.3764230E-02,3.0558940E-02,2.2588320E-02,1.8015350E-02,1.5168980E-02,1.2944020E-02,1.1092106E-02,9.5260070E-03,8.2097860E-03,7.0925210E-03,6.1125020E-03,5.2748800E-03,4.5517380E-03,3.9363080E-03,3.4090220E-03,2.9500840E-03,2.5542540E-03,2.2101880E-03,1.9152690E-03,1.6592280E-03,1.4371350E-03,1.2424370E-03,1.0779972E-03,9.3606780E-04,8.1412090E-04,7.0633250E-04,6.1290340E-04
462.5,1.8159660E+00,1.6209730E+00,1.4326000E+00,1.2549005E+00,1.0918912E+00,9.4306670E-01,8.0145420E-01,6.6864560E-01,5.4505760E-01,4.2695550E-01,3.1190410E-01,2.0549280E-01,1.2535491E-01,7.2571710E-02,4.7417750E-02,3.3340500E-02,2.4769170E-02,1.9809650E-02,1.6706960E-02,1.4276750E-02,1.2251990E-02,1.0538928E-02,9.0965680E-03,7.8720070E-03,6.7936510E-03,5.8716510E-03,5.0756760E-03,4.3967350E-03,3.8137780E-03,3.3046350E-03,2.8661390E-03,2.4843430E-03,2.1563770E-03,1.8716040E-03,1.6240690E-03,1.4065540E-03,1.2223720E-03,1.0628609E-03,9.2613010E-04,8.0493450E-04,6.9970560E-04
467.5,1.8094530E+00,1.6164160E+00,1.4299730E+00,1.2541802E+00,1.0928384E+00,9.4551120E-01,8.0549140E-01,6.7413040E-01,5.5175870E-01,4.3464590E-01,3.2014360E-01,2.1335280E-01,1.3186740E-01,7.7364740E-02,5.0967320E-02,3.6036730E-02,2.6864070E-02,2.1504900E-02,1.8127710E-02,1.5487490E-02,1.3289920E-02,1.1431794E-02,9.8659350E-03,8.5381050E-03,7.3752150E-03,6.3754850E-03,5.5122910E-03,4.7763930E-03,4.1439670E-03,3.5918770E-03,3.1159730E-03,2.7017080E-03,2.3456630E-03,2.0367920E-03,1.7678530E-03,1.5318190E-03,1.3314250E-03,1.1582113E-03,1.0092793E-03,8.7783810E-04,7.6323570E-04
472.5,1.8162080E+00,1.6215750E+00,1.4340590E+00,1.2578593E+00,1.0962030E+00,9.4879320E-01,8.0927380E-01,6.7864900E-01,5.5717170E-01,4.4103620E-01,3.2738500E-01,2.2071090E-01,1.3822740E-01,8.2180720E-02,5.4546210E-02,3.8739860E-02,2.8936450E-02,2.3145680E-02,1.9475730E-02,1.6608170E-02,1.4226020E-02,1.2210355E-02,1.0521861E-02,9.0912080E-03,7.8387940E-03,6.7670170E-03,5.8438320E-03,5.0563810E-03,4.3813870E-03,3.7928240E-03,3.2867130E-03,2.8467520E-03,2.4688400E-03,2.1407740E-03,1.8563000E-03,1.6069360E-03,1.3952780E-03,1.2123574E-03,1.0555489E-03,9.1687440E-04,7.9646430E-04
477.5,1.8449220E+00,1.6422270E+00,1.4481040E+00,1.2665904E+00,1.1010475E+00,9.5094890E-01,8.1006850E-01,6.7896060E-01,5.5780060E-01,4.4271750E-01,3.3061640E-01,2.2518140E-01,1.4275020E-01,8.5904270E-02,5.7309690E-02,4.0772900E-02,3.0423640E-02,2.4235420E-02,2.0282870E-02,1.7213370E-02,1.4675740E-02,1.2546127E-02,1.0766678E-02,9.2627260E-03,7.9528200E-03,6.8375740E-03,5.8811310E-03,5.0688640E-03,4.3752750E-03,3.7731860E-03,3.2580000E-03,2.8113780E-03,2.4285090E-03,2.0989390E-03,1.8136110E-03,1.5642810E-03,1.3531850E-03,1.1712395E-03,1.0158215E-03,8.7937350E-04,7.6112570E-04
482.5,1.8182510E+00,1.6138990E+00,1.4192185E+00,1.2382065E+00,1.0738340E+00,9.2556940E-01,7.8742320E-01,6.5969580E-01,5.4229220E-01,4.3141490E-01,3.2384490E-01,2.2246660E-01,1.4244070E-01,8.6558020E-02,5.7992410E-02,4.1319260E-02,3.0803170E-02,2.4448960E-02,2.0366960E-02,1.7205410E-02,1.4604850E-02,1.2433253E-02,1.0621652E-02,9.1018570E-03,7.7848940E-03,6.6675550E-03,5.7131990E-03,4.9055910E-03,4.2176630E-03,3.6238060E-03,3.1164960E-03,2.6794470E-03,2.3063450E-03,1.9858330E-03,1.7100120E-03,1.4699700E-03,1.2668171E-03,1.0927820E-03,9.4441860E-04,8.1476520E-04,7.0289650E-04
487.5,1.6831010E+00,1.4901696E+00,1.3072473E+00,1.1380172E+00,9.8497540E-01,8.4754970E-01,7.2050030E-01,6.0353660E-01,4.9658800E-01,3.9610930E-01,2.9891240E-01,2.0705880E-01,1.3386170E-01,8.2117400E-02,5.5269160E-02,3.9456030E-02,2.9405220E-02,2.3268250E-02,1.9295360E-02,1.6230600E-02,1.3721619E-02,1.1635474E-02,9.9012570E-03,8.4501850E-03,7.2039130E-03,6.1460900E-03,5.2484630E-03,4.4911520E-03,3.8478590E-03,3.2952240E-03,2.8242160E-03,2.4200790E-03,2.0759760E-03,1.7815710E-03,1.5291180E-03,1.3102752E-03,1.1257517E-03,9.6794900E-04,8.3375680E-04,7.1678880E-04,6.1632990E-04
492.5,1.7747240E+00,1.5623205E+00,1.3627209E+00,1.1798146E+00,1.0157229E+00,8.6968210E-01,7.3636610E-01,6.1488950E-01,5.0493680E-01,4.0272980E-01,3.0474110E-01,2.1228950E-01,1.3813970E-01,8.5249020E-02,5.7450640E-02,4.0960860E-02,3.0415790E-02,2.3905770E-02,1.9669180E-02,1.6412490E-02,1.3766097E-02,1.1585633E-02,9.7821130E-03,8.2897020E-03,7.0151710E-03,5.9451220E-03,5.0423150E-03,4.2847950E-03,3.6457530E-03,3.1010690E-03,2.6397780E-03,2.2470390E-03,1.9145590E-03,1.6324290E-03,1.3917828E-03,1.1850312E-03,1.0112616E-03,8.6377460E-04,7.3915570E-04,6.3144120E-04,5.3944380E-04
497.5,1.7394692E+00,1.5165757E+00,1.3099877E+00,1.1233852E+00,9.5806000E-01,8.1298380E-01,6.8286640E-01,5.6633180E-01,4.6259900E-01,3.6788770E-01,2.7853700E-01,1.9490940E-01,1.2756050E-01,7.9124650E-02,5.3260860E-02,3.7806280E-02,2.7867050E-02,2.1658910E-02,1.7584830E-02,1.4488176E-02,1.2005237E-02,9.9770070E-03,8.3261730E-03,6.9733870E-03,5.8350100E-03,4.8894040E-03,4.1007970E-03,3.4445180E-03,2.8986270E-03,2.4384330E-03,2.0533560E-03,1.7291440E-03,1.4574421E-03,1.2294195E-03,1.0373344E-03,8.7414030E-04,7.3812720E-04,6.2376490E-04,5.2806770E-04,4.4661080E-04,3.7758000E-04
502.5,1.6545531E+00,1.4176831E+00,1.2031011E+00,1.0137527E+00,8.4968300E-01,7.0886810E-01,5.8607030E-01,4.7900780E-01,3.8620400E-01,3.0396330E-01,2.2866930E-01,1.5967700E-01,1.0440271E-01,6.4627600E-02,4.3112120E-02,3.0224830E-02,2.1937340E-02,1.6719232E-02,1.3288660E-02,1.0720242E-02,8.7028240E-03,7.0939330E-03,5.8019270E-03,4.7647400E-03,3.9116400E-03,3.2151220E-03,2.6467510E-03,2.1817110E-03,1.8022136E-03,1.4890049E-03,1.2312895E-03,1.0184731E-03,8.4336020E-04,6.9886910E-04,5.7945790E-04,4.7995970E-04,3.9821630E-04,3.3072080E-04,2.7519460E-04,2.2886180E-04,1.9029520E-04
507.5,1.7010641E+00,1.4161636E+00,1.1670727E+00,9.5505270E-01,7.7740800E-01,6.3007360E-01,5.0670800E-01,4.0320550E-01,3.1699270E-01,2.4387870E-01,1.8008750E-01,1.2396442E-01,7.9989170E-02,4.8797980E-02,3.1843670E-02,2.1773030E-02,1.5372111E-02,1.1351702E-02,8.7239530E-03,6.8140310E-03,5.3600240E-03,4.2365030E-03,3.3614400E-03,2.6787420E-03,2.1358450E-03,1.7059018E-03,1.3645566E-03,1.0930854E-03,8.7772110E-04,7.0573690E-04,5.6778190E-04,4.5720810E-04,3.6861530E-04,2.9761640E-04,2.4048670E-04,1.9425220E-04,1.5719429E-04,1.2742000E-04,1.0355251E-04,8.4146520E-05,6.8408900E-05
512.5,1.6433196E+00,1.3212876E+00,1.0510455E+00,8.3026110E-01,6.5238260E-01,5.1052570E-01,3.9681430E-01,3.0544250E-01,2.3258970E-01,1.7370880E-01,1.2498387E-01,8.4167030E-02,5.3183550E-02,3.1737290E-02,2.0121400E-02,1.3334307E-02,9.1073020E-03,6.4854360E-03,4.8004540E-03,3.6140800E-03,2.7426720E-03,2.0934693E-03,1.6053670E-03,1.2371191E-03,9.5470380E-04,7.3869010E-04,5.7290240E-04,4.4538460E-04,3.4719270E-04,2.7117800E-04,2.1228530E-04,1.6653130E-04,1.3095079E-04,1.0325157E-04,8.1577140E-05,6.4550530E-05,5.1253330E-05,4.0827740E-05,3.2668400E-05,2.6195420E-05,2.1066990E-05
517.5,1.5155086E+00,1.1947960E+00,9.3173710E-01,7.2161170E-01,5.5599020E-01,4.2673310E-01,3.2557320E-01,2.4616220E-01,1.8431488E-01,1.3560797E-01,9.6414830E-02,6.4384740E-02,4.0394950E-02,2.3925550E-02,1.4973649E-02,9.7734390E-03,6.5635060E-03,4.5842090E-03,3.3233760E-03,2.4510606E-03,1.8259537E-03,1.3677916E-03,1.0296317E-03,7.7944180E-04,5.9141250E-04,4.5023000E-04,3.4384090E-04,2.6338940E-04,2.0253150E-04,1.5618410E-04,1.2083722E-04,9.3816260E-05,7.3096920E-05,5.7206600E-05,4.4913420E-05,3.5379530E-05,2.8008330E-05,2.2284710E-05,1.7833970E-05,1.4332840E-05,1.1573430E-05
522.5,1.6219329E+00,1.2750419E+00,9.9156020E-01,7.6623800E-01,5.8887570E-01,4.5091420E-01,3.4341950E-01,2.5934190E-01,1.9415241E-01,1.4303234E-01,1.0206691E-01,6.8600810E-02,4.3369500E-02,2.5880220E-02,1.6254914E-02,1.0625014E-02,7.1332320E-03,4.9682120E-03,3.5914640E-03,2.6385881E-03,1.9553517E-03,1.4587100E-03,1.0933707E-03,8.2406070E-04,6.2260270E-04,4.7179070E-04,3.5871180E-04,2.7346180E-04,2.0923470E-04,1.6053390E-04,1.2355581E-04,9.5386580E-05,7.3888320E-05,5.7460650E-05,4.4847680E-05,3.5103140E-05,2.7599250E-05,2.1804570E-05,1.7327060E-05,1.3823950E-05,1.1076500E-05
527.5,1.5923614E+00,1.2460166E+00,9.6457300E-01,7.4183430E-01,5.6762360E-01,4.3282430E-01,3.2841870E-01,2.4723970E-01,1.8465029E-01,1.3589547E-01,9.7099340E-02,6.5530940E-02,4.1650960E-02,2.4987690E-02,1.5711021E-02,1.0260914E-02,6.8727240E-03,4.7658710E-03,3.4221950E-03,2.5006282E-03,1.8438583E-03,1.3685082E-03,1.0207620E-03,7.6561990E-04,5.7575710E-04,4.3428070E-04,3.2862900E-04,2.4929520E-04,1.8990470E-04,1.4515552E-04,1.1126219E-04,8.5580640E-05,6.6051580E-05,5.1193880E-05,3.9813930E-05,3.1060590E-05,2.4341820E-05,1.9172160E-05,1.5189690E-05,1.2083970E-05,9.6575200E-06
532.5,1.6073013E+00,1.2479922E+00,9.5864870E-01,7.3166960E-01,5.5562520E-01,4.2053970E-01,3.1682490E-01,2.3699910E-01,1.7597958E-01,1.2890301E-01,9.1854680E-02,6.1979050E-02,3.9425200E-02,2.3668610E-02,1.4838692E-02,9.6478240E-03,6.4256710E-03,4.4236560E-03,3.1505890E-03,2.2842204E-03,1.6714366E-03,1.2313055E-03,9.1194160E-04,6.7914300E-04,5.0728660E-04,3.8021800E-04,2.8596700E-04,2.1574360E-04,1.6346340E-04,1.2426906E-04,9.4815980E-05,7.2624180E-05,5.5845600E-05,4.3141300E-05,3.3463860E-05,2.6057730E-05,2.0393240E-05,1.6051920E-05,1.2717940E-05,1.0119730E-05,8.0956500E-06
537.5,1.6168800E+00,1.2436667E+00,9.4636100E-01,7.1559570E-01,5.3844170E-01,4.0382240E-01,3.0157010E-01,2.2369040E-01,1.6482004E-01,1.1992859E-01,8.5059430E-02,5.7261600E-02,3.6378340E-02,2.1809770E-02,1.3604886E-02,8.7887570E-03,5.8103040E-03,3.9647980E-03,2.7970274E-03,2.0089984E-03,1.4569419E-03,1.0644424E-03,7.8180090E-04,5.7777310E-04,4.2845380E-04,3.1894010E-04,2.3841140E-04,1.7889700E-04,1.3487836E-04,1.0212357E-04,7.7654520E-05,5.9329550E-05,4.5550260E-05,3.5182410E-05,2.7309510E-05,2.1300450E-05,1.6713970E-05,1.3203150E-05,1.0516740E-05,8.4175000E-06,6.7755300E-06
542.5,1.5799067E+00,1.1971155E+00,8.9730590E-01,6.6838320E-01,4.9546000E-01,3.6611160E-01,2.6948430E-01,1.9711253E-01,1.4328303E-01,1.0294834E-01,7.2208160E-02,4.8171800E-02,3.0355090E-02,1.8049610E-02,1.1131047E-02,7.1021900E-03,4.6349340E-03,3.1191780E-03,2.1694250E-03,1.5374638E-03,1.1009405E-03,7.9475630E-04,5.7734560E-04,4.2234560E-04,3.1039750E-04,2.2925470E-04,1.7025760E-04,1.2709980E-04,9.5496350E-05,7.2182290E-05,5.4898350E-05,4.2038860E-05,3.2405100E-05,2.5171990E-05,1.9694380E-05,1.5514940E-05,1.2318330E-05,9.8607200E-06,7.9632500E-06,6.4746800E-06,5.2984200E-06
547.5,1.5851631E+00,1.1723376E+00,8.5753310E-01,6.2330420E-01,4.5095510E-01,3.2528732E-01,2.3383156E-01,1.6703853E-01,1.1861050E-01,8.3344200E-02,5.7260210E-02,3.7499450E-02,2.3217990E-02,1.3565191E-02,8.1927410E-03,5.1162940E-03,3.2680720E-03,2.1520190E-03,1.4653434E-03,1.0179263E-03,7.1565860E-04,5.0802970E-04,3.6353380E-04,2.6256380E-04,1.9099320E-04,1.3999840E-04,1.0347890E-04,7.7122920E-05,5.8048390E-05,4.4108120E-05,3.3845450E-05,2.6233980E-05,2.0540980E-05,1.6256410E-05,1.2989990E-05,1.0469530E-05,8.5170400E-06,6.9915300E-06,5.7915700E-06,4.8282200E-06,4.0481800E-06
552.5,1.5843125E+00,1.1456052E+00,8.1922250E-01,5.8222770E-01,4.1186820E-01,2.9051188E-01,2.0430292E-01,1.4282087E-01,9.9305900E-02,6.8373310E-02,4.6108900E-02,2.9709220E-02,1.8119060E-02,1.0430385E-02,6.1854290E-03,3.7905720E-03,2.3763320E-03,1.5355907E-03,1.0266955E-03,7.0167140E-04,4.8626730E-04,3.4104390E-04,2.4177280E-04,1.7347800E-04,1.2577450E-04,9.2205100E-05,6.8412400E-05,5.1383380E-05,3.9109380E-05,3.0147630E-05,2.3543000E-05,1.8617090E-05,1.4896440E-05,1.2060310E-05,9.8618900E-06,8.1326000E-06,6.7640800E-06,5.6704700E-06,4.7897000E-06,4.0653300E-06,3.4637300E-06
557.5,1.5416622E+00,1.0992755E+00,7.7516000E-01,5.4329690E-01,3.7902619E-01,2.6370494E-01,1.8297778E-01,1.2625932E-01,8.6694200E-02,5.8997570E-02,3.9381330E-02,2.5173050E-02,1.5248000E-02,8.7210800E-03,5.1222150E-03,3.1067300E-03,1.9274252E-03,1.2323780E-03,8.1595520E-04,5.5296660E-04,3.8065340E-04,2.6566510E-04,1.8783310E-04,1.3476070E-04,9.7937900E-05,7.2141200E-05,5.3922160E-05,4.0891790E-05,3.1489290E-05,2.4602430E-05,1.9488690E-05,1.5640240E-05,1.2699610E-05,1.0428790E-05,8.6422500E-06,7.2150900E-06,6.0682000E-06,5.1373900E-06,4.3775300E-06,3.7432600E-06,3.2098100E-06
562.5,1.5597943E+00,1.0984146E+00,7.6493100E-01,5.2950520E-01,3.6486412E-01,2.5074486E-01,1.7184985E-01,1.1719584E-01,7.9556340E-02,5.3560380E-02,3.5414800E-02,2.2465360E-02,1.3519107E-02,7.6846430E-03,4.4745190E-03,2.6891940E-03,1.6532989E-03,1.0476869E-03,6.8781230E-04,4.6288440E-04,3.1688970E-04,2.2031760E-04,1.5547630E-04,1.1154300E-04,8.1234100E-05,6.0092600E-05,4.5189400E-05,3.4530390E-05,2.6827190E-05,2.1163070E-05,1.6928850E-05,1.3718190E-05,1.1242300E-05,9.3102300E-06,7.7751600E-06,6.5343100E-06,5.5267200E-06,4.7011800E-06,4.0212400E-06,3.4493600E-06,2.9650300E-06
567.5,1.5284886E+00,1.0546105E+00,7.1953620E-01,4.8802116E-01,3.2954245E-01,2.2196850E-01,1.4916424E-01,9.9730590E-02,6.6411980E-02,4.3889270E-02,2.8518200E-02,1.7806400E-02,1.0557428E-02,5.9158030E-03,3.3898540E-03,2.0057610E-03,1.2153835E-03,7.6007150E-04,4.9338790E-04,3.2919140E-04,2.2428740E-04,1.5578740E-04,1.1024370E-04,7.9628100E-05,5.8598700E-05,4.3950080E-05,3.3596650E-05,2.6140800E-05,2.0700180E-05,1.6640290E-05,1.3554060E-05,1.1169600E-05,9.2906900E-06,7.7949300E-06,6.5819500E-06,5.5827100E-06,4.7572100E-06,4.0705700E-06,3.4983500E-06,3.0116300E-06,2.5951000E-06
572.5,1.5360061E+00,1.0224865E+00,6.7296080E-01,4.4035677E-01,2.8689512E-01,1.8649687E-01,1.2096770E-01,7.8107560E-02,5.0255230E-02,3.2107680E-02,2.0190100E-02,1.2217904E-02,7.0276190E-03,3.8253750E-03,2.1297280E-03,1.2274593E-03,7.2714000E-04,4.4658260E-04,2.8648640E-04,1.9024100E-04,1.2993730E-04,9.1164100E-05,6.5676300E-05,4.8608600E-05,3.6835100E-05,2.8536430E-05,2.2558410E-05,1.8144620E-05,1.4821000E-05,1.2253710E-05,1.0229300E-05,8.6073800E-06,7.2850500E-06,6.1995500E-06,5.2948200E-06,4.5304900E-06,3.8862000E-06,3.3415800E-06,2.8822900E-06,2.4872940E-06,2.1462470E-06
577.5,1.5286804E+00,9.6242480E-01,5.9898498E-01,3.7069510E-01,2.2850241E-01,1.4057346E-01,8.6372150E-02,5.2864840E-02,3.2269660E-02,1.9590583E-02,1.1727310E-02,6.7706730E-03,3.7241630E-03,1.9455460E-03,1.0440748E-03,5.8450600E-04,3.3974630E-04,2.0731380E-04,1.3404880E-04,9.1066300E-05,6.4477100E-05,4.7395500E-05,3.6000000E-05,2.8162930E-05,2.2522830E-05,1.8335370E-05,1.5142570E-05,1.2640070E-05,1.0645160E-05,9.0198500E-06,7.6748700E-06,6.5530300E-06,5.6072600E-06,4.8106900E-06,4.1324200E-06,3.5493700E-06,3.0514500E-06,2.6270700E-06,2.2673330E-06,1.9565820E-06,1.6869990E-06
582.5,1.5439706E+00,8.8745290E-01,5.0419314E-01,2.8495339E-01,1.6051812E-01,9.0357730E-02,5.0882960E-02,2.8616505E-02,1.6115232E-02,9.0743320E-03,5.0739850E-03,2.7586740E-03,1.4423070E-03,7.2527830E-04,3.8135680E-04,2.1405160E-04,1.2793330E-04,8.2346200E-05,5.7407900E-05,4.2572200E-05,3.2964000E-05,2.6340940E-05,2.1510080E-05,1.7867170E-05,1.4978440E-05,1.2638130E-05,1.0719060E-05,9.1201200E-06,7.7848600E-06,6.6567700E-06,5.6975000E-06,4.8822300E-06,4.1848700E-06,3.5927600E-06,3.0854800E-06,2.6475100E-06,2.2724150E-06,1.9527480E-06,1.6823140E-06,1.4487740E-06,1.2461670E-06
587.5,1.4344839E+00,7.2683706E-01,3.6411363E-01,1.8165027E-01,9.0498330E-02,4.5199040E-02,2.2712895E-02,1.1507346E-02,5.9297360E-03,3.1265880E-03,1.6856890E-03,9.1068300E-04,4.8649800E-04,2.5655100E-04,1.4552110E-04,9.0128600E-05,6.0017300E-05,4.2973400E-05,3.2994700E-05,2.6473200E-05,2.1738670E-05,1.8102190E-05,1.5194220E-05,1.2849070E-05,1.0887660E-05,9.2405200E-06,7.8588800E-06,6.6891900E-06,5.7048100E-06,4.8698500E-06,4.1579200E-06,3.5532200E-06,3.0359100E-06,2.5985100E-06,2.2246370E-06,1.9023880E-06,1.6269090E-06,1.3930960E-06,1.1964970E-06,1.0271020E-06,8.8030300E-07
592.5,1.4039939E+00,6.0741155E-01,2.6001396E-01,1.1106496E-01,4.7561092E-02,2.0582689E-02,9.1058970E-03,4.1843760E-03,2.0543660E-03,1.1015020E-03,6.4266500E-04,3.8880400E-04,2.3357280E-04,1.3656420E-04,8.4731100E-05,5.6547000E-05,3.9790100E-05,2.9585900E-05,2.3318530E-05,1.9018880E-05,1.5748820E-05,1.3154500E-05,1.1035450E-05,9.3134500E-06,7.8648300E-06,6.6466800E-06,5.6275300E-06,4.7660600E-06,4.0449800E-06,3.4362400E-06,2.9193600E-06,2.4829100E-06,2.1107980E-06,1.7985050E-06,1.5328370E-06,1.3046280E-06,1.1101140E-06,9.4588600E-07,8.0901600E-07,6.9157100E-07,5.8984200E-07
597.5,1.4365571E+00,4.8867190E-01,1.6479952E-01,5.5716350E-02,1.9101550E-02,6.8125110E-03,2.6516530E-03,1.2022220E-03,6.6724600E-04,4.3905700E-04,3.1335200E-04,2.1957950E-04,1.4416440E-04,8.8036600E-05,5.5859000E-05,3.7830800E-05,2.6776800E-05,1.9903540E-05,1.5680440E-05,1.2770020E-05,1.0532960E-05,8.7511600E-06,7.2930900E-06,6.1171700E-06,5.1312600E-06,4.3066200E-06,3.6223500E-06,3.0462200E-06,2.5683700E-06,2.1680460E-06,1.8300290E-06,1.5470860E-06,1.3067350E-06,1.1071300E-06,9.3844100E-07,7.9403800E-07,6.7132400E-07,5.6845600E-07,4.8383700E-07,4.1153400E-07,3.4886900E-07
602.5,1.4537028E+00,3.8573353E-01,1.0177885E-01,2.7134690E-02,7.5303750E-03,2.3458640E-03,9.3461300E-04,5.1182500E-04,3.5588600E-04,2.7343600E-04,2.1182070E-04,1.5399660E-04,1.0227160E-04,6.2068400E-05,3.9009200E-05,2.6251900E-05,1.8412360E-05,1.3522260E-05,1.0553690E-05,8.5247800E-06,6.9684400E-06,5.7371200E-06,4.7343200E-06,3.9366400E-06,3.2730000E-06,2.7224300E-06,2.2709300E-06,1.8927470E-06,1.5827340E-06,1.3257010E-06,1.1101940E-06,9.3179200E-07,7.8083600E-07,6.5717800E-07,5.5350400E-07,4.6511900E-07,3.9021200E-07,3.2795500E-07,2.7764400E-07,2.3485800E-07,1.9767970E-07
607.5,1.4614038E+00,3.4578450E-01,8.1481446E-02,1.9485101E-02,4.9336040E-03,1.4773800E-03,6.1819300E-04,3.6932000E-04,2.7147800E-04,2.1337450E-04,1.6681470E-04,1.2168390E-04,8.0634600E-05,4.8421700E-05,3.0009000E-05,1.9940160E-05,1.3768120E-05,9.9188300E-06,7.6136500E-06,6.0646200E-06,4.8910700E-06,3.9762400E-06,3.2384100E-06,2.6621100E-06,2.1883500E-06,1.7996790E-06,1.4856450E-06,1.2244540E-06,1.0134480E-06,8.4086500E-07,6.9738500E-07,5.8031300E-07,4.8168200E-07,4.0230500E-07,3.3641100E-07,2.8048100E-07,2.3316700E-07,1.9426540E-07,1.6357080E-07,1.3759350E-07,1.1488940E-07
612.5,1.4239169E+00,3.2788363E-01,7.5205558E-02,1.7512685E-02,4.3193400E-03,1.2641140E-03,5.2100900E-04,3.0834300E-04,2.2495800E-04,1.7582360E-04,1.3716140E-04,9.9929600E-05,6.5927300E-05,3.9104400E-05,2.3805450E-05,1.5542330E-05,1.0510250E-05,7.3837700E-06,5.5455100E-06,4.3405800E-06,3.4444200E-06,2.7591600E-06,2.2132800E-06,1.7962860E-06,1.4582000E-06,1.1843370E-06,9.6683400E-07,7.8719200E-07,6.4450000E-07,5.2962400E-07,4.3493300E-07,3.5896300E-07,2.9511100E-07,2.4486100E-07,2.0356160E-07,1.6855890E-07,1.3888660E-07,1.1477940E-07,9.6368600E-08,8.0826600E-08,6.7026100E-08
617.5,1.4174144E+00,3.1672464E-01,7.0501627E-02,1.5929105E-02,3.8107690E-03,1.0832870E-03,4.3667000E-04,2.5494300E-04,1.8433930E-04,1.4324080E-04,1.1154360E-04,8.1186100E-05,5.3304400E-05,3.1174500E-05,1.8596820E-05,1.1906660E-05,7.8661800E-06,5.3702600E-06,3.9368600E-06,3.0246800E-06,2.3598500E-06,1.8618110E-06,1.4699030E-06,1.1781190E-06,9.4467700E-07,7.5794300E-07,6.1242900E-07,4.9277400E-07,3.9950200E-07,3.2564700E-07,2.6518500E-07,2.1760100E-07,1.7747340E-07,1.4676320E-07,1.2174030E-07,1.0043110E-07,8.2196000E-08,6.7549800E-08,5.6853600E-08,4.7779500E-08,3.9474100E-08
622.5,1.4187322E+00,3.0372798E-01,6.4797090E-02,1.4039081E-02,3.2292280E-03,8.9201600E-04,3.5655100E-04,2.0844810E-04,1.5060130E-04,1.1676180E-04,9.0922100E-05,6.6186300E-05,4.3290200E-05,2.4988600E-05,1.4625150E-05,9.1947000E-06,5.9399600E-06,3.9408300E-06,2.8204200E-06,2.1282340E-06,1.6335270E-06,1.2703480E-06,9.8761900E-07,7.8281100E-07,6.2087800E-07,4.9281100E-07,3.9496800E-07,3.1463500E-07,2.5318000E-07,2.0530470E-07,1.6627070E-07,1.3617350E-07,1.1053220E-07,9.1528500E-08,7.6131400E-08,6.2852400E-08,5.1288400E-08,4.2083000E-08,3.5717800E-08,3.0247500E-08,2.5001000E-08
627.5,1.3842548E+00,2.8365972E-01,5.7956847E-02,1.2044270E-02,2.6745570E-03,7.2828100E-04,2.9592590E-04,1.7651290E-04,1.2845170E-04,9.9624200E-05,7.7574300E-05,5.6475300E-05,3.6872400E-05,2.1144060E-05,1.2251790E-05,7.6251100E-06,4.8610600E-06,3.1675900E-06,2.2310470E-06,1.6621700E-06,1.2607780E-06,9.7025900E-07,7.4593700E-07,5.8657600E-07,4.6170400E-07,3.6375400E-07,2.9004400E-07,2.2953400E-07,1.8391740E-07,1.4877500E-07,1.2018690E-07,9.8468200E-08,7.9785300E-08,6.6271200E-08,5.5350000E-08,4.5815400E-08,3.7381000E-08,3.0698700E-08,2.6267600E-08,2.2406400E-08,1.8558180E-08
632.5,1.3837668E+00,2.7014709E-01,5.2619096E-02,1.0445503E-02,2.2360590E-03,6.0433400E-04,2.5302190E-04,1.5533810E-04,1.1422630E-04,8.8678700E-05,6.8976500E-05,5.0178300E-05,3.2748100E-05,1.8769990E-05,1.0865640E-05,6.7490500E-06,4.2869400E-06,2.7772000E-06,1.9428670E-06,1.4375310E-06,1.0828150E-06,8.2791700E-07,6.3227300E-07,4.9449600E-07,3.8721500E-07,3.0356600E-07,2.4113600E-07,1.9001050E-07,1.5176240E-07,1.2249110E-07,9.8735100E-08,8.0839000E-08,6.5393500E-08,5.4351600E-08,4.5451300E-08,3.7646300E-08,3.0700500E-08,2.5211300E-08,2.1641800E-08,1.8510810E-08,1.5338520E-08
637.5,1.3909715E+00,2.5268223E-01,4.5849438E-02,8.5132960E-03,1.7369110E-03,4.7341490E-04,2.1165920E-04,1.3647100E-04,1.0203610E-04,7.9413600E-05,6.1696900E-05,4.4837300E-05,2.9264400E-05,1.6799580E-05,9.7497400E-06,6.0650800E-06,3.8547200E-06,2.4963400E-06,1.7424350E-06,1.2844530E-06,9.6333500E-07,7.3341500E-07,5.5773900E-07,4.3444000E-07,3.3886700E-07,2.6468500E-07,2.0958070E-07,1.6461130E-07,1.3110270E-07,1.0555350E-07,8.4888300E-08,6.9392100E-08,5.6023600E-08,4.6518600E-08,3.8873900E-08,3.2173400E-08,2.6207700E-08,2.1500300E-08,1.8466580E-08,1.5795100E-08,1.3078560E-08
642.5,1.3742523E+00,2.3394983E-01,3.9827463E-02,6.9692040E-03,1.3686250E-03,3.8107170E-04,1.8172430E-04,1.2165070E-04,9.1894000E-05,7.1557200E-05,5.5518000E-05,4.0322600E-05,2.6327900E-05,1.5132740E-05,8.7966700E-06,5.4765100E-06,3.4806100E-06,2.2523810E-06,1.5685120E-06,1.1523630E-06,8.6103600E-07,6.5311400E-07,4.9489900E-07,3.8417500E-07,2.9868600E-07,2.3259400E-07,1.8369210E-07,1.4390020E-07,1.1435110E-07,9.1886800E-08,7.3768900E-08,6.0232300E-08,4.8558000E-08,4.0290400E-08,3.3654500E-08,2.7838500E-08,2.2659400E-08,1.8576900E-08,1.5961790E-08,1.3656370E-08,1.1300700E-08
647.5,1.3155378E+00,2.1092233E-01,3.3861715E-02,5.6191170E-03,1.0742880E-03,3.1090900E-04,1.5834530E-04,1.0926420E-04,8.3148500E-05,6.4827100E-05,5.0374000E-05,3.6676100E-05,2.3983600E-05,1.3759860E-05,7.9718800E-06,4.9492400E-06,3.1331100E-06,2.0169180E-06,1.3981080E-06,1.0232280E-06,7.6167400E-07,5.7583900E-07,4.3483400E-07,3.3672700E-07,2.6118700E-07,2.0295750E-07,1.6008390E-07,1.2520040E-07,9.9396700E-08,7.9837400E-08,6.4071400E-08,5.2345900E-08,4.2192000E-08,3.5050500E-08,2.9320200E-08,2.4277400E-08,1.9765180E-08,1.6210070E-08,1.3959120E-08,1.1961290E-08,9.9020500E-09
652.5,1.3128290E+00,1.8563819E-01,2.6356047E-02,3.9197290E-03,7.1778440E-04,2.2959260E-04,1.3243310E-04,9.5970400E-05,7.4304700E-05,5.8677100E-05,4.6422500E-05,3.4404400E-05,2.2678500E-05,1.2836200E-05,7.2814900E-06,4.4596200E-06,2.7761800E-06,1.7501700E-06,1.2001460E-06,8.7528200E-07,6.4982500E-07,4.9086200E-07,3.6977200E-07,2.8685700E-07,2.2278200E-07,1.7328120E-07,1.3716190E-07,1.0738550E-07,8.5513300E-08,6.8979100E-08,5.5547400E-08,4.5655000E-08,3.6894400E-08,3.0854400E-08,2.5983400E-08,2.1612800E-08,1.7625450E-08,1.4480780E-08,1.2560180E-08,1.0819040E-08,8.9650200E-09
657.5,1.2513081E+00,1.4603946E-01,1.7221084E-02,2.2062880E-03,4.1406930E-04,1.6993470E-04,1.1609700E-04,8.9120800E-05,7.1834300E-05,5.9591300E-05,5.0418400E-05,3.9658600E-05,2.6823900E-05,1.4600570E-05,7.7624100E-06,4.5594400E-06,2.6900300E-06,1.5802410E-06,1.0504280E-06,7.6551900E-07,5.6988400E-07,4.3436500E-07,3.2797300E-07,2.5874900E-07,2.0370440E-07,1.6024490E-07,1.2920330E-07,1.0207260E-07,8.2455300E-08,6.7646000E-08,5.5198300E-08,4.6256600E-08,3.7709700E-08,3.2143900E-08,2.7567500E-08,2.3199700E-08,1.8986280E-08,1.5653550E-08,1.3809850E-08,1.2036690E-08,9.9812500E-09
662.5,1.3379074E+00,1.3316738E-01,1.3482368E-02,1.5588940E-03,3.2538190E-04,1.6789970E-04,1.3013480E-04,1.0656970E-04,9.3307000E-05,8.5656500E-05,8.1437000E-05,6.9925900E-05,4.8969600E-05,2.5359400E-05,1.2298830E-05,6.7678200E-06,3.6304200E-06,1.8379600E-06,1.1390690E-06,8.3600600E-07,6.3207200E-07,4.9631600E-07,3.7935400E-07,3.1273300E-07,2.5462500E-07,2.0570750E-07,1.7234660E-07,1.3869210E-07,1.1505270E-07,9.7187000E-08,8.1025000E-08,6.9952000E-08,5.7731500E-08,5.0543300E-08,4.4410100E-08,3.7910600E-08,3.1113100E-08,2.5721100E-08,2.3160000E-08,2.0457410E-08,1.6949120E-08
667.5,1.3309645E+00,1.2226728E-01,1.1557900E-02,1.3607880E-03,3.6468400E-04,2.3398800E-04,2.0355100E-04,1.7876800E-04,1.7046340E-04,1.7043320E-04,1.7515330E-04,1.5768300E-04,1.1222900E-04,5.6726200E-05,2.6227000E-05,1.3899180E-05,6.9815900E-06,3.0969400E-06,1.7829150E-06,1.3279790E-06,1.0276470E-06,8.3769800E-07,6.5098800E-07,5.6209700E-07,4.7290900E-07,3.9154200E-07,3.3872000E-07,2.7672100E-07,2.3419200E-07,2.0190470E-07,1.7077640E-07,1.5023320E-07,1.2492340E-07,1.1106300E-07,9.8898200E-08,8.5063200E-08,6.9910800E-08,5.7862900E-08,5.2645700E-08,4.6801000E-08,3.8746100E-08
672.5,1.3138940E+00,1.1474766E-01,1.0509763E-02,1.3648080E-03,4.8518500E-04,3.5999700E-04,3.3525700E-04,3.0612500E-04,3.0467200E-04,3.1620700E-04,3.3493100E-04,3.0662300E-04,2.1939200E-04,1.0993570E-04,5.0009500E-05,2.6163900E-05,1.2815590E-05,5.3614000E-06,2.9775100E-06,2.2390000E-06,1.7549370E-06,1.4580380E-06,1.1422030E-06,1.0071540E-06,8.5907100E-07,7.1820600E-07,6.2914200E-07,5.1674200E-07,4.4040800E-07,3.8231900E-07,3.2488300E-07,2.8762000E-07,2.3964900E-07,2.1411200E-07,1.9146350E-07,1.6503610E-07,1.3566910E-07,1.1227000E-07,1.0248660E-07,9.1263800E-08,7.5514700E-08
677.5,1.3045993E+00,1.0653734E-01,9.3188040E-03,1.3231570E-03,5.7239600E-04,4.5607000E-04,4.3760700E-04,4.0599900E-04,4.1157000E-04,4.3433000E-04,4.6722200E-04,4.3219400E-04,3.1045400E-04,1.5460100E-04,6.9594900E-05,3.6145200E-05,1.7470810E-05,7.1057600E-06,3.8831200E-06,2.9306700E-06,2.3059500E-06,1.9289040E-06,1.5133090E-06,1.3447130E-06,1.1518280E-06,9.6544200E-07,8.4957800E-07,6.9842900E-07,5.9634800E-07,5.1869500E-07,4.4124600E-07,3.9161800E-07,3.2623600E-07,2.9203000E-07,2.6159300E-07,2.2561200E-07,1.8530550E-07,1.5322760E-07,1.4012120E-07,1.2485390E-07,1.0320230E-07
682.5,1.2870663E+00,9.5177499E-02,7.6166620E-03,1.0783290E-03,5.0364200E-04,4.1147000E-04,3.9908400E-04,3.7248300E-04,3.8196200E-04,4.0892200E-04,4.4810400E-04,4.2113500E-04,3.0469700E-04,1.5028220E-04,6.6507700E-05,3.4141100E-05,1.6210040E-05,6.3977800E-06,3.4407300E-06,2.5942000E-06,2.0381120E-06,1.7075810E-06,1.3357110E-06,1.1911360E-06,1.0210430E-06,8.5538500E-07,7.5467800E-07,6.1943900E-07,5.2893300E-07,4.6025400E-07,3.9137400E-07,3.4805600E-07,2.8945200E-07,2.5955100E-07,2.3291600E-07,2.0088790E-07,1.6465540E-07,1.3585410E-07,1.2453550E-07,1.1104060E-07,9.1584100E-08
687.5,1.1279654E+00,7.2881355E-02,5.1010140E-03,6.6411700E-04,3.1298200E-04,2.5477300E-04,2.4513100E-04,2.2774000E-04,2.3472500E-04,2.5473600E-04,2.8586500E-04,2.7494500E-04,2.0115450E-04,9.7795700E-05,4.2181100E-05,2.1272590E-05,9.8467000E-06,3.7437300E-06,1.9753730E-06,1.4808810E-06,1.1558750E-06,9.6592600E-07,7.5030400E-07,6.6967400E-07,5.7305300E-07,4.7872800E-07,4.2308100E-07,3.4600800E-07,2.9509300E-07,2.5666600E-07,2.1795800E-07,1.9426640E-07,1.6106040E-07,1.4472820E-07,1.3017090E-07,1.1224080E-07,9.1691300E-08,7.5388400E-08,6.9347000E-08,6.1882200E-08,5.0866700E-08
692.5,1.1390635E+00,6.0426021E-02,3.4498810E-03,3.7602810E-04,1.6981010E-04,1.3374440E-04,1.2347910E-04,1.1156190E-04,1.1279710E-04,1.2155750E-04,1.3741530E-04,1.3391590E-04,9.8621400E-05,4.7351600E-05,2.0078630E-05,1.0023760E-05,4.5739500E-06,1.7150110E-06,9.0344900E-07,6.7273800E-07,5.2012300E-07,4.3153300E-07,3.3257500E-07,2.9559200E-07,2.5176700E-07,2.0940900E-07,1.8499080E-07,1.5076070E-07,1.2831880E-07,1.1141480E-07,9.4462600E-08,8.4307500E-08,6.9725400E-08,6.2716500E-08,5.6480900E-08,4.8691100E-08,3.9702600E-08,3.2568300E-08,3.0024400E-08,2.6788700E-08,2.1977300E-08
697.5,1.1730107E+00,4.6457263E-02,2.0014982E-03,1.9534440E-04,9.3228100E-05,7.0282000E-05,6.0040500E-05,5.1165400E-05,4.8997300E-05,5.0866900E-05,5.6628700E-05,5.5262100E-05,4.0760100E-05,1.9346630E-05,8.1346400E-06,4.0487700E-06,1.8431710E-06,7.0223100E-07,3.7692100E-07,2.7771100E-07,2.1160800E-07,1.7300270E-07,1.3206780E-07,1.1596230E-07,9.7871200E-08,8.0854800E-08,7.1151600E-08,5.7786400E-08,4.9028700E-08,4.2413800E-08,3.5898600E-08,3.2039100E-08,2.6454200E-08,2.3779100E-08,2.1416300E-08,1.8458050E-08,1.5054600E-08,1.2342570E-08,1.1382610E-08,1.0141160E-08,8.3213600E-09
702.5,1.1520085E+00,3.0806053E-02,9.4080420E-04,1.0385350E-04,5.8021400E-05,4.1749900E-05,3.2464900E-05,2.5497200E-05,2.2185400E-05,2.1081800E-05,2.1887800E-05,2.0580480E-05,1.4940480E-05,7.0992600E-06,3.0536800E-06,1.5493450E-06,7.2877800E-07,2.9987400E-07,1.6890840E-07,1.2317790E-07,9.2537800E-08,7.4232600E-08,5.6370500E-08,4.8535700E-08,4.0493500E-08,3.3242800E-08,2.9017200E-08,2.3572400E-08,1.9944130E-08,1.7168900E-08,1.4526820E-08,1.2925980E-08,1.0698210E-08,9.5773400E-09,8.5981000E-09,7.4119000E-09,6.0808500E-09,5.0086900E-09,4.5976900E-09,4.0814000E-09,3.3679400E-09
707.5,1.1818754E+00,1.8280983E-02,3.6925370E-04,6.1904500E-05,3.8781600E-05,2.6539900E-05,1.8900790E-05,1.3614670E-05,1.0509970E-05,8.7154500E-06,7.8674900E-06,6.7122900E-06,4.6562800E-06,2.2566550E-06,1.0338580E-06,5.4799900E-07,2.7710600E-07,1.3015460E-07,7.8116000E-08,5.6417200E-08,4.1901900E-08,3.2958700E-08,2.5041300E-08,2.1070700E-08,1.7384380E-08,1.4218960E-08,1.2276370E-08,1.0024600E-08,8.4718500E-09,7.2588400E-09,6.1536000E-09,5.4433300E-09,4.5372400E-09,4.0330000E-09,3.5978500E-09,3.1040000E-09,2.5761300E-09,2.1434000E-09,1.9485730E-09,1.7205090E-09,1.4356220E-09
712.5,1.1730870E+00,8.0453361E-03,1.1832000E-04,4.1175700E-05,2.6486700E-05,1.7395490E-05,1.1701630E-05,7.9479300E-06,5.6390600E-06,4.1842800E-06,3.2699700E-06,2.4478200E-06,1.5781960E-06,7.8997900E-07,3.9307800E-07,2.1899100E-07,1.1959310E-07,6.2842400E-08,3.9497500E-08,2.8560100E-08,2.1245600E-08,1.6652420E-08,1.2780270E-08,1.0675550E-08,8.8070600E-09,7.2344700E-09,6.2274800E-09,5.1335000E-09,4.3528300E-09,3.7270700E-09,3.1737800E-09,2.7981600E-09,2.3511600E-09,2.0790400E-09,1.8459960E-09,1.5946940E-09,1.3379150E-09,1.1236030E-09,1.0129040E-09,8.9031400E-10,7.5047300E-10
717.5,9.7039787E-01,2.2850696E-03,5.1113800E-05,2.8588300E-05,1.7910330E-05,1.1382450E-05,7.4232000E-06,4.9060100E-06,3.3920900E-06,2.4494500E-06,1.8490330E-06,1.3301910E-06,8.3218700E-07,4.1710000E-07,2.1185120E-07,1.1960900E-07,6.6421600E-08,3.5425400E-08,2.2579700E-08,1.6622520E-08,1.2580880E-08,1.0046650E-08,7.8348100E-09,6.6442500E-09,5.5476200E-09,4.6008800E-09,3.9966200E-09,3.3197000E-09,2.8312000E-09,2.4297300E-09,2.0780600E-09,1.8371390E-09,1.5481630E-09,1.3691000E-09,1.2168100E-09,1.0519980E-09,8.8551100E-10,7.4511100E-10,6.7076100E-10,5.8825500E-10,4.9743600E-10
722.5,9.6950966E-01,6.5889230E-04,3.3192800E-05,1.9539300E-05,1.1772510E-05,7.2363100E-06,4.6052500E-06,2.9937800E-06,2.0651800E-06,1.5057550E-06,1.1594590E-06,8.4776100E-07,5.3233300E-07,2.6251100E-07,1.3170100E-07,7.4167700E-08,4.0800100E-08,2.1274300E-08,1.3637650E-08,1.0303760E-08,7.9775500E-09,6.5293700E-09,5.1721300E-09,4.4711800E-09,3.7815300E-09,3.1618700E-09,2.7750900E-09,2.3158200E-09,1.9843470E-09,1.7053680E-09,1.4631320E-09,1.2983350E-09,1.0944940E-09,9.6900200E-10,8.6344600E-10,7.4662100E-10,6.2876600E-10,5.2864700E-10,4.7626000E-10,4.1696900E-10,3.5291500E-10
727.5,9.5126958E-01,1.6984030E-04,2.2932400E-05,1.2939470E-05,7.4442900E-06,4.4101800E-06,2.7426900E-06,1.7635550E-06,1.2284290E-06,9.1813000E-07,7.3196300E-07,5.4959700E-07,3.4848700E-07,1.6953840E-07,8.4160500E-08,4.7402500E-08,2.5885700E-08,1.3214090E-08,8.5384800E-09,6.6264700E-09,5.2414200E-09,4.3824700E-09,3.5145300E-09,3.0836500E-09,2.6325600E-09,2.2121100E-09,1.9557780E-09,1.6360600E-09,1.4061110E-09,1.2082940E-09,1.0388160E-09,9.2434100E-10,7.7890400E-10,6.9000500E-10,6.1628500E-10,5.3278300E-10,4.4872200E-10,3.7685600E-10,3.3975400E-10,2.9694600E-10,2.5153400E-10
732.5,1.0329836E+00,5.5505900E-05,1.5718900E-05,8.3361700E-06,4.5540000E-06,2.5983200E-06,1.5890110E-06,1.0222570E-06,7.3145300E-07,5.6940900E-07,4.7479000E-07,3.6755700E-07,2.3586800E-07,1.1373000E-07,5.6095700E-08,3.1676300E-08,1.7226250E-08,8.6521400E-09,5.6326900E-09,4.4668700E-09,3.5894200E-09,3.0461300E-09,2.4614200E-09,2.1805400E-09,1.8722270E-09,1.5765240E-09,1.4003290E-09,1.1722710E-09,1.0092630E-09,8.6636900E-10,7.4584100E-10,6.6496800E-10,5.5988800E-10,4.9613200E-10,4.4405800E-10,3.8374000E-10,3.2315100E-10,2.7107600E-10,2.4456000E-10,2.1340800E-10,1.8090430E-10
737.5,1.0836884E+00,2.8587300E-05,1.0901920E-05,5.3737000E-06,2.7735900E-06,1.5278470E-06,9.3052600E-07,6.0991500E-07,4.5767400E-07,3.7613600E-07,3.2927000E-07,2.6247800E-07,1.7038660E-07,8.1757800E-08,4.0199500E-08,2.2770500E-08,1.2356910E-08,6.1361400E-09,4.0131300E-09,3.2269900E-09,2.6171200E-09,2.2398700E-09,1.8160340E-09,1.6175210E-09,1.3928190E-09,1.1731630E-09,1.0448660E-09,8.7440800E-10,7.5344800E-10,6.4596200E-10,5.5650000E-10,4.9688100E-10,4.1794800E-10,3.7045600E-10,3.3218200E-10,2.8694400E-10,2.4155600E-10,2.0238800E-10,1.8274820E-10,1.5929120E-10,1.3508470E-10
742.5,1.1084694E+00,2.0844250E-05,7.9023200E-06,3.5869300E-06,1.7469690E-06,9.3845900E-07,5.8210000E-07,3.9803100E-07,3.1841300E-07,2.7701300E-07,2.5288300E-07,2.0610800E-07,1.3491460E-07,6.4581200E-08,3.1700400E-08,1.7988100E-08,9.7439700E-09,4.7979900E-09,3.1397300E-09,2.5414300E-09,2.0690900E-09,1.7776670E-09,1.4420590E-09,1.2880040E-09,1.1103370E-09,9.3479600E-10,8.3387600E-10,6.9729400E-10,6.0100100E-10,5.1482100E-10,4.4363500E-10,3.9656100E-10,3.3324700E-10,2.9551600E-10,2.6537200E-10,2.2918100E-10,1.9282150E-10,1.6138080E-10,1.4587560E-10,1.2709450E-10,1.0777280E-10
747.5,1.1238541E+00,1.7463130E-05,5.9361600E-06,2.4591300E-06,1.1320540E-06,6.0332100E-07,3.9208200E-07,2.8548100E-07,2.4454300E-07,2.2341400E-07,2.1025200E-07,1.7382270E-07,1.1433570E-07,5.4638800E-08,2.6777600E-08,1.5198120E-08,8.2144100E-09,4.0152600E-09,2.6215800E-09,2.1271500E-09,1.7335020E-09,1.4916840E-09,1.2090830E-09,1.0816490E-09,9.3277000E-10,7.8481800E-10,7.0086100E-10,5.8554400E-10,5.0469000E-10,4.3213600E-10,3.7238700E-10,3.3321900E-10,2.7978300E-10,2.4827900E-10,2.2322100E-10,1.9277350E-10,1.6207910E-10,1.3552210E-10,1.2265510E-10,1.0687060E-10,9.0588000E-11
752.5,1.1153158E+00,1.4958390E-05,4.4996100E-06,1.6909040E-06,7.4040200E-07,4.0106000E-07,2.8026300E-07,2.1884700E-07,1.9855950E-07,1.8760100E-07,1.7973650E-07,1.4968240E-07,9.8637700E-08,4.7051900E-08,2.3017400E-08,1.3051690E-08,7.0352600E-09,3.4152600E-09,2.2214700E-09,1.8030850E-09,1.4688060E-09,1.2646230E-09,1.0236380E-09,9.1682600E-10,7.9071900E-10,6.6484100E-10,5.9432100E-10,4.9609400E-10,4.2759400E-10,3.6601100E-10,3.1541300E-10,2.8253900E-10,2.3705400E-10,2.1052600E-10,1.8950790E-10,1.6366950E-10,1.3752680E-10,1.1489670E-10,1.0412550E-10,9.0744300E-11,7.6892500E-11
757.5,9.7176406E-01,1.2647650E-05,3.4617800E-06,1.1831520E-06,4.9853300E-07,2.8047800E-07,2.1233500E-07,1.7584260E-07,1.6582970E-07,1.5971910E-07,1.5440960E-07,1.2898280E-07,8.5001400E-08,4.0464600E-08,1.9757420E-08,1.1187620E-08,6.0139500E-09,2.9009600E-09,1.8792600E-09,1.5246570E-09,1.2409130E-09,1.0686440E-09,8.6372800E-10,7.7439500E-10,6.6793000E-10,5.6121000E-10,5.0219200E-10,4.1885300E-10,3.6105000E-10,3.0896100E-10,2.6628500E-10,2.3879300E-10,2.0022330E-10,1.7795520E-10,1.6039160E-10,1.3853910E-10,1.1635940E-10,9.7145000E-11,8.8150200E-11,7.6839200E-11,6.5098900E-11
762.5,5.1459529E-01,1.0779470E-05,2.7984000E-06,8.8029400E-07,3.6107600E-07,2.1249500E-07,1.7191510E-07,1.4804930E-07,1.4264700E-07,1.3866940E-07,1.3456200E-07,1.1248150E-07,7.4065100E-08,3.5186400E-08,1.7147890E-08,9.6954600E-09,5.1985400E-09,2.4935400E-09,1.6089420E-09,1.3043820E-09,1.0605850E-09,9.1342800E-10,7.3725500E-10,6.6159800E-10,5.7068200E-10,4.7923500E-10,4.2923800E-10,3.5776800E-10,3.0842900E-10,2.6389700E-10,2.2748100E-10,2.0420700E-10,1.7114380E-10,1.5223190E-10,1.3736080E-10,1.1867210E-10,9.9638000E-11,8.3143600E-11,7.5536700E-11,6.5863400E-11,5.5795200E-11
767.5,9.2326874E-01,1.0551230E-05,2.4191500E-06,7.1679700E-07,2.8895100E-07,1.7564480E-07,1.4768920E-07,1.2964650E-07,1.2604850E-07,1.2294650E-07,1.1942110E-07,9.9780400E-08,6.5624000E-08,3.1117700E-08,1.5138220E-08,8.5467700E-09,4.5725200E-09,2.1828300E-09,1.4033780E-09,1.1367730E-09,9.2344100E-10,7.9532800E-10,6.4117500E-10,5.7582500E-10,4.9672900E-10,4.1699200E-10,3.7378800E-10,3.1140400E-10,2.6849000E-10,2.2975100E-10,1.9807380E-10,1.7796990E-10,1.4911060E-10,1.3273840E-10,1.1988370E-10,1.0360210E-10,8.6964400E-11,7.2544600E-11,6.5979700E-11,5.7558000E-11,4.8752900E-11
772.5,1.0575410E+00,1.0653260E-05,2.2045000E-06,6.2682600E-07,2.4886600E-07,1.5353540E-07,1.3137740E-07,1.1622130E-07,1.1334090E-07,1.1064440E-07,1.0745730E-07,8.9702900E-08,5.8919800E-08,2.7890000E-08,1.3545210E-08,7.6368100E-09,4.0777200E-09,1.9385230E-09,1.2421960E-09,1.0053770E-09,8.1603600E-10,7.0285000E-10,5.6606600E-10,5.0874100E-10,4.3890200E-10,3.6840200E-10,3.3046900E-10,2.7523300E-10,2.3733700E-10,2.0316100E-10,1.7517220E-10,1.5751930E-10,1.3195860E-10,1.1756260E-10,1.0625890E-10,9.1859400E-11,7.7095100E-11,6.4301800E-11,5.8541100E-11,5.1099800E-11,4.3276400E-11
777.5,1.0598262E+00,1.1231750E-05,2.0807960E-06,5.7444200E-07,2.2444900E-07,1.3869480E-07,1.1931960E-07,1.0578670E-07,1.0321930E-07,1.0075340E-07,9.7799800E-08,8.1552400E-08,5.3496700E-08,2.5282000E-08,1.2258670E-08,6.9024600E-09,3.6792200E-09,1.7427450E-09,1.1134320E-09,9.0048300E-10,7.3040400E-10,6.2914500E-10,5.0632400E-10,4.5536300E-10,3.9290300E-10,3.2981800E-10,2.9604700E-10,2.4653000E-10,2.1261600E-10,1.8209560E-10,1.5702770E-10,1.4130220E-10,1.1837410E-10,1.0554280E-10,9.5449100E-11,8.2548200E-11,6.9272300E-11,5.7776200E-11,5.2647600E-11,4.5987100E-11,3.8939900E-11
782.5,1.0529321E+00,1.2730790E-05,1.9994080E-06,5.3798700E-07,2.0677830E-07,1.2742260E-07,1.0980930E-07,9.7415100E-08,9.5031700E-08,9.2728000E-08,8.9951200E-08,7.4920800E-08,4.9083800E-08,2.3162000E-08,1.1213150E-08,6.3059300E-09,3.3562300E-09,1.5848350E-09,1.0098790E-09,8.1619500E-10,6.6169400E-10,5.7002400E-10,4.5848600E-10,4.1260100E-10,3.5606000E-10,2.9896500E-10,2.6849400E-10,2.2358500E-10,1.9285630E-10,1.6528830E-10,1.4254420E-10,1.2834220E-10,1.0752960E-10,9.5945700E-11,8.6804600E-11,7.5103700E-11,6.3020100E-11,5.2565900E-11,4.7937000E-11,4.1905600E-11,3.5475300E-11
787.5,1.0196427E+00,1.5317960E-05,1.9287290E-06,5.0615000E-07,1.9149620E-07,1.1768940E-07,1.0156120E-07,9.0133700E-08,8.7894700E-08,8.5725900E-08,8.3098900E-08,6.9130300E-08,4.5232800E-08,2.1315800E-08,1.0304280E-08,5.7883900E-09,3.0769800E-09,1.4493670E-09,9.2150800E-10,7.4434100E-10,6.0320900E-10,5.1969400E-10,4.1783800E-10,3.7621900E-10,3.2470800E-10,2.7273500E-10,2.4503600E-10,2.0406700E-10,1.7604180E-10,1.5099250E-10,1.3022120E-10,1.1729720E-10,9.8292900E-11,8.7762800E-11,7.9420900E-11,6.8743100E-11,5.7679400E-11,4.8117600E-11,4.3909400E-11,3.8415400E-11,3.2511800E-11
792.5,9.8616564E-01,1.8176300E-05,1.8374380E-06,4.6992400E-07,1.7524890E-07,1.0764500E-07,9.3106300E-08,8.2679500E-08,8.0595000E-08,7.8564600E-08,7.6095300E-08,6.3225800E-08,4.1316400E-08,1.9445130E-08,9.3881900E-09,5.2688900E-09,2.7982700E-09,1.3157630E-09,8.3516700E-10,6.7427400E-10,5.4625800E-10,4.7064900E-10,3.7829400E-10,3.4074600E-10,2.9412300E-10,2.4711900E-10,2.2208800E-10,1.8497360E-10,1.5958750E-10,1.3696730E-10,1.1813020E-10,1.0644140E-10,8.9211400E-11,7.9696900E-11,7.2134000E-11,6.2457100E-11,5.2403700E-11,4.3722900E-11,3.9919400E-11,3.4946900E-11,2.9570700E-11
797.5,9.8112599E-01,2.0487810E-05,1.7187030E-06,4.2799100E-07,1.5767810E-07,9.7097300E-08,8.4282100E-08,7.4908600E-08,7.2993600E-08,7.1109200E-08,6.8811100E-08,5.7101300E-08,3.7265300E-08,1.7516750E-08,8.4486200E-09,4.7382100E-09,2.5149200E-09,1.1813190E-09,7.4902600E-10,6.0447200E-10,4.8957000E-10,4.2178600E-10,3.3893700E-10,3.0536100E-10,2.6359400E-10,2.2150800E-10,1.9911000E-10,1.6584670E-10,1.4309850E-10,1.2286740E-10,1.0597560E-10,9.5512400E-11,8.0063100E-11,7.1551000E-11,6.4770300E-11,5.6095500E-11,4.7066400E-11,3.9274900E-11,3.5871200E-11,3.1416400E-11,2.6581200E-11
802.5,9.6167469E-01,2.1804580E-05,1.5871900E-06,3.8445300E-07,1.4024640E-07,8.6849500E-08,7.5742300E-08,6.7391000E-08,6.5643500E-08,6.3901400E-08,6.1774000E-08,5.1195300E-08,3.3366600E-08,1.5665760E-08,7.5499000E-09,4.2319700E-09,2.2455300E-09,1.0544150E-09,6.6817500E-10,5.3901600E-10,4.3642900E-10,3.7594300E-10,3.0203500E-10,2.7212500E-10,2.3489800E-10,1.9740770E-10,1.7745990E-10,1.4781740E-10,1.2754800E-10,1.0954380E-10,9.4486900E-11,8.5170600E-11,7.1400700E-11,6.3824800E-11,5.7782500E-11,5.0051500E-11,4.1996700E-11,3.5047800E-11,3.2018100E-11,2.8050300E-11,2.3732000E-11
807.5,9.6340206E-01,2.0501050E-05,1.4325040E-06,3.3735200E-07,1.2215360E-07,7.6279100E-08,6.6889800E-08,5.9583000E-08,5.8015800E-08,5.6426800E-08,5.4488100E-08,4.5098400E-08,2.9352400E-08,1.3764580E-08,6.6300500E-09,3.7150800E-09,1.9710760E-09,9.2569100E-10,5.8651500E-10,4.7297100E-10,3.8282900E-10,3.2969200E-10,2.6481400E-10,2.3857000E-10,2.0591700E-10,1.7303220E-10,1.5555630E-10,1.2956670E-10,1.1180480E-10,9.6020300E-11,8.2828800E-11,7.4672000E-11,6.2600900E-11,5.5964200E-11,5.0674600E-11,4.3897700E-11,3.6836200E-11,3.0742800E-11,2.8088900E-11,2.4609100E-11,2.0823100E-11
812.5,8.7591562E-01,1.3573510E-05,1.2322820E-06,2.8213400E-07,1.0175940E-07,6.4289200E-08,5.6733600E-08,5.0596900E-08,4.9251300E-08,4.7853600E-08,4.6154400E-08,3.8152600E-08,2.4794700E-08,1.1610830E-08,5.5913400E-09,3.1325500E-09,1.6619540E-09,7.8079800E-10,4.9482700E-10,3.9893100E-10,3.2277100E-10,2.7789700E-10,2.2314000E-10,2.0100500E-10,1.7348790E-10,1.4571480E-10,1.3102550E-10,1.0911620E-10,9.4172700E-11,8.0831100E-11,6.9746600E-11,6.2895000E-11,5.2723000E-11,4.7129500E-11,4.2694500E-11,3.6982100E-11,3.1040100E-11,2.5904500E-11,2.3668500E-11,2.0727700E-11,1.7547520E-11
817.5,7.6268901E-01,7.7874400E-06,1.0140700E-06,2.2578700E-07,8.1471300E-08,5.2251700E-08,4.6433300E-08,4.1460800E-08,4.0348500E-08,3.9159300E-08,3.7722200E-08,3.1144700E-08,2.0208500E-08,9.4486000E-09,4.5497900E-09,2.5488400E-09,1.3522230E-09,6.3553800E-10,4.0293400E-10,3.2478600E-10,2.6266800E-10,2.2608800E-10,1.8147030E-10,1.6345700E-10,1.4108530E-10,1.1841270E-10,1.0651220E-10,8.8678800E-11,7.6556000E-11,6.5644000E-11,5.6669400E-11,5.1122200E-11,4.2846400E-11,3.8292200E-11,3.4713900E-11,3.0063600E-11,2.5242000E-11,2.1063500E-11,1.9244180E-11,1.6839410E-11,1.4267510E-11
822.5,8.0261575E-01,5.0523600E-06,7.9935200E-07,1.7318940E-07,6.2920900E-08,4.1143200E-08,3.6846100E-08,3.2941700E-08,3.2052100E-08,3.1072000E-08,2.9895100E-08,2.4655100E-08,1.5972160E-08,7.4558700E-09,3.5900200E-09,2.0109780E-09,1.0667350E-09,5.0148100E-10,3.1806600E-10,2.5634500E-10,2.0722800E-10,1.7832410E-10,1.4307420E-10,1.2887150E-10,1.1124900E-10,9.3285700E-11,8.3947100E-11,6.9870300E-11,6.0344100E-11,5.1675800E-11,4.4640200E-11,4.0288600E-11,3.3758800E-11,3.0160900E-11,2.7368000E-11,2.3695200E-11,1.9904000E-11,1.6606470E-11,1.5170350E-11,1.3260590E-11,1.1247160E-11
827.5,8.4320959E-01,3.8006200E-06,6.2168700E-07,1.3124320E-07,4.8444000E-08,3.2463300E-08,2.9324600E-08,2.6252900E-08,2.5540000E-08,2.4734400E-08,2.3772200E-08,1.9586180E-08,1.2670120E-08,5.9059300E-09,2.8428600E-09,1.5920040E-09,8.4423700E-10,3.9686000E-10,2.5173400E-10,2.0285100E-10,1.6392640E-10,1.4103020E-10,1.1311280E-10,1.0188630E-10,8.7970300E-11,7.3706100E-11,6.6353700E-11,5.5211400E-11,4.7704100E-11,4.0804100E-11,3.5270700E-11,3.1845100E-11,2.6678700E-11,2.3828700E-11,2.1640200E-11,1.8731680E-11,1.5740600E-11,1.3131370E-11,1.1994620E-11,1.0474440E-11,8.8925900E-12
832.5,8.3595252E-01,3.0555600E-06,4.8269500E-07,9.9816900E-08,3.8043000E-08,2.6344800E-08,2.4026500E-08,2.1540900E-08,2.0957000E-08,2.0291200E-08,1.9479950E-08,1.6003130E-08,1.0368170E-08,5.0017100E-09,2.3219700E-09,1.2994810E-09,6.8868000E-10,3.2354100E-10,2.0513800E-10,1.6526000E-10,1.3351250E-10,1.1484250E-10,9.2083900E-11,8.2949800E-11,7.1632000E-11,5.9984800E-11,5.4015600E-11,4.4936800E-11,3.8839300E-11,3.3196600E-11,2.8707700E-11,2.5926500E-11,2.1717600E-11,1.9394410E-11,1.7623740E-11,1.5252400E-11,1.2820300E-11,1.0694080E-11,9.7678900E-12,8.5248700E-12,7.2420200E-12
837.5,8.8989939E-01,1.4950760E-06,2.3547430E-07,5.3614700E-08,2.6156500E-08,2.0453310E-08,1.8653640E-08,1.7451000E-08,1.6915020E-08,1.6453450E-08,1.5017520E-08,1.1455180E-08,7.1417300E-09,3.3828400E-09,1.7061500E-09,9.5495200E-10,4.9286700E-10,2.3732160E-10,1.6043400E-10,1.2754090E-10,1.0662860E-10,8.8419200E-11,7.3116400E-11,6.6745400E-11,5.6591400E-11,4.8306100E-11,4.1919900E-11,3.5227300E-11,3.1061900E-11,2.7256900E-11,2.3401000E-11,2.0729100E-11,1.7363460E-11,1.5596920E-11,1.4196240E-11,1.2248300E-11,1.0327040E-11,8.5701300E-12,7.8361700E-12,6.9804500E-12,5.8802000E-12
842.5,9.0515753E-01,1.5174275E-06,1.9761819E-07,3.9005700E-08,2.0103810E-08,1.5711160E-08,1.5133290E-08,1.3886780E-08,1.2376330E-08,1.0512650E-08,8.9067400E-09,6.7665300E-09,4.2636060E-09,2.3130810E-09,1.0573140E-09,5.7729240E-10,3.2401040E-10,1.7452270E-10,1.1465980E-10,9.4312200E-11,7.6832500E-11,6.6988000E-11,5.6023300E-11,4.9919400E-11,4.3237000E-11,3.6834600E-11,3.3209400E-11,2.7678800E-11,2.4114000E-11,2.0802360E-11,1.8368860E-11,1.6251830E-11,1.4250970E-11,1.2593560E-11,1.1309390E-11,9.6906800E-12,8.1519400E-12,6.8346000E-12,6.4081200E-12,5.7659800E-12,4.8337900E-12
847.5,8.9533675E-01,1.4157284E-06,1.6744948E-07,3.2387350E-08,1.6046900E-08,1.2579280E-08,1.0581170E-08,9.0705700E-09,7.3412500E-09,6.5871770E-09,6.2008000E-09,5.3109600E-09,3.4205920E-09,1.8600182E-09,8.5022590E-10,4.5244220E-10,2.6292200E-10,1.4458000E-10,8.9674600E-11,7.1070400E-11,6.0818500E-11,5.3071400E-11,4.4719400E-11,3.8974400E-11,3.3175800E-11,2.9211100E-11,2.6259100E-11,2.2251570E-11,1.9020110E-11,1.7131420E-11,1.4508210E-11,1.3041590E-11,1.1458150E-11,1.0610390E-11,9.0630400E-12,7.8350200E-12,6.6106800E-12,5.7487000E-12,5.3632200E-12,4.8579000E-12,4.0314300E-12
852.5,8.2979394E-01,1.2504321E-06,1.4769782E-07,2.8927650E-08,1.2338670E-08,8.8386200E-09,7.2903300E-09,6.1326540E-09,5.5898580E-09,5.3261240E-09,5.1495200E-09,4.5361367E-09,2.9769447E-09,1.7228558E-09,7.5381270E-10,3.9790450E-10,2.2418210E-10,1.1719080E-10,7.2959700E-11,5.9271100E-11,4.9940000E-11,4.3591900E-11,3.6810000E-11,3.1445500E-11,2.7581200E-11,2.4429790E-11,2.2135330E-11,1.8496840E-11,1.6093120E-11,1.4649930E-11,1.2317830E-11,1.1116040E-11,9.8087300E-12,8.9732800E-12,7.5744000E-12,6.7175900E-12,5.5525100E-12,4.9159800E-12,4.5737800E-12,4.1800600E-12,3.4427000E-12
857.5,8.8188498E-01,1.3125488E-06,1.3097552E-07,2.0954690E-08,8.4307870E-09,5.9543660E-09,5.5253470E-09,5.0415590E-09,4.6865190E-09,4.5779729E-09,4.5465754E-09,4.0745325E-09,2.6378583E-09,1.4969516E-09,6.9178060E-10,3.5971000E-10,2.0460340E-10,1.0461890E-10,6.2596800E-11,4.9399000E-11,4.0778800E-11,3.6311600E-11,2.9988680E-11,2.5665000E-11,2.2930070E-11,2.0451290E-11,1.8178840E-11,1.5651020E-11,1.3464880E-11,1.2026100E-11,1.0460430E-11,9.3904700E-12,8.2938800E-12,7.4782800E-12,6.3016900E-12,5.8091900E-12,4.7783100E-12,4.3958200E-12,4.0214100E-12,3.6179900E-12,3.0048400E-12
862.5,8.9421882E-01,1.2661044E-06,1.2847951E-07,1.7306414E-08,7.3478900E-09,5.1971690E-09,4.8281500E-09,4.4383419E-09,4.1925970E-09,4.1455346E-09,4.1661435E-09,3.7740612E-09,2.6154398E-09,1.4871871E-09,6.6196300E-10,3.3785040E-10,1.9160320E-10,9.3512700E-11,5.5706300E-11,4.2838900E-11,3.6267500E-11,3.1124050E-11,2.5852530E-11,2.2419710E-11,2.0471900E-11,1.7796570E-11,1.5711340E-11,1.3449980E-11,1.1619410E-11,1.0706530E-11,9.1876400E-12,8.2319400E-12,7.3072000E-12,6.5722800E-12,5.5680800E-12,5.0967100E-12,4.2030700E-12,3.8422000E-12,3.5789800E-12,3.2524500E-12,2.6852000E-12
