,0,5,10,15,20,25,30,35,40,45,50,55,60,65,70,75,80,85,90,95,100,105,110,115,120,125,130,135,140,145,150,155,160,165,170,175,180,185,190,195,200
352.5,8.5988310E-01,7.0446380E-01,5.6579410E-01,4.4750690E-01,3.3968150E-01,2.5384910E-01,1.8155920E-01,1.2230470E-01,7.7595860E-02,4.7490380E-02,2.8386990E-02,1.7684350E-02,1.0911798E-02,6.9995990E-03,4.5762550E-03,3.0792820E-03,2.1493160E-03,1.5520180E-03,1.1434990E-03,8.5893800E-04,6.5694410E-04,5.0709120E-04,3.9341350E-04,3.0814210E-04,2.4322370E-04,1.9328590E-04,1.5444880E-04,1.2400400E-04,9.9899000E-05,8.0933800E-05,6.5712330E-05,5.3579470E-05,4.3849110E-05,3.5923410E-05,2.9481850E-05,2.4268800E-05,2.0017190E-05,1.6527850E-05,1.3645980E-05,1.1264960E-05,9.3098000E-06
357.5,7.6848570E-01,6.4346770E-01,5.2889260E-01,4.2841800E-01,3.3404550E-01,2.5655500E-01,1.8918350E-01,1.3194960E-01,8.7034940E-02,5.5497510E-02,3.4603460E-02,2.2406100E-02,1.4377160E-02,9.5615240E-03,6.4720190E-03,4.4996610E-03,3.2368510E-03,2.4028620E-03,1.8175140E-03,1.3996630E-03,1.0961040E-03,8.6604800E-04,6.8731560E-04,5.5037650E-04,4.4390160E-04,3.6030760E-04,2.9396850E-04,2.4093630E-04,1.9803610E-04,1.6364530E-04,1.3551300E-04,1.1265900E-04,9.3971600E-05,7.8462300E-05,6.5612150E-05,5.5014560E-05,4.6219260E-05,3.8866410E-05,3.2686800E-05,2.7484310E-05,2.3133910E-05
362.5,8.6691000E-01,7.3901890E-01,6.1913240E-01,5.1142450E-01,4.0738440E-01,3.1981450E-01,2.4146960E-01,1.7286690E-01,1.1731270E-01,7.7061590E-02,4.9538140E-02,3.3002860E-02,2.1794030E-02,1.4891800E-02,1.0348700E-02,7.3785040E-03,5.4355320E-03,4.1267620E-03,3.1898010E-03,2.5083680E-03,2.0044270E-03,1.6148440E-03,1.3070870E-03,1.0669720E-03,8.7696600E-04,7.2515820E-04,6.0262810E-04,5.0287960E-04,4.2086930E-04,3.5403890E-04,2.9842410E-04,2.5247660E-04,2.1428130E-04,1.8203180E-04,1.5485280E-04,1.3213180E-04,1.1291200E-04,9.6577300E-05,8.2599100E-05,7.0637200E-05,6.0471530E-05
367.5,1.0267050E+00,8.8863600E-01,7.5663150E-01,6.3544220E-01,5.1507500E-01,4.1149340E-01,3.1652410E-01,2.3113000E-01,1.6020110E-01,1.0754540E-01,7.0683640E-02,4.8101900E-02,3.2452630E-02,2.2637690E-02,1.6055140E-02,1.1678070E-02,8.7716900E-03,6.7861280E-03,5.3430530E-03,4.2785020E-03,3.4802760E-03,2.8535570E-03,2.3501910E-03,1.9517820E-03,1.6318780E-03,1.3723080E-03,1.1596180E-03,9.8408300E-04,8.3762400E-04,7.1628300E-04,6.1366660E-04,5.2771870E-04,4.5504350E-04,3.9284750E-04,3.3957080E-04,2.9429870E-04,2.5553010E-04,2.2201470E-04,1.9285780E-04,1.6750720E-04,1.4557640E-04
372.5,8.8750400E-01,7.7370060E-01,6.6402080E-01,5.6236530E-01,4.6003460E-01,3.7114370E-01,2.8841230E-01,2.1293990E-01,1.4933640E-01,1.0146800E-01,6.7498130E-02,4.6455190E-02,3.1695730E-02,2.2347440E-02,1.6014640E-02,1.1765280E-02,8.9216600E-03,6.9654430E-03,5.5334530E-03,4.4697260E-03,3.6667340E-03,3.0319160E-03,2.5177370E-03,2.1082580E-03,1.7771580E-03,1.5067300E-03,1.2835350E-03,1.0979770E-03,9.4175200E-04,8.1164600E-04,7.0094900E-04,6.0750130E-04,5.2809890E-04,4.5940630E-04,4.0047250E-04,3.4983920E-04,3.0606570E-04,2.6796950E-04,2.3457050E-04,2.0528670E-04,1.7988620E-04
377.5,9.8199100E-01,8.5753900E-01,7.3764780E-01,6.2644050E-01,5.1408330E-01,4.1614700E-01,3.2461260E-01,2.4067720E-01,1.6951350E-01,1.1564430E-01,7.7220170E-02,5.3323330E-02,3.6494070E-02,2.5803000E-02,1.8539520E-02,1.3651890E-02,1.0374080E-02,8.1156610E-03,6.4601330E-03,5.2284760E-03,4.2977300E-03,3.5605750E-03,2.9626980E-03,2.4857430E-03,2.0994900E-03,1.7837160E-03,1.5222030E-03,1.3048160E-03,1.1213880E-03,9.6853900E-04,8.3789000E-04,7.2758800E-04,6.3371040E-04,5.5239830E-04,4.8216500E-04,4.2196530E-04,3.6992700E-04,3.2454100E-04,2.8467310E-04,2.4966370E-04,2.1922910E-04
382.5,8.1362030E-01,7.1584380E-01,6.2081000E-01,5.3177200E-01,4.4030700E-01,3.5969420E-01,2.8326070E-01,2.1211670E-01,1.5094500E-01,1.0405656E-01,7.0209800E-02,4.8973810E-02,3.3854310E-02,2.4172120E-02,1.7536390E-02,1.3037620E-02,1.0000840E-02,7.8970630E-03,6.3442960E-03,5.1818320E-03,4.2984540E-03,3.5936820E-03,3.0176390E-03,2.5546980E-03,2.1771060E-03,1.8658080E-03,1.6067630E-03,1.3894240E-03,1.2046780E-03,1.0495930E-03,9.1627300E-04,8.0263100E-04,7.0520600E-04,6.2006670E-04,5.4639530E-04,4.8240620E-04,4.2653510E-04,3.7741160E-04,3.3390840E-04,2.9532520E-04,2.6136600E-04
387.5,8.9058300E-01,7.9133110E-01,6.9358810E-01,6.0056460E-01,5.0297350E-01,4.1577970E-01,3.3144190E-01,2.5140810E-01,1.8134030E-01,1.2676490E-01,8.6744230E-02,6.1342330E-02,4.2989920E-02,3.1108170E-02,2.2869610E-02,1.7226420E-02,1.3385480E-02,1.0704270E-02,8.7070000E-03,7.1998830E-03,6.0454820E-03,5.1156760E-03,4.3476600E-03,3.7246210E-03,3.2117650E-03,2.7851720E-03,2.4268010E-03,2.1229600E-03,1.8621540E-03,1.6411220E-03,1.4492700E-03,1.2841660E-03,1.1410420E-03,1.0146110E-03,9.0401500E-04,8.0711800E-04,7.2149100E-04,6.4544700E-04,5.7731960E-04,5.1621970E-04,4.6191720E-04
392.5,9.5848100E-01,8.5645700E-01,7.5531360E-01,6.5836170E-01,5.5535500E-01,4.6246900E-01,3.7166590E-01,2.8445020E-01,2.0715930E-01,1.4624840E-01,1.0107903E-01,7.2144850E-02,5.1029620E-02,3.7248800E-02,2.7615640E-02,2.0970310E-02,1.6419820E-02,1.3227970E-02,1.0837150E-02,9.0237500E-03,7.6282520E-03,6.4977170E-03,5.5579610E-03,4.7925800E-03,4.1593610E-03,3.6280290E-03,3.1813930E-03,2.8005170E-03,2.4719430E-03,2.1919440E-03,1.9474340E-03,1.7359740E-03,1.5518320E-03,1.3882210E-03,1.2434180E-03,1.1164520E-03,1.0040690E-03,9.0349000E-04,8.1283300E-04,7.3112200E-04,6.5822200E-04
397.5,1.1744510E+00,1.0571530E+00,9.3940300E-01,8.2499880E-01,7.0145370E-01,5.8889590E-01,4.7730250E-01,3.6861690E-01,2.7107150E-01,1.9331560E-01,1.3499530E-01,9.7328380E-02,6.9546890E-02,5.1268380E-02,3.8382570E-02,2.9427650E-02,2.3258900E-02,1.8908060E-02,1.5630350E-02,1.3130070E-02,1.1196180E-02,9.6194200E-03,8.2977900E-03,7.2160200E-03,6.3155510E-03,5.5576690E-03,4.9128830E-03,4.3605640E-03,3.8804420E-03,3.4688410E-03,3.1068310E-03,2.7918320E-03,2.5155680E-03,2.2682390E-03,2.0477430E-03,1.8536320E-03,1.6799960E-03,1.5238110E-03,1.3815890E-03,1.2522870E-03,1.1362530E-03
402.5,1.5351430E+00,1.3937350E+00,1.2498460E+00,1.1078630E+00,9.5078600E-01,8.0600910E-01,6.5965540E-01,5.1453230E-01,3.8227750E-01,2.7550970E-01,1.9445030E-01,1.4169210E-01,1.0234170E-01,7.6260740E-02,5.7717620E-02,4.4742030E-02,3.5761130E-02,2.9400340E-02,2.4578920E-02,2.0882530E-02,1.8008820E-02,1.5646780E-02,1.3650470E-02,1.2006070E-02,1.0627050E-02,9.4581300E-03,8.4533300E-03,7.5857700E-03,6.8258600E-03,6.1697340E-03,5.5878920E-03,5.0770250E-03,4.6243500E-03,4.2150210E-03,3.8467250E-03,3.5196320E-03,3.2245830E-03,2.9560210E-03,2.7084240E-03,2.4805020E-03,2.2744740E-03
407.5,1.4920070E+00,1.3616460E+00,1.2280250E+00,1.0950090E+00,9.4522300E-01,8.0604600E-01,6.6353610E-01,5.2049840E-01,3.8885280E-01,2.8177150E-01,1.9994800E-01,1.4651130E-01,1.0640310E-01,7.9743390E-02,6.0709950E-02,4.7350450E-02,3.8092640E-02,3.1528970E-02,2.6541980E-02,2.2710770E-02,1.9727100E-02,1.7265020E-02,1.5172950E-02,1.3444090E-02,1.1988190E-02,1.0750600E-02,9.6848700E-03,8.7573000E-03,7.9397200E-03,7.2316300E-03,6.5990300E-03,6.0420000E-03,5.5464090E-03,5.0936070E-03,4.6836380E-03,4.3176870E-03,3.9855160E-03,3.6800120E-03,3.3967930E-03,3.1331830E-03,2.8939450E-03
412.5,1.5994200E+00,1.4625810E+00,1.3222000E+00,1.1820070E+00,1.0227670E+00,8.7428150E-01,7.2140220E-01,5.6707410E-01,4.2437070E-01,3.0794890E-01,2.1876650E-01,1.6050010E-01,1.1668020E-01,8.7557790E-02,6.6750380E-02,5.2142620E-02,4.2025470E-02,3.4860900E-02,2.9416830E-02,2.5237330E-02,2.1985680E-02,1.9297310E-02,1.7010830E-02,1.5119440E-02,1.3527320E-02,1.2169560E-02,1.0999810E-02,9.9806100E-03,9.0808800E-03,8.2999400E-03,7.6015700E-03,6.9849900E-03,6.4353500E-03,5.9313850E-03,5.4736870E-03,5.0648340E-03,4.6912740E-03,4.3477480E-03,4.0271010E-03,3.7288280E-03,3.4561360E-03
417.5,1.6048780E+00,1.4676290E+00,1.3271840E+00,1.1871190E+00,1.0277970E+00,8.7933650E-01,7.2600410E-01,5.7096420E-01,4.2738040E-01,3.1011250E-01,2.2021180E-01,1.6147280E-01,1.1730320E-01,8.7957990E-02,6.6997730E-02,5.2291360E-02,4.2111690E-02,3.4913290E-02,2.9450640E-02,2.5260470E-02,2.2005780E-02,1.9317960E-02,1.7029790E-02,1.5140220E-02,1.3551850E-02,1.2197100E-02,1.1031510E-02,1.0015930E-02,9.1195100E-03,8.3417200E-03,7.6457400E-03,7.0317300E-03,6.4848500E-03,5.9828100E-03,5.5266310E-03,5.1193480E-03,4.7468420E-03,4.4040810E-03,4.0839080E-03,3.7854710E-03,3.5125500E-03
422.5,1.5766960E+00,1.4401750E+00,1.3012170E+00,1.1632650E+00,1.0068123E+00,8.6139450E-01,7.1141440E-01,5.5993180E-01,4.1955210E-01,3.0471900E-01,2.1654130E-01,1.5875830E-01,1.1529520E-01,8.6384990E-02,6.5722240E-02,5.1216790E-02,4.1168190E-02,3.4064260E-02,2.8678510E-02,2.4549530E-02,2.1347000E-02,1.8708450E-02,1.6464500E-02,1.4613560E-02,1.3058590E-02,1.1736760E-02,1.0600080E-02,9.6112000E-03,8.7388900E-03,7.9836900E-03,7.3085300E-03,6.7140500E-03,6.1850480E-03,5.7003440E-03,5.2606020E-03,4.8685200E-03,4.5106960E-03,4.1809850E-03,3.8740010E-03,3.5879850E-03,3.3266590E-03
427.5,1.4405870E+00,1.3140640E+00,1.1859730E+00,1.0594720E+00,9.1657720E-01,7.8371570E-01,6.4708160E-01,5.0929420E-01,3.8163820E-01,2.7714890E-01,1.9687240E-01,1.4421480E-01,1.0460892E-01,7.8259900E-02,5.9440450E-02,4.6228380E-02,3.7074200E-02,3.0608820E-02,2.5712950E-02,2.1964230E-02,1.9060960E-02,1.6672560E-02,1.4645510E-02,1.2975050E-02,1.1573840E-02,1.0385170E-02,9.3638500E-03,8.4768400E-03,7.6954700E-03,7.0203600E-03,6.4178770E-03,5.8878930E-03,5.4170830E-03,4.9865130E-03,4.5960720E-03,4.2485090E-03,3.9319640E-03,3.6407850E-03,3.3700110E-03,3.1181080E-03,2.8878070E-03
432.5,1.4112460E+00,1.2851220E+00,1.1581480E+00,1.0333446E+00,8.9288400E-01,7.6260920E-01,6.2901720E-01,4.9460490E-01,3.7017990E-01,2.6842670E-01,1.9031640E-01,1.3911580E-01,1.0067898E-01,7.5139890E-02,5.6924280E-02,4.4150830E-02,3.5309330E-02,2.9074950E-02,2.4361030E-02,2.0758970E-02,1.7973430E-02,1.5687460E-02,1.3752390E-02,1.2158460E-02,1.0823150E-02,9.6932200E-03,8.7234400E-03,7.8834900E-03,7.1443870E-03,6.5071110E-03,5.9384750E-03,5.4395550E-03,4.9970990E-03,4.5932470E-03,4.2274970E-03,3.9020500E-03,3.6064840E-03,3.3352230E-03,3.0833220E-03,2.8493430E-03,2.6358020E-03
437.5,1.6226960E+00,1.4710010E+00,1.3200020E+00,1.1732490E+00,1.0102837E+00,8.6003480E-01,7.0736340E-01,5.5493510E-01,4.1447870E-01,2.9987430E-01,2.1206920E-01,1.5447890E-01,1.1137499E-01,8.2757230E-02,6.2391780E-02,4.8132160E-02,3.8267770E-02,3.1321870E-02,2.6086880E-02,2.2094580E-02,1.9017800E-02,1.6502980E-02,1.4384620E-02,1.2645040E-02,1.1193180E-02,9.9698400E-03,8.9238000E-03,8.0220860E-03,7.2314470E-03,6.5533850E-03,5.9493510E-03,5.4215440E-03,4.9558300E-03,4.5336060E-03,4.1527900E-03,3.8154560E-03,3.5107190E-03,3.2322620E-03,2.9750050E-03,2.7372030E-03,2.5209070E-03
442.5,1.7095140E+00,1.5419080E+00,1.3769430E+00,1.2185290E+00,1.0456919E+00,8.8712250E-01,7.2802560E-01,5.7061790E-01,4.2617340E-01,3.0838570E-01,2.1810900E-01,1.5863840E-01,1.1418452E-01,8.4612960E-02,6.3573040E-02,4.8828810E-02,3.8613510E-02,3.1417050E-02,2.6003580E-02,2.1879470E-02,1.8707180E-02,1.6124880E-02,1.3962280E-02,1.2189700E-02,1.0715870E-02,9.4782000E-03,8.4253420E-03,7.5222220E-03,6.7341560E-03,6.0600700E-03,5.4644830E-03,4.9465420E-03,4.4920090E-03,4.0796620E-03,3.7141350E-03,3.3904580E-03,3.0997430E-03,2.8358140E-03,2.5939190E-03,2.3714440E-03,2.1701110E-03
447.5,1.7727300E+00,1.5897730E+00,1.4118390E+00,1.2431630E+00,1.0631715E+00,8.9899210E-01,7.3670000E-01,5.7793600E-01,4.3284360E-01,3.1429210E-01,2.2308120E-01,1.6242710E-01,1.1704121E-01,8.6664820E-02,6.4998800E-02,4.9763540E-02,3.9160580E-02,3.1670500E-02,2.6038260E-02,2.1749680E-02,1.8452350E-02,1.5781220E-02,1.3558530E-02,1.1741060E-02,1.0235320E-02,8.9792580E-03,7.9144090E-03,7.0071130E-03,6.2201060E-03,5.5501170E-03,4.9625060E-03,4.4542660E-03,4.0111510E-03,3.6153010E-03,3.2626710E-03,2.9536430E-03,2.6780570E-03,2.4305400E-03,2.2054210E-03,2.0006810E-03,1.8164800E-03
452.5,1.8280990E+00,1.6349450E+00,1.4483200E+00,1.2726655E+00,1.0877755E+00,9.1985590E-01,7.5472280E-01,5.9390930E-01,4.4684860E-01,3.2612880E-01,2.3272490E-01,1.7003910E-01,1.2295565E-01,9.1232450E-02,6.8512430E-02,5.2464250E-02,4.1236420E-02,3.3275510E-02,2.7283210E-02,2.2712200E-02,1.9197860E-02,1.6356040E-02,1.3994030E-02,1.2067820E-02,1.0474477E-02,9.1479380E-03,8.0208590E-03,7.0690020E-03,6.2450160E-03,5.5456420E-03,4.9339560E-03,4.4064620E-03,3.9482330E-03,3.5412620E-03,3.1801660E-03,2.8644330E-03,2.5850100E-03,2.3347090E-03,2.1082380E-03,1.9035050E-03,1.7199860E-03
457.5,1.8326140E+00,1.6413010E+00,1.4564150E+00,1.2824179E+00,1.0997686E+00,9.3344140E-01,7.6967840E-01,6.0974460E-01,4.6255050E-01,3.4060700E-01,2.4529320E-01,1.8060650E-01,1.3160240E-01,9.8282180E-02,7.4236560E-02,5.7127010E-02,4.5069810E-02,3.6472080E-02,2.9972250E-02,2.4996310E-02,2.1154250E-02,1.8041640E-02,1.5456560E-02,1.3338930E-02,1.1584970E-02,1.0121896E-02,8.8800590E-03,7.8276460E-03,6.9161040E-03,6.1423140E-03,5.4648360E-03,4.8802120E-03,4.3721050E-03,3.9210560E-03,3.5208030E-03,3.1705060E-03,2.8608280E-03,2.5830420E-03,2.3324610E-03,2.1057790E-03,1.9024860E-03
462.5,1.8179160E+00,1.6311680E+00,1.4505210E+00,1.2803245E+00,1.1018427E+00,9.3891340E-01,7.7796220E-01,6.2014640E-01,4.7389250E-01,3.5169180E-01,2.5530090E-01,1.8925590E-01,1.3886810E-01,1.0433621E-01,7.9247920E-02,6.1278560E-02,4.8535250E-02,3.9403850E-02,3.2471290E-02,2.7144020E-02,2.3018630E-02,1.9673120E-02,1.6880140E-02,1.4589010E-02,1.2686080E-02,1.1096717E-02,9.7452380E-03,8.5984350E-03,7.6036200E-03,6.7577860E-03,6.0165000E-03,5.3759530E-03,4.8187150E-03,4.3239640E-03,3.8845160E-03,3.4997420E-03,3.1582660E-03,2.8527990E-03,2.5772100E-03,2.3279490E-03,2.1042170E-03
467.5,1.8110490E+00,1.6258790E+00,1.4469720E+00,1.2786042E+00,1.1028661E+00,9.4215470E-01,7.8354230E-01,6.2780400E-01,4.8281980E-01,3.6079130E-01,2.6376680E-01,1.9670740E-01,1.4517340E-01,1.0959107E-01,8.3586470E-02,6.4851460E-02,5.1491490E-02,4.1872070E-02,3.4546200E-02,2.8899360E-02,2.4515240E-02,2.0951720E-02,1.7981270E-02,1.5538330E-02,1.3508360E-02,1.1811860E-02,1.0370926E-02,9.1456540E-03,8.0829210E-03,7.1777470E-03,6.3860780E-03,5.7018520E-03,5.1066930E-03,4.5789650E-03,4.1104260E-03,3.6998810E-03,3.3358640E-03,3.0115620E-03,2.7184210E-03,2.4538370E-03,2.2170980E-03
472.5,1.8173990E+00,1.6303100E+00,1.4501150E+00,1.2811455E+00,1.1062221E+00,9.4594160E-01,7.8875070E-01,6.3465830E-01,4.9081880E-01,3.6901390E-01,2.7148690E-01,2.0340490E-01,1.5083390E-01,1.1427919E-01,8.7424930E-02,6.7971400E-02,5.4023890E-02,4.3936700E-02,3.6238010E-02,3.0287340E-02,2.5661740E-02,2.1902640E-02,1.8769360E-02,1.6193000E-02,1.4051750E-02,1.2263300E-02,1.0744971E-02,9.4554800E-03,8.3387390E-03,7.3887930E-03,6.5590590E-03,5.8424060E-03,5.2200410E-03,4.6699710E-03,4.1823870E-03,3.7557070E-03,3.3782130E-03,3.0427760E-03,2.7404760E-03,2.4683900E-03,2.2251960E-03
477.5,1.8456560E+00,1.6502840E+00,1.4633550E+00,1.2893301E+00,1.1116852E+00,9.4990790E-01,7.9221380E-01,6.3868940E-01,4.9559580E-01,3.7405520E-01,2.7630610E-01,2.0751170E-01,1.5424670E-01,1.1698357E-01,8.9521350E-02,6.9553890E-02,5.5175420E-02,4.4749050E-02,3.6787900E-02,3.0634500E-02,2.5849610E-02,2.1968190E-02,1.8749210E-02,1.6103750E-02,1.3909630E-02,1.2082430E-02,1.0533532E-02,9.2253760E-03,8.0961930E-03,7.1395000E-03,6.3066480E-03,5.5899910E-03,4.9697840E-03,4.4245690E-03,3.9429800E-03,3.5238990E-03,3.1543420E-03,2.8270360E-03,2.5341010E-03,2.2720500E-03,2.0389520E-03
482.5,1.8185510E+00,1.6210440E+00,1.4332146E+00,1.2595052E+00,1.0844635E+00,9.2546130E-01,7.7192620E-01,6.2338630E-01,4.8514290E-01,3.6741280E-01,2.7235540E-01,2.0496140E-01,1.5265870E-01,1.1588345E-01,8.8705300E-02,6.8877650E-02,5.4548470E-02,4.4128450E-02,3.6169080E-02,3.0014530E-02,2.5227360E-02,2.1363270E-02,1.8160120E-02,1.5531380E-02,1.3355581E-02,1.1538239E-02,1.0017697E-02,8.7323370E-03,7.6283910E-03,6.6942050E-03,5.8850660E-03,5.1909840E-03,4.5925390E-03,4.0690370E-03,3.6090740E-03,3.2100600E-03,2.8595180E-03,2.5507110E-03,2.2757800E-03,2.0311000E-03,1.8142710E-03
487.5,1.6830060E+00,1.4960375E+00,1.3191901E+00,1.1565989E+00,9.9481120E-01,8.4819780E-01,7.0782630E-01,5.7278410E-01,4.4720510E-01,3.3992830E-01,2.5293900E-01,1.9080520E-01,1.4246120E-01,1.0828425E-01,8.2945750E-02,6.4395610E-02,5.0935460E-02,4.1119510E-02,3.3617280E-02,2.7811220E-02,2.3293480E-02,1.9650810E-02,1.6641420E-02,1.4176072E-02,1.2139847E-02,1.0452402E-02,9.0338760E-03,7.8400490E-03,6.8174850E-03,5.9545100E-03,5.2103140E-03,4.5739570E-03,4.0271780E-03,3.5511990E-03,3.1346920E-03,2.7737440E-03,2.4589460E-03,2.1829540E-03,1.9386670E-03,1.7222050E-03,1.5314610E-03
492.5,1.7741140E+00,1.5675343E+00,1.3740238E+00,1.1979070E+00,1.0260867E+00,8.7163870E-01,7.2561490E-01,5.8668990E-01,4.5824010E-01,3.4857750E-01,2.5958560E-01,1.9573490E-01,1.4604020E-01,1.1080788E-01,8.4678900E-02,6.5525930E-02,5.1595420E-02,4.1425220E-02,3.3665910E-02,2.7670670E-02,2.3013360E-02,1.9270400E-02,1.6205180E-02,1.3700007E-02,1.1641715E-02,9.9447110E-03,8.5182790E-03,7.3328350E-03,6.3256790E-03,5.4796810E-03,4.7547040E-03,4.1389020E-03,3.6132290E-03,3.1594610E-03,2.7656460E-03,2.4267440E-03,2.1329740E-03,1.8776850E-03,1.6536940E-03,1.4571330E-03,1.2844702E-03
497.5,1.7383145E+00,1.5205586E+00,1.3195071E+00,1.1392637E+00,9.6816330E-01,8.1600910E-01,6.7526410E-01,5.4389210E-01,4.2383420E-01,3.2179940E-01,2.3921800E-01,1.7968060E-01,1.3358300E-01,1.0084841E-01,7.6621900E-02,5.8880400E-02,4.5974580E-02,3.6565950E-02,2.9418140E-02,2.3920490E-02,1.9669880E-02,1.6283260E-02,1.3537187E-02,1.1310438E-02,9.4960770E-03,8.0133020E-03,6.7838500E-03,5.7684190E-03,4.9139460E-03,4.2038860E-03,3.6021680E-03,3.0963820E-03,2.6693470E-03,2.3050950E-03,1.9928610E-03,1.7266960E-03,1.4990553E-03,1.3034856E-03,1.1341526E-03,9.8748460E-04,8.5995150E-04
502.5,1.6528916E+00,1.4203010E+00,1.2104990E+00,1.0268157E+00,8.5882820E-01,7.1267150E-01,5.8166550E-01,4.6316180E-01,3.5736810E-01,2.6880190E-01,1.9797420E-01,1.4700460E-01,1.0806048E-01,8.0539210E-02,6.0367070E-02,4.5710650E-02,3.5118140E-02,2.7446440E-02,2.1687600E-02,1.7309344E-02,1.3963265E-02,1.1338380E-02,9.2483550E-03,7.5782350E-03,6.2396090E-03,5.1633450E-03,4.2871820E-03,3.5745800E-03,2.9863370E-03,2.5054060E-03,2.1046710E-03,1.7745302E-03,1.5003887E-03,1.2712598E-03,1.0786743E-03,9.1738050E-04,7.8219170E-04,6.6794530E-04,5.7104250E-04,4.8870070E-04,4.1877150E-04
507.5,1.6988529E+00,1.4177714E+00,1.1730346E+00,9.6615960E-01,7.8601040E-01,6.3448300E-01,5.0464460E-01,3.9236600E-01,2.9612840E-01,2.1793060E-01,1.5705880E-01,1.1387618E-01,8.1758680E-02,5.9429610E-02,4.3418570E-02,3.2016750E-02,2.3920100E-02,1.8166544E-02,1.3941914E-02,1.0803295E-02,8.4581890E-03,6.6679520E-03,5.2812540E-03,4.2020400E-03,3.3598730E-03,2.7010500E-03,2.1789340E-03,1.7659103E-03,1.4346745E-03,1.1701699E-03,9.5725050E-04,7.8577480E-04,6.4733510E-04,5.3479370E-04,4.4283040E-04,3.6780040E-04,3.0642290E-04,2.5605020E-04,2.1445710E-04,1.8005800E-04,1.5153510E-04
512.5,1.6409078E+00,1.3220803E+00,1.0555243E+00,8.3894780E-01,6.5954830E-01,5.1468220E-01,3.9619620E-01,2.9878420E-01,2.1895920E-01,1.5656626E-01,1.0965621E-01,7.7111440E-02,5.3724640E-02,3.7853250E-02,2.6799230E-02,1.9138171E-02,1.3834615E-02,1.0157598E-02,7.5376240E-03,5.6470630E-03,4.2743850E-03,3.2592780E-03,2.4991900E-03,1.9258274E-03,1.4924072E-03,1.1636276E-03,9.1076740E-04,7.1732630E-04,5.6714880E-04,4.5094700E-04,3.6003750E-04,2.8906520E-04,2.3331500E-04,1.8931190E-04,1.5434840E-04,1.2657940E-04,1.0439200E-04,8.6599600E-05,7.2232500E-05,6.0581600E-05,5.1097510E-05
517.5,1.5132033E+00,1.1950362E+00,9.3504400E-01,7.2844350E-01,5.6197610E-01,4.3049110E-01,3.2571450E-01,2.4177470E-01,1.7466630E-01,1.2318432E-01,8.5116010E-02,5.8966390E-02,4.0486240E-02,2.8083440E-02,1.9568760E-02,1.3745790E-02,9.7651040E-03,7.0420150E-03,5.1331020E-03,3.7771820E-03,2.8078940E-03,2.1041080E-03,1.5864089E-03,1.2025906E-03,9.1728180E-04,7.0439980E-04,5.4395190E-04,4.2282190E-04,3.3042190E-04,2.6000450E-04,2.0579540E-04,1.6407220E-04,1.3177120E-04,1.0659580E-04,8.6823000E-05,7.1287200E-05,5.8993900E-05,4.9210340E-05,4.1352270E-05,3.5002020E-05,2.9834830E-05
522.5,1.6193781E+00,1.2748724E+00,9.9446950E-01,7.7249060E-01,5.9484960E-01,4.5492940E-01,3.4399560E-01,2.5554050E-01,1.8495070E-01,1.3075342E-01,9.0589500E-02,6.2847240E-02,4.3218110E-02,2.9997090E-02,2.0905100E-02,1.4676197E-02,1.0411387E-02,7.4906120E-03,5.4444830E-03,3.9930830E-03,2.9572070E-03,2.2063840E-03,1.6561339E-03,1.2494131E-03,9.4810480E-04,7.2397850E-04,5.5581650E-04,4.2940260E-04,3.3335760E-04,2.6044080E-04,2.0460130E-04,1.6180550E-04,1.2885440E-04,1.0332660E-04,8.3396900E-05,6.7809100E-05,5.5557560E-05,4.5876240E-05,3.8163530E-05,3.1975270E-05,2.6983000E-05
527.5,1.5898021E+00,1.2455270E+00,9.6693480E-01,7.4760720E-01,5.7349030E-01,4.3700580E-01,3.2953990E-01,2.4442320E-01,1.7682833E-01,1.2501595E-01,8.6637080E-02,6.0059160E-02,4.1273740E-02,2.8603170E-02,1.9895650E-02,1.3933793E-02,9.8531110E-03,7.0620660E-03,5.1124940E-03,3.7334700E-03,2.7521210E-03,2.0437218E-03,1.5270826E-03,1.1465935E-03,8.6582500E-04,6.5803570E-04,5.0245300E-04,3.8623740E-04,2.9835100E-04,2.3196220E-04,1.8133680E-04,1.4271070E-04,1.1308150E-04,9.0242600E-05,7.2499490E-05,5.8689720E-05,4.7872270E-05,3.9355370E-05,3.2593530E-05,2.7196780E-05,2.2854200E-05
532.5,1.6046770E+00,1.2472213E+00,9.6059200E-01,7.3689520E-01,5.6128610E-01,4.2474230E-01,3.1834270E-01,2.3494670E-01,1.6927366E-01,1.1922756E-01,8.2335610E-02,5.6823300E-02,3.8883820E-02,2.6814860E-02,1.8555579E-02,1.2922106E-02,9.0807450E-03,6.4655870E-03,4.6488310E-03,3.3711120E-03,2.4673860E-03,1.8198797E-03,1.3504334E-03,1.0070672E-03,7.5548010E-04,5.7052950E-04,4.3319080E-04,3.3103050E-04,2.5436550E-04,1.9675490E-04,1.5314030E-04,1.2003830E-04,9.4798600E-05,7.5442700E-05,6.0481560E-05,4.8873840E-05,3.9830420E-05,3.2734250E-05,2.7118520E-05,2.2643140E-05,1.9047250E-05
537.5,1.6142370E+00,1.2426748E+00,9.4794550E-01,7.2031070E-01,5.4380970E-01,4.0792870E-01,3.0332690E-01,2.2229300E-01,1.5916931E-01,1.1146279E-01,7.6546390E-02,5.2479420E-02,3.5687080E-02,2.4441420E-02,1.6795377E-02,1.1611048E-02,8.0977860E-03,5.7192640E-03,4.0792330E-03,2.9342500E-03,2.1303983E-03,1.5592984E-03,1.1484620E-03,8.5045900E-04,6.3367280E-04,4.7561700E-04,3.5912630E-04,2.7319820E-04,2.0908360E-04,1.6125400E-04,1.2525760E-04,9.8096600E-05,7.7478700E-05,6.1754700E-05,4.9633820E-05,4.0269730E-05,3.2968120E-05,2.7241150E-05,2.2712220E-05,1.9092390E-05,1.6174400E-05
542.5,1.5773415E+00,1.1960193E+00,8.9857480E-01,6.7248990E-01,5.0037160E-01,3.6990060E-01,2.7118350E-01,1.9609576E-01,1.3867944E-01,9.5949760E-02,6.5120060E-02,4.4093970E-02,2.9622590E-02,2.0035223E-02,1.3595739E-02,9.2810770E-03,6.3902910E-03,4.4560840E-03,3.1392350E-03,2.2312650E-03,1.6014090E-03,1.1592615E-03,8.4563740E-04,6.2075080E-04,4.5913850E-04,3.4251570E-04,2.5747280E-04,1.9530370E-04,1.4936410E-04,1.1536730E-04,8.9977100E-05,7.0892300E-05,5.6470560E-05,4.5477770E-05,3.7008160E-05,3.0440890E-05,2.5301440E-05,2.1253470E-05,1.8019380E-05,1.5405860E-05,1.3271320E-05
547.5,1.5826758E+00,1.1711811E+00,8.5860880E-01,6.2702660E-01,4.5545600E-01,3.2853870E-01,2.3527159E-01,1.6632911E-01,1.1505327E-01,7.7894080E-02,5.1751730E-02,3.4281500E-02,2.2544650E-02,1.4922845E-02,9.9143170E-03,6.6283880E-03,4.4710480E-03,3.0561470E-03,2.1124540E-03,1.4749314E-03,1.0414723E-03,7.4282320E-04,5.3513950E-04,3.8890230E-04,2.8559850E-04,2.1219890E-04,1.5940740E-04,1.2130090E-04,9.3427700E-05,7.2957000E-05,5.7715900E-05,4.6306700E-05,3.7663250E-05,3.1048600E-05,2.5899220E-05,2.1858850E-05,1.8648800E-05,1.6064950E-05,1.3951730E-05,1.2200620E-05,1.0728390E-05
552.5,1.5818893E+00,1.1444067E+00,8.2010880E-01,5.8548040E-01,4.1591940E-01,2.9356463E-01,2.0572208E-01,1.4242315E-01,9.6559320E-02,6.4100070E-02,4.1778080E-02,2.7131580E-02,1.7505090E-02,1.1367031E-02,7.4115580E-03,4.8654460E-03,3.2242460E-03,2.1669760E-03,1.4746640E-03,1.0153573E-03,7.0838230E-04,5.0057890E-04,3.5821250E-04,2.5943370E-04,1.9053080E-04,1.4210250E-04,1.0758280E-04,8.2840000E-05,6.4786200E-05,5.1531700E-05,4.1621500E-05,3.4150690E-05,2.8430980E-05,2.3985710E-05,2.0458850E-05,1.7633960E-05,1.5337950E-05,1.3446400E-05,1.1860780E-05,1.0513390E-05,9.3551500E-06
557.5,1.5393578E+00,1.0980573E+00,7.7587660E-01,5.4617830E-01,3.8275505E-01,2.6631441E-01,1.8421249E-01,1.2598556E-01,8.4460820E-02,5.5450940E-02,3.5755520E-02,2.2964010E-02,1.4657585E-02,9.4151630E-03,6.0749930E-03,3.9475090E-03,2.5909850E-03,1.7256767E-03,1.1651094E-03,7.9695990E-04,5.5333710E-04,3.8985080E-04,2.7880980E-04,2.0230400E-04,1.4924010E-04,1.1209570E-04,8.5667500E-05,6.6716900E-05,5.2850400E-05,4.2625200E-05,3.4921300E-05,2.9056000E-05,2.4514880E-05,2.0939070E-05,1.8059570E-05,1.5718500E-05,1.3785330E-05,1.2170050E-05,1.0797070E-05,9.6159200E-06,8.5883800E-06
562.5,1.5575050E+00,1.0971485E+00,7.6555680E-01,5.3220330E-01,3.6843562E-01,2.5347200E-01,1.7326319E-01,1.1716813E-01,7.7693260E-02,5.0487830E-02,3.2235830E-02,2.0493520E-02,1.2954385E-02,8.2401730E-03,5.2669510E-03,3.3917690E-03,2.2069590E-03,1.4583531E-03,9.7782830E-04,6.6510260E-04,4.5977460E-04,3.2314300E-04,2.3093340E-04,1.6779710E-04,1.2418470E-04,9.3766800E-05,7.2146200E-05,5.6628600E-05,4.5244000E-05,3.6816400E-05,3.0425230E-05,2.5520570E-05,2.1688470E-05,1.8641710E-05,1.6162120E-05,1.4127080E-05,1.2431080E-05,1.1001170E-05,9.7773700E-06,8.7180600E-06,7.7908800E-06
567.5,1.5263338E+00,1.0534011E+00,7.2009950E-01,4.9043810E-01,3.3272453E-01,2.2433512E-01,1.5034699E-01,9.9738330E-02,6.4917200E-02,4.1424760E-02,2.5985490E-02,1.6228080E-02,1.0086377E-02,6.3119970E-03,3.9725580E-03,2.5217780E-03,1.6197530E-03,1.0585921E-03,7.0372060E-04,4.7591730E-04,3.2822130E-04,2.3101590E-04,1.6593060E-04,1.2160500E-04,9.1089200E-05,6.9805000E-05,5.4608100E-05,4.3627500E-05,3.5476500E-05,2.9356950E-05,2.4634780E-05,2.0945870E-05,1.8008960E-05,1.5629930E-05,1.3655720E-05,1.2006730E-05,1.0612360E-05,9.4222500E-06,8.3917700E-06,7.4919000E-06,6.6989300E-06
572.5,1.5339781E+00,1.0214104E+00,6.7357280E-01,4.4252049E-01,2.8968666E-01,1.8842524E-01,1.2187985E-01,7.8069190E-02,4.9085040E-02,3.0279650E-02,1.8379928E-02,1.1116218E-02,6.7035200E-03,4.0770440E-03,2.5004680E-03,1.5518400E-03,9.7837280E-04,6.3077500E-04,4.1620160E-04,2.8121380E-04,1.9518270E-04,1.3922590E-04,1.0205350E-04,7.6723500E-05,5.9177300E-05,4.6786200E-05,3.7761300E-05,3.1078900E-05,2.5961490E-05,2.1999340E-05,1.8832190E-05,1.6275790E-05,1.4178060E-05,1.2431190E-05,1.0943270E-05,9.6744400E-06,8.5818600E-06,7.6374600E-06,6.8107600E-06,6.0827800E-06,5.4368300E-06
577.5,1.5268607E+00,9.6160400E-01,5.9969774E-01,3.7268167E-01,2.3077786E-01,1.4203727E-01,8.6963780E-02,5.2759490E-02,3.1452600E-02,1.8422214E-02,1.0644337E-02,6.1456810E-03,3.5536510E-03,2.0837030E-03,1.2406370E-03,7.5407620E-04,4.7055940E-04,3.0394230E-04,2.0349800E-04,1.4130680E-04,1.0190310E-04,7.6124700E-05,5.8660900E-05,4.6385100E-05,3.7527200E-05,3.0974500E-05,2.5942710E-05,2.2021720E-05,1.8854420E-05,1.6287080E-05,1.4145940E-05,1.2356110E-05,1.0844460E-05,9.5580400E-06,8.4390200E-06,7.4722800E-06,6.6314000E-06,5.8996700E-06,5.2560900E-06,4.6875600E-06,4.1812400E-06
582.5,1.5424034E+00,8.8696595E-01,5.0503933E-01,2.8662949E-01,1.6216830E-01,9.1265640E-02,5.1166050E-02,2.8484010E-02,1.5636244E-02,8.4792450E-03,4.5719070E-03,2.4902790E-03,1.3787240E-03,7.8849000E-04,4.6804330E-04,2.9028510E-04,1.8911110E-04,1.3006850E-04,9.3942400E-05,7.0725100E-05,5.5199700E-05,4.4296300E-05,3.6281100E-05,3.0134800E-05,2.5329700E-05,2.1523540E-05,1.8407000E-05,1.5860070E-05,1.3713000E-05,1.1920960E-05,1.0390030E-05,9.0890900E-06,7.9783700E-06,7.0266900E-06,6.1934100E-06,5.4712400E-06,4.8421900E-06,4.2961100E-06,3.8165200E-06,3.3934600E-06,3.0169000E-06
587.5,1.4332839E+00,7.2670372E-01,3.6495537E-01,1.8287505E-01,9.1486440E-02,4.5644370E-02,2.2806963E-02,1.1417970E-02,5.7171540E-03,2.8890550E-03,1.4952920E-03,8.1173500E-04,4.6625600E-04,2.8717330E-04,1.8846130E-04,1.3075400E-04,9.5095100E-05,7.2196400E-05,5.6564500E-05,4.5327600E-05,3.7030500E-05,3.0676700E-05,2.5665700E-05,2.1595400E-05,1.8286120E-05,1.5598630E-05,1.3350220E-05,1.1496240E-05,9.9182100E-06,8.5986400E-06,7.4673100E-06,6.5070900E-06,5.6891700E-06,4.9900300E-06,4.3789700E-06,3.8507900E-06,3.3926100E-06,2.9970800E-06,2.6512300E-06,2.3476500E-06,2.0776780E-06
592.5,1.4030357E+00,6.0752182E-01,2.6078883E-01,1.1191147E-01,4.8111410E-02,2.0790050E-02,9.1381590E-03,4.1434700E-03,1.9679640E-03,1.0025030E-03,5.5666600E-04,3.3964000E-04,2.2279630E-04,1.5546760E-04,1.1283950E-04,8.4227900E-05,6.4313600E-05,5.0373500E-05,4.0203000E-05,3.2524900E-05,2.6679800E-05,2.2114950E-05,1.8475490E-05,1.5490370E-05,1.3056900E-05,1.1086050E-05,9.4348500E-06,8.0817700E-06,6.9310200E-06,5.9745500E-06,5.1564800E-06,4.4659900E-06,3.8808400E-06,3.3856200E-06,2.9528600E-06,2.5809800E-06,2.2601000E-06,1.9854080E-06,1.7467470E-06,1.5385240E-06,1.3537780E-06
597.5,1.4357959E+00,4.8896233E-01,1.6542193E-01,5.6201838E-02,1.9341958E-02,6.8873920E-03,2.6637330E-03,1.1928730E-03,6.3684500E-04,3.9354000E-04,2.6498100E-04,1.8754220E-04,1.3536930E-04,9.9940400E-05,7.4709400E-05,5.6507800E-05,4.3288100E-05,3.3881300E-05,2.6954700E-05,2.1691970E-05,1.7687950E-05,1.4569550E-05,1.2095890E-05,1.0065460E-05,8.4181900E-06,7.0972200E-06,5.9921800E-06,5.0966700E-06,4.3359400E-06,3.7105900E-06,3.1766800E-06,2.7301400E-06,2.3546100E-06,2.0403090E-06,1.7663490E-06,1.5325130E-06,1.3320720E-06,1.1624430E-06,1.0162590E-06,8.8977900E-07,7.7755800E-07
602.5,1.4530773E+00,3.8609443E-01,1.0223163E-01,2.7402751E-02,7.6347430E-03,2.3778190E-03,9.4427900E-04,5.1310600E-04,3.4174000E-04,2.4484900E-04,1.7758240E-04,1.2952600E-04,9.4282000E-05,6.9606500E-05,5.1790900E-05,3.8888100E-05,2.9505100E-05,2.2882800E-05,1.8038680E-05,1.4372050E-05,1.1604420E-05,9.4676600E-06,7.7903500E-06,6.4166700E-06,5.3110500E-06,4.4369100E-06,3.7078200E-06,3.1259100E-06,2.6323900E-06,2.2325800E-06,1.8922600E-06,1.6109140E-06,1.3766340E-06,1.1836540E-06,1.0156430E-06,8.7348100E-07,7.5256800E-07,6.5181900E-07,5.6586900E-07,4.9233100E-07,4.2697100E-07
607.5,1.4608249E+00,3.4614417E-01,8.1861349E-02,1.9684439E-02,5.0046770E-03,1.5004130E-03,6.2757200E-04,3.7335700E-04,2.6283000E-04,1.9197910E-04,1.3946920E-04,1.0107500E-04,7.2877600E-05,5.3266900E-05,3.9198000E-05,2.9076800E-05,2.1751610E-05,1.6640940E-05,1.2943380E-05,1.0168180E-05,8.0981000E-06,6.5210300E-06,5.3017000E-06,4.3084800E-06,3.5181200E-06,2.9043900E-06,2.3951800E-06,1.9966380E-06,1.6599380E-06,1.3920440E-06,1.1651380E-06,9.8028900E-07,8.2832700E-07,7.0579400E-07,5.9918700E-07,5.0995500E-07,4.3477900E-07,3.7345400E-07,3.2183700E-07,2.7829400E-07,2.3939000E-07
612.5,1.4233630E+00,3.2823590E-01,7.5560202E-02,1.7688542E-02,4.3797520E-03,1.2842550E-03,5.3017400E-04,3.1366600E-04,2.1952900E-04,1.5903370E-04,1.1437130E-04,8.1866900E-05,5.8248000E-05,4.2008800E-05,3.0480100E-05,2.2267110E-05,1.6368640E-05,1.2311800E-05,9.4198500E-06,7.2745300E-06,5.6987300E-06,4.5186700E-06,3.6233300E-06,2.8988300E-06,2.3300100E-06,1.8980710E-06,1.5415480E-06,1.2694200E-06,1.0401570E-06,8.6185400E-07,7.1143300E-07,5.9096600E-07,4.9346700E-07,4.1701700E-07,3.5020400E-07,2.9495500E-07,2.4884600E-07,2.1228880E-07,1.8201780E-07,1.5689310E-07,1.3407160E-07
617.5,1.4168791E+00,3.1707903E-01,7.0839597E-02,1.6090010E-02,3.8656500E-03,1.1015350E-03,4.4566400E-04,2.6108900E-04,1.8136020E-04,1.3019520E-04,9.2629300E-05,6.5439300E-05,4.5905300E-05,3.2643500E-05,2.3334500E-05,1.6772100E-05,1.2097540E-05,8.9350700E-06,6.7177800E-06,5.0934200E-06,3.9206300E-06,3.0590500E-06,2.4191200E-06,1.9037050E-06,1.5047610E-06,1.2097480E-06,9.6677300E-07,7.8698800E-07,6.3522400E-07,5.2052800E-07,4.2365300E-07,3.4761000E-07,2.8708500E-07,2.4136200E-07,2.0080140E-07,1.6765370E-07,1.4018250E-07,1.1923390E-07,1.0220620E-07,8.8332300E-08,7.5257700E-08
622.5,1.4182155E+00,3.0408121E-01,6.5113589E-02,1.4182354E-02,3.2749240E-03,9.0741100E-04,3.6486500E-04,2.1490710E-04,1.4933460E-04,1.0661340E-04,7.5192200E-05,5.2506600E-05,3.6363500E-05,2.5530400E-05,1.8002090E-05,1.2745470E-05,9.0281000E-06,6.5531800E-06,4.8456700E-06,3.6092600E-06,2.7316000E-06,2.0988560E-06,1.6390090E-06,1.2695150E-06,9.8733200E-07,7.8457300E-07,6.1732700E-07,4.9782800E-07,3.9622500E-07,3.2185600E-07,2.5862100E-07,2.1000310E-07,1.7199040E-07,1.4456020E-07,1.1953160E-07,9.9277700E-08,8.2543000E-08,7.0404100E-08,6.0704200E-08,5.2973500E-08,4.5210100E-08
627.5,1.3837640E+00,2.8400703E-01,5.8246717E-02,1.2168856E-02,2.7137710E-03,7.4177000E-04,3.0360600E-04,1.8283050E-04,1.2804800E-04,9.1319700E-05,6.4113000E-05,4.4465400E-05,3.0557300E-05,2.1285540E-05,1.4881250E-05,1.0435430E-05,7.3058000E-06,5.2424000E-06,3.8331600E-06,2.8207000E-06,2.1099210E-06,1.6039310E-06,1.2417400E-06,9.5123200E-07,7.3145100E-07,5.7676100E-07,4.4896700E-07,3.5997200E-07,2.8378000E-07,2.2937300E-07,1.8276590E-07,1.4749440E-07,1.2023650E-07,1.0129100E-07,8.3534600E-08,6.9248000E-08,5.7453400E-08,4.9220500E-08,4.2732100E-08,3.7647800E-08,3.2229800E-08
632.5,1.3832954E+00,2.7049706E-01,5.2889435E-02,1.0556168E-02,2.2692070E-03,6.1588300E-04,2.5995650E-04,1.6119900E-04,1.1413610E-04,8.1538000E-05,5.7177200E-05,3.9556000E-05,2.7102400E-05,1.8817620E-05,1.3107200E-05,9.1538600E-06,6.3764300E-06,4.5511800E-06,3.3093300E-06,2.4205300E-06,1.7994980E-06,1.3598070E-06,1.0472990E-06,7.9739700E-07,6.0933600E-07,4.7821600E-07,3.7001600E-07,2.9556000E-07,2.3173000E-07,1.8670260E-07,1.4802130E-07,1.1900270E-07,9.6710600E-08,8.1506300E-08,6.7080600E-08,5.5513500E-08,4.5966500E-08,3.9428400E-08,3.4318700E-08,3.0355000E-08,2.5997000E-08
637.5,1.3905107E+00,2.5303500E-01,4.6093679E-02,8.6049360E-03,1.7630750E-03,4.8303600E-04,2.1785150E-04,1.4179030E-04,1.0208170E-04,7.3208800E-05,5.1358000E-05,3.5506300E-05,2.4303000E-05,1.6852890E-05,1.1720710E-05,8.1717100E-06,5.6812300E-06,4.0453800E-06,2.9334600E-06,2.1390940E-06,1.5850310E-06,1.1935250E-06,9.1617100E-07,6.9509100E-07,5.2923800E-07,4.1408200E-07,3.1922900E-07,2.5429100E-07,1.9867850E-07,1.5967810E-07,1.2619360E-07,1.0117970E-07,8.2018500E-08,6.9052000E-08,5.6717100E-08,4.6848200E-08,3.8703000E-08,3.3174300E-08,2.8856500E-08,2.5537000E-08,2.1841800E-08
642.5,1.3738149E+00,2.3429892E-01,4.0046795E-02,7.0457920E-03,1.3890860E-03,3.8923380E-04,1.8730620E-04,1.2652240E-04,9.2059100E-05,6.6137400E-05,4.6384700E-05,3.2036100E-05,2.1901940E-05,1.5167720E-05,1.0532220E-05,7.3307700E-06,5.0867600E-06,3.6140000E-06,2.6140900E-06,1.9010470E-06,1.4046080E-06,1.0544830E-06,8.0717500E-07,6.1058100E-07,4.6351700E-07,3.6177600E-07,2.7809300E-07,2.2104100E-07,1.7223400E-07,1.3817390E-07,1.0893030E-07,8.7166400E-08,7.0525700E-08,5.9335600E-08,4.8668700E-08,4.0146200E-08,3.3105600E-08,2.8361000E-08,2.4664700E-08,2.1836400E-08,1.8657780E-08
647.5,1.3151385E+00,2.1125588E-01,3.4054264E-02,5.6819200E-03,1.0910610E-03,3.1796900E-04,1.6359440E-04,1.1400320E-04,8.3599200E-05,6.0101700E-05,4.2108100E-05,2.9018000E-05,1.9788810E-05,1.3672270E-05,9.4685000E-06,6.5708600E-06,4.5425800E-06,3.2161500E-06,2.3185400E-06,1.6800060E-06,1.2370360E-06,9.2578200E-07,7.0696800E-07,5.3311800E-07,4.0345000E-07,3.1433900E-07,2.4094500E-07,1.9130340E-07,1.4871010E-07,1.1920630E-07,9.3798200E-08,7.4974600E-08,6.0610600E-08,5.1056900E-08,4.1868200E-08,3.4529000E-08,2.8456000E-08,2.4404700E-08,2.1252300E-08,1.8859290E-08,1.6115110E-08
652.5,1.3124645E+00,1.8596198E-01,2.6514018E-02,3.9649310E-03,7.3023550E-04,2.3654440E-04,1.3822880E-04,1.0168530E-04,7.5792500E-05,5.4702400E-05,3.8319700E-05,2.6284500E-05,1.7819690E-05,1.2262910E-05,8.4515400E-06,5.8304900E-06,3.9931300E-06,2.8084000E-06,2.0143980E-06,1.4509460E-06,1.0635000E-06,7.9352400E-07,6.0598700E-07,4.5529700E-07,3.4318500E-07,2.6763800E-07,2.0442440E-07,1.6268090E-07,1.2611000E-07,1.0131690E-07,7.9546500E-08,6.3581800E-08,5.1433600E-08,4.3597100E-08,3.5793500E-08,2.9551200E-08,2.4344000E-08,2.0965600E-08,1.8344790E-08,1.6386640E-08,1.4013350E-08
657.5,1.2509795E+00,1.4633856E-01,1.7332416E-02,2.2331760E-03,4.2471440E-04,1.7952600E-04,1.2549010E-04,9.9778400E-05,7.6943700E-05,5.6324400E-05,3.9657100E-05,2.6949200E-05,1.8027170E-05,1.2326970E-05,8.4180500E-06,5.7325800E-06,3.8295200E-06,2.6532300E-06,1.8862190E-06,1.3421950E-06,9.7688300E-07,7.2771300E-07,5.6045400E-07,4.1905300E-07,3.1392000E-07,2.4703400E-07,1.8754870E-07,1.5102710E-07,1.1652320E-07,9.4535200E-08,7.3890200E-08,5.9138400E-08,4.7965900E-08,4.1399300E-08,3.4084600E-08,2.8188300E-08,2.3162800E-08,2.0150280E-08,1.7831080E-08,1.6182320E-08,1.3838430E-08
662.5,1.3375747E+00,1.3348293E-01,1.3572516E-02,1.5766430E-03,3.4278860E-04,1.8908780E-04,1.5272850E-04,1.3456670E-04,1.1005530E-04,8.2879200E-05,5.9141100E-05,3.9703600E-05,2.6039600E-05,1.7685720E-05,1.1930910E-05,7.9688900E-06,5.0959400E-06,3.4432900E-06,2.4162000E-06,1.6849020E-06,1.2144120E-06,9.0593600E-07,7.1320700E-07,5.2993900E-07,3.9319800E-07,3.1592900E-07,2.3741600E-07,1.9587670E-07,1.4984070E-07,1.2379790E-07,9.5874500E-08,7.6803400E-08,6.2475600E-08,5.5577300E-08,4.5853500E-08,3.7909700E-08,3.0907400E-08,2.7270900E-08,2.4527600E-08,2.2785700E-08,1.9423760E-08
667.5,1.3306233E+00,1.2259038E-01,1.1626746E-02,1.3721260E-03,4.0448000E-04,2.8768300E-04,2.6213600E-04,2.5322800E-04,2.1740300E-04,1.6747410E-04,1.2091350E-04,8.0689500E-05,5.2311200E-05,3.5464400E-05,2.3782300E-05,1.5709540E-05,9.7411800E-06,6.4713600E-06,4.5077600E-06,3.0996200E-06,2.2226900E-06,1.6655200E-06,1.3403390E-06,9.9319500E-07,7.3257600E-07,6.0030700E-07,4.4801800E-07,3.7754000E-07,2.8706700E-07,2.4080400E-07,1.8516220E-07,1.4844410E-07,1.2098390E-07,1.1012060E-07,9.0924300E-08,7.5076300E-08,6.0759600E-08,5.4137600E-08,4.9233200E-08,4.6482500E-08,3.9488600E-08
672.5,1.3135114E+00,1.1503937E-01,1.0543954E-02,1.3677930E-03,5.6310400E-04,4.6839200E-04,4.5417300E-04,4.5846300E-04,4.0203500E-04,3.1265400E-04,2.2691750E-04,1.5112260E-04,9.7544300E-05,6.6128100E-05,4.4262500E-05,2.9126900E-05,1.7843030E-05,1.1778370E-05,8.1844600E-06,5.5971700E-06,4.0069600E-06,3.0089400E-06,2.4448000E-06,1.8095370E-06,1.3312760E-06,1.0999290E-06,8.1825900E-07,6.9538900E-07,5.2717800E-07,4.4481200E-07,3.4080100E-07,2.7316800E-07,2.2265900E-07,2.0440210E-07,1.6873980E-07,1.3916000E-07,1.1218470E-07,1.0026860E-07,9.1510200E-08,8.6926400E-08,7.3698600E-08
677.5,1.3041896E+00,1.0676404E-01,9.3172310E-03,1.3176320E-03,6.8112400E-04,6.0954100E-04,6.0662700E-04,6.2420300E-04,5.5243800E-04,4.3125600E-04,3.1374300E-04,2.0849690E-04,1.3411150E-04,9.0859100E-05,6.0697400E-05,3.9831800E-05,2.4222400E-05,1.5924160E-05,1.1040190E-05,7.5210600E-06,5.3728800E-06,4.0315500E-06,3.2862500E-06,2.4269300E-06,1.7801490E-06,1.4749520E-06,1.0934410E-06,9.3191100E-07,7.0415100E-07,5.9523900E-07,4.5448400E-07,3.6382500E-07,2.9617100E-07,2.7284700E-07,2.2503700E-07,1.8528870E-07,1.4887450E-07,1.3317050E-07,1.2164900E-07,1.1588930E-07,9.8085200E-08
682.5,1.2866782E+00,9.5328030E-02,7.5989430E-03,1.0692570E-03,6.0600000E-04,5.5810100E-04,5.6199200E-04,5.8591600E-04,5.2232300E-04,4.0880900E-04,2.9787900E-04,1.9707790E-04,1.2599850E-04,8.5122700E-05,5.6606400E-05,3.6941500E-05,2.2217100E-05,1.4498910E-05,9.9971800E-06,6.7612400E-06,4.8033200E-06,3.5886600E-06,2.9262500E-06,2.1486700E-06,1.5658500E-06,1.2978420E-06,9.5549700E-07,8.1492800E-07,6.1178100E-07,5.1708900E-07,3.9231200E-07,3.1300800E-07,2.5395700E-07,2.3457800E-07,1.9300260E-07,1.5840010E-07,1.2660460E-07,1.1322650E-07,1.0343720E-07,9.8850400E-08,8.3411900E-08
687.5,1.1276698E+00,7.2982185E-02,5.0897380E-03,6.5758600E-04,3.7566700E-04,3.4628500E-04,3.4827800E-04,3.6597500E-04,3.2818200E-04,2.5726500E-04,1.8763950E-04,1.2321300E-04,7.8019500E-05,5.2428100E-05,3.4593300E-05,2.2370600E-05,1.3233530E-05,8.5360600E-06,5.8307200E-06,3.8980900E-06,2.7430400E-06,2.0327820E-06,1.6542850E-06,1.2031990E-06,8.6776700E-07,7.1817000E-07,5.2312100E-07,4.4582900E-07,3.3143700E-07,2.7974900E-07,2.1027400E-07,1.6690560E-07,1.3472840E-07,1.2475520E-07,1.0230110E-07,8.3575400E-08,6.6338200E-08,5.9295100E-08,5.4138400E-08,5.1920800E-08,4.3648900E-08
692.5,1.1388192E+00,6.0514432E-02,3.4506220E-03,3.7321300E-04,1.9867650E-04,1.7647410E-04,1.7193780E-04,1.7760850E-04,1.5822990E-04,1.2347580E-04,8.9912100E-05,5.8623600E-05,3.6809800E-05,2.4625500E-05,1.6142530E-05,1.0372840E-05,6.0692300E-06,3.8861000E-06,2.6372700E-06,1.7499910E-06,1.2235360E-06,9.0054200E-07,7.3089800E-07,5.2814300E-07,3.7836300E-07,3.1280500E-07,2.2637600E-07,1.9280110E-07,1.4255350E-07,1.2031610E-07,9.0034900E-08,7.1387600E-08,5.7536500E-08,5.3340000E-08,4.3750200E-08,3.5718600E-08,2.8298800E-08,2.5281000E-08,2.3051600E-08,2.2134300E-08,1.8601240E-08
697.5,1.1728066E+00,4.6533218E-02,2.0057580E-03,1.9439870E-04,1.0447930E-04,8.7104200E-05,7.9069300E-05,7.7415600E-05,6.7220200E-05,5.1703900E-05,3.7396600E-05,2.4185500E-05,1.5059420E-05,1.0022820E-05,6.5269500E-06,4.1752400E-06,2.4299700E-06,1.5504900E-06,1.0476660E-06,6.9286700E-07,4.8271400E-07,3.5316700E-07,2.8526900E-07,2.0555770E-07,1.4701310E-07,1.2139340E-07,8.7835800E-08,7.4733500E-08,5.5336800E-08,4.6769600E-08,3.5127100E-08,2.7995900E-08,2.2662400E-08,2.0973800E-08,1.7309600E-08,1.4209050E-08,1.1335360E-08,1.0126410E-08,9.2077500E-09,8.8155000E-09,7.4450100E-09
702.5,1.1518328E+00,3.0862117E-02,9.4370200E-04,1.0360120E-04,6.2188900E-05,4.7884800E-05,3.9194200E-05,3.4654600E-05,2.8378400E-05,2.1129500E-05,1.5009120E-05,9.6472200E-06,5.9906800E-06,3.9695000E-06,2.5786500E-06,1.6549770E-06,9.7621600E-07,6.2850800E-07,4.2661100E-07,2.8487000E-07,1.9979750E-07,1.4637530E-07,1.1765790E-07,8.5558600E-08,6.1940300E-08,5.1193900E-08,3.7608400E-08,3.2010500E-08,2.4095300E-08,2.0466900E-08,1.5659830E-08,1.2672180E-08,1.0395460E-08,9.5737600E-09,8.0105300E-09,6.6657200E-09,5.4134500E-09,4.8402600E-09,4.3871000E-09,4.1667500E-09,3.5582600E-09
707.5,1.1817221E+00,1.8318116E-02,3.7049010E-04,6.1941300E-05,4.0220700E-05,2.8510900E-05,2.0894900E-05,1.6164250E-05,1.2061030E-05,8.4840100E-06,5.8027100E-06,3.6981100E-06,2.2973600E-06,1.5087620E-06,9.7878500E-07,6.3343400E-07,3.8573100E-07,2.5316200E-07,1.7387160E-07,1.1859480E-07,8.4506100E-08,6.2471500E-08,5.0002800E-08,3.7129100E-08,2.7569100E-08,2.2865200E-08,1.7288990E-08,1.4750140E-08,1.1424960E-08,9.7796300E-09,7.7036900E-09,6.3656000E-09,5.3184900E-09,4.8672200E-09,4.1426000E-09,3.5059700E-09,2.9103900E-09,2.6055000E-09,2.3548600E-09,2.2143700E-09,1.9156970E-09
712.5,1.1729586E+00,8.0641655E-03,1.1853950E-04,4.1279500E-05,2.7088700E-05,1.8121820E-05,1.2340400E-05,8.6586700E-06,5.9565500E-06,3.9576500E-06,2.5911600E-06,1.6313690E-06,1.0118440E-06,6.5699000E-07,4.2563000E-07,2.7791800E-07,1.7483560E-07,1.1713380E-07,8.1684000E-08,5.7054000E-08,4.1467200E-08,3.1113200E-08,2.5013800E-08,1.9015800E-08,1.4487210E-08,1.2120760E-08,9.4092800E-09,8.0782500E-09,6.4078500E-09,5.5319500E-09,4.4526100E-09,3.7363500E-09,3.1626600E-09,2.8872000E-09,2.4870200E-09,2.1264200E-09,1.7873140E-09,1.6015510E-09,1.4447380E-09,1.3518440E-09,1.1783430E-09
717.5,9.7031468E-01,2.2906644E-03,5.1072600E-05,2.8670900E-05,1.8281360E-05,1.1812160E-05,7.7773600E-06,5.2764900E-06,3.5286300E-06,2.2936100E-06,1.4790140E-06,9.2356700E-07,5.7030300E-07,3.7002300E-07,2.4031200E-07,1.5815980E-07,1.0041890E-07,6.8122200E-08,4.8155800E-08,3.4131300E-08,2.5193000E-08,1.9158040E-08,1.5630700E-08,1.2038120E-08,9.2754800E-09,7.8517300E-09,6.1504200E-09,5.3231600E-09,4.2498800E-09,3.6928000E-09,2.9839200E-09,2.5158800E-09,2.1371900E-09,1.9554720E-09,1.6922090E-09,1.4475610E-09,1.2164880E-09,1.0902250E-09,9.8211300E-10,9.2054000E-10,8.0329800E-10
722.5,9.6944184E-01,6.6053610E-04,3.3146000E-05,1.9593530E-05,1.2029380E-05,7.5394600E-06,4.8546100E-06,3.2596900E-06,2.1699300E-06,1.4060140E-06,9.0986000E-07,5.6693000E-07,3.4949100E-07,2.2872500E-07,1.4966730E-07,9.9566800E-08,6.3260800E-08,4.3375500E-08,3.1073300E-08,2.2263700E-08,1.6642700E-08,1.2793850E-08,1.0602110E-08,8.2240300E-09,6.3641100E-09,5.4419600E-09,4.2701600E-09,3.7200500E-09,2.9694100E-09,2.5915900E-09,2.0890800E-09,1.7628030E-09,1.4978570E-09,1.3745550E-09,1.1922070E-09,1.0169380E-09,8.5132600E-10,7.6277300E-10,6.8612400E-10,6.4539600E-10,5.6292500E-10
727.5,9.5121398E-01,1.7016100E-04,2.2900800E-05,1.2972620E-05,7.6210400E-06,4.6250800E-06,2.9209900E-06,1.9585130E-06,1.3112630E-06,8.5490700E-07,5.6072700E-07,3.5087800E-07,2.1724100E-07,1.4429530E-07,9.5578100E-08,6.4513700E-08,4.1088800E-08,2.8511400E-08,2.0698100E-08,1.4977760E-08,1.1317250E-08,8.7727400E-09,7.3586800E-09,5.7344300E-09,4.4457600E-09,3.8286000E-09,3.0033600E-09,2.6275600E-09,2.0937400E-09,1.8322310E-09,1.4714070E-09,1.2410720E-09,1.0539220E-09,9.6942500E-10,8.4227400E-10,7.1578200E-10,5.9666900E-10,5.3435200E-10,4.7990300E-10,4.5307500E-10,3.9497300E-10
732.5,1.0329359E+00,5.5518500E-05,1.5698240E-05,8.3545300E-06,4.6754400E-06,2.7519300E-06,1.7183800E-06,1.1671250E-06,7.9697200E-07,5.2867500E-07,3.5485200E-07,2.2437600E-07,1.4025160E-07,9.4820500E-08,6.3671800E-08,4.3616300E-08,2.7856300E-08,1.9528410E-08,1.4324590E-08,1.0438610E-08,7.9441900E-09,6.1880600E-09,5.2318700E-09,4.0853900E-09,3.1663900E-09,2.7386900E-09,2.1446300E-09,1.8808680E-09,1.4946890E-09,1.3099180E-09,1.0471880E-09,8.8220500E-10,7.4835400E-10,6.8972000E-10,6.0001400E-10,5.0781800E-10,4.2147700E-10,3.7725300E-10,3.3830600E-10,3.2058000E-10,2.7932800E-10
737.5,1.0836431E+00,2.8559100E-05,1.0887290E-05,5.3824200E-06,2.8598000E-06,1.6420530E-06,1.0285850E-06,7.2202900E-07,5.1080700E-07,3.4831600E-07,2.4069300E-07,1.5436420E-07,9.7646100E-08,6.7121500E-08,4.5614500E-08,3.1617000E-08,2.0231990E-08,1.4280430E-08,1.0541530E-08,7.7093300E-09,5.8876300E-09,4.5944700E-09,3.9011600E-09,3.0462000E-09,2.3566600E-09,2.0429300E-09,1.5954070E-09,1.4008870E-09,1.1095840E-09,9.7300300E-10,7.7411600E-10,6.5103500E-10,5.5142400E-10,5.0914700E-10,4.4320000E-10,3.7360100E-10,3.0874900E-10,2.7622900E-10,2.4743100E-10,2.3533000E-10,2.0491100E-10
742.5,1.1084254E+00,2.0816440E-05,7.8904700E-06,3.5896000E-06,1.8125550E-06,1.0296420E-06,6.6197000E-07,4.9082000E-07,3.6374200E-07,2.5602300E-07,1.8183330E-07,1.1820200E-07,7.5530100E-08,5.2526900E-08,3.5970300E-08,2.5099400E-08,1.6067940E-08,1.1374100E-08,8.4167400E-09,6.1591400E-09,4.7066400E-09,3.6720200E-09,3.1234500E-09,2.4356000E-09,1.8793860E-09,1.6306880E-09,1.2694040E-09,1.1152360E-09,8.8023000E-10,7.7199500E-10,6.1139900E-10,5.1316300E-10,4.3385500E-10,4.0131400E-10,3.4927600E-10,2.9342600E-10,2.4149000E-10,2.1601200E-10,1.9339180E-10,1.8457830E-10,1.6056340E-10
747.5,1.1238103E+00,1.7441910E-05,5.9255000E-06,2.4577600E-06,1.1850610E-06,6.8049000E-07,4.6088500E-07,3.6631900E-07,2.8475100E-07,2.0621000E-07,1.4952860E-07,9.8180100E-08,6.3148100E-08,4.4209500E-08,3.0391000E-08,2.1264800E-08,1.3602530E-08,9.6322000E-09,7.1287900E-09,5.2111700E-09,3.9785700E-09,3.1002900E-09,2.6385900E-09,2.0534100E-09,1.5799260E-09,1.3712530E-09,1.0638840E-09,9.3494700E-10,7.3530700E-10,6.4488800E-10,5.0857400E-10,4.2596200E-10,3.5941700E-10,3.3309200E-10,2.8971100E-10,2.4269800E-10,1.9894990E-10,1.7797790E-10,1.5934200E-10,1.5260560E-10,1.3259760E-10
752.5,1.1152725E+00,1.4942380E-05,4.4896800E-06,1.6868780E-06,7.8415900E-07,4.6742600E-07,3.4023400E-07,2.8977600E-07,2.3416400E-07,1.7301260E-07,1.2705540E-07,8.3876200E-08,5.4104000E-08,3.7979100E-08,2.6134900E-08,1.8295010E-08,1.1681780E-08,8.2637300E-09,6.1099900E-09,4.4583600E-09,3.3985400E-09,2.6440100E-09,2.2505300E-09,1.7476130E-09,1.3407050E-09,1.1638270E-09,8.9995500E-10,7.9111900E-10,6.2002400E-10,5.4382200E-10,4.2712900E-10,3.5703600E-10,3.0069700E-10,2.7923900E-10,2.4272800E-10,2.0281900E-10,1.6563790E-10,1.4822150E-10,1.3273540E-10,1.2757290E-10,1.1073740E-10
757.5,9.7172812E-01,1.2634310E-05,3.4525900E-06,1.1777210E-06,5.3502800E-07,3.3764000E-07,2.6443500E-07,2.3766000E-07,1.9698140E-07,1.4721250E-07,1.0881180E-07,7.1977800E-08,4.6458400E-08,3.2630800E-08,2.2448300E-08,1.5707810E-08,1.0007830E-08,7.0696300E-09,5.2204100E-09,3.8018800E-09,2.8933900E-09,2.2472300E-09,1.9128920E-09,1.4823740E-09,1.1340680E-09,9.8465100E-10,7.5906000E-10,6.6749300E-10,5.2146200E-10,4.5744700E-10,3.5793100E-10,2.9867500E-10,2.5114300E-10,2.3370300E-10,2.0308400E-10,1.6929960E-10,1.3779910E-10,1.2336460E-10,1.1051500E-10,1.0658890E-10,9.2459600E-11
762.5,5.1457683E-01,1.0767400E-05,2.7900800E-06,8.7441300E-07,3.9227300E-07,2.6239500E-07,2.1761900E-07,2.0234300E-07,1.7002850E-07,1.2774540E-07,9.4656800E-08,6.2629900E-08,4.0404500E-08,2.8367800E-08,1.9499910E-08,1.3633440E-08,8.6684500E-09,6.1145300E-09,4.5091900E-09,3.2779500E-09,2.4908000E-09,1.9316100E-09,1.6441890E-09,1.2717960E-09,9.7059300E-10,8.4286600E-10,6.4800600E-10,5.7003900E-10,4.4409500E-10,3.8965700E-10,3.0390700E-10,2.5322400E-10,2.1264400E-10,1.9826820E-10,1.7225360E-10,1.4333370E-10,1.1633500E-10,1.0420840E-10,9.3404500E-11,9.0373300E-11,7.8355800E-11
767.5,9.2323390E-01,1.0543400E-05,2.4118000E-06,7.1109400E-07,3.1642400E-07,2.2001800E-07,1.8841640E-07,1.7803790E-07,1.5042930E-07,1.1320160E-07,8.3895500E-08,5.5484500E-08,3.5762700E-08,2.5091000E-08,1.7231890E-08,1.2035400E-08,7.6398500E-09,5.3816000E-09,3.9638700E-09,2.8769000E-09,2.1830500E-09,1.6908060E-09,1.4390830E-09,1.1114050E-09,8.4649800E-10,7.3518800E-10,5.6397600E-10,4.9628900E-10,3.8577100E-10,3.3856500E-10,2.6340100E-10,2.1922500E-10,1.8390010E-10,1.7177070E-10,1.4919710E-10,1.2399590E-10,1.0042180E-10,9.0014700E-11,8.0740900E-11,7.8328700E-11,6.7889000E-11
772.5,1.0574991E+00,1.0650210E-05,2.1981700E-06,6.2158900E-07,2.7357700E-07,1.9354910E-07,1.6812980E-07,1.5988170E-07,1.3529750E-07,1.0181820E-07,7.5396400E-08,4.9833800E-08,3.2088900E-08,2.2495800E-08,1.5435860E-08,1.0768930E-08,6.8270800E-09,4.8030000E-09,3.5337500E-09,2.5611300E-09,1.9410590E-09,1.5018170E-09,1.2780880E-09,9.8576800E-10,7.4960100E-10,6.5109900E-10,4.9858000E-10,4.3889900E-10,3.4055300E-10,2.9896400E-10,2.3216100E-10,1.9305790E-10,1.6182030E-10,1.5138890E-10,1.3145960E-10,1.0917810E-10,8.8281100E-11,7.9191900E-11,7.1094500E-11,6.9120500E-11,5.9892200E-11
777.5,1.0597936E+00,1.1232060E-05,2.0754380E-06,5.6976900E-07,2.4703100E-07,1.7518810E-07,1.5284230E-07,1.4559930E-07,1.2319620E-07,9.2662300E-08,6.8529300E-08,4.5271300E-08,2.9123300E-08,2.0401200E-08,1.3987190E-08,9.7468200E-09,6.1730300E-09,4.3378800E-09,3.1883500E-09,2.3079700E-09,1.7473590E-09,1.3508750E-09,1.1494860E-09,8.8562600E-10,6.7261800E-10,5.8427600E-10,4.4679500E-10,3.9345500E-10,3.0488100E-10,2.6772800E-10,2.0764200E-10,1.7256400E-10,1.4455870E-10,1.3542830E-10,1.1756380E-10,9.7615400E-11,7.8847100E-11,7.0784600E-11,6.3608400E-11,6.1946800E-11,5.3664400E-11
782.5,1.0528887E+00,1.2740740E-05,1.9949100E-06,5.3385500E-07,2.2766600E-07,1.6104320E-07,1.4069290E-07,1.3408630E-07,1.1338660E-07,8.5229600E-08,6.2938500E-08,4.1562200E-08,2.6714100E-08,1.8700010E-08,1.2811440E-08,8.9166300E-09,5.6434400E-09,3.9615900E-09,2.9092000E-09,2.1037300E-09,1.5912890E-09,1.2295080E-09,1.0460670E-09,8.0525100E-10,6.1102600E-10,5.3079100E-10,4.0548600E-10,3.5719700E-10,2.7652200E-10,2.4289200E-10,1.8824260E-10,1.5637690E-10,1.3094310E-10,1.2281680E-10,1.0657240E-10,8.8504400E-11,7.1442700E-11,6.4187100E-11,5.7738600E-11,5.6298700E-11,4.8760100E-11
787.5,1.0195992E+00,1.5337000E-05,1.9250250E-06,5.0251100E-07,2.1091100E-07,1.4878780E-07,1.3012890E-07,1.2404930E-07,1.0482630E-07,7.8745100E-08,5.8059000E-08,3.8329300E-08,2.4617100E-08,1.7220470E-08,1.1790150E-08,8.1960700E-09,5.1852400E-09,3.6366400E-09,2.6685300E-09,1.9280570E-09,1.4573180E-09,1.1255530E-09,9.5746200E-10,7.3655400E-10,5.5855800E-10,4.8520500E-10,3.7040200E-10,3.2638300E-10,2.5250600E-10,2.2185100E-10,1.7187870E-10,1.4274560E-10,1.1949420E-10,1.1218330E-10,9.7300500E-11,8.0838300E-11,6.5233600E-11,5.8649800E-11,5.2810400E-11,5.1534600E-11,4.4623700E-11
792.5,9.8612311E-01,1.8206510E-05,1.8344640E-06,4.6673300E-07,1.9311750E-07,1.3615860E-07,1.1929830E-07,1.1376420E-07,9.6071800E-08,7.2122100E-08,5.3100600E-08,3.5044800E-08,2.2492100E-08,1.5723880E-08,1.0759190E-08,7.4719300E-09,4.7256100E-09,3.3118900E-09,2.4287500E-09,1.7536620E-09,1.3247360E-09,1.0228680E-09,8.6998200E-10,6.6893900E-10,5.0707100E-10,4.4047300E-10,3.3609700E-10,2.9622400E-10,2.2908200E-10,2.0131000E-10,1.5594270E-10,1.2949240E-10,1.0838140E-10,1.0182320E-10,8.8283200E-11,7.3378100E-11,5.9206500E-11,5.3261200E-11,4.7997000E-11,4.6862700E-11,4.0572300E-11
797.5,9.8108213E-01,2.0528870E-05,1.7163720E-06,4.2518600E-07,1.7389620E-07,1.2292080E-07,1.0799690E-07,1.0303680E-07,8.6960800E-08,6.5237900E-08,4.7975500E-08,3.1648900E-08,2.0299590E-08,1.4182790E-08,9.6996700E-09,6.7310600E-09,4.2558300E-09,2.9810300E-09,2.1851100E-09,1.5769930E-09,1.1907730E-09,9.1922400E-10,7.8173800E-10,6.0088400E-10,4.5535100E-10,3.9554600E-10,3.0172200E-10,2.6597200E-10,2.0563600E-10,1.8073220E-10,1.3999100E-10,1.1623950E-10,9.7283000E-11,9.1442900E-11,7.9270600E-11,6.5906400E-11,5.3174400E-11,4.7854300E-11,4.3148900E-11,4.2146100E-11,3.6486800E-11
802.5,9.6163206E-01,2.1853140E-05,1.5854170E-06,3.8197500E-07,1.5484190E-07,1.1006880E-07,9.7057200E-08,9.2654100E-08,7.8153500E-08,5.8589700E-08,4.3042000E-08,2.8381000E-08,1.8193220E-08,1.2704080E-08,8.6843500E-09,6.0229500E-09,3.8073400E-09,2.6658400E-09,1.9533950E-09,1.4092940E-09,1.0638170E-09,8.2107300E-10,6.9817100E-10,5.3652800E-10,4.0650600E-10,3.5310600E-10,2.6929900E-10,2.3741300E-10,1.8352870E-10,1.6131890E-10,1.2494980E-10,1.0374800E-10,8.6826600E-11,8.1641500E-11,7.0767300E-11,5.8849000E-11,4.7480900E-11,4.2742300E-11,3.8554200E-11,3.7667600E-11,3.2609400E-11
807.5,9.6335956E-01,2.0555620E-05,1.4312040E-06,3.3515300E-07,1.3503820E-07,9.6805400E-08,8.5718700E-08,8.1876200E-08,6.9025300E-08,5.1706400E-08,3.7958100E-08,2.5012000E-08,1.6024330E-08,1.1183730E-08,7.6416200E-09,5.2981300E-09,3.3480200E-09,2.3436400E-09,1.7169040E-09,1.2383890E-09,9.3461900E-10,7.2120000E-10,6.1320400E-10,4.7115800E-10,3.5690800E-10,3.1003500E-10,2.3641100E-10,2.0843600E-10,1.6110530E-10,1.4162490E-10,1.0967640E-10,9.1067700E-11,7.6217800E-11,7.1684100E-11,6.2146900E-11,5.1678000E-11,4.1692800E-11,3.7537300E-11,3.3862400E-11,3.3094200E-11,2.8653600E-11
812.5,8.7587828E-01,1.3601800E-05,1.2313730E-06,2.8018800E-07,1.1265110E-07,8.1746000E-08,7.2723800E-08,6.9497000E-08,5.8562800E-08,4.3826700E-08,3.2172400E-08,2.1174600E-08,1.3556570E-08,9.4564100E-09,6.4581300E-09,4.4784400E-09,2.8277000E-09,1.9792250E-09,1.4497720E-09,1.0455410E-09,7.8900800E-10,6.0860800E-10,5.1754200E-10,3.9761500E-10,3.0108500E-10,2.6161800E-10,1.9943530E-10,1.7586470E-10,1.3589310E-10,1.1949030E-10,9.2475600E-11,7.6792000E-11,6.4282700E-11,6.0477900E-11,5.2475300E-11,4.3607000E-11,3.5171300E-11,3.1665000E-11,2.8554600E-11,2.7926200E-11,2.4190400E-11
817.5,7.6265975E-01,7.7965800E-06,1.0134490E-06,2.2407200E-07,9.0335000E-08,6.6596000E-08,5.9548100E-08,5.6927400E-08,4.7952700E-08,3.5846700E-08,2.6327700E-08,1.7299700E-08,1.1067550E-08,7.7156300E-09,5.2663100E-09,3.6541200E-09,2.3042900E-09,1.6128930E-09,1.1813980E-09,8.5188300E-10,6.4285300E-10,4.9561000E-10,4.2158500E-10,3.2386900E-10,2.4511500E-10,2.1308800E-10,1.6237960E-10,1.4322160E-10,1.1062990E-10,9.7306900E-11,7.5229500E-11,6.2479900E-11,5.2319900E-11,4.9241400E-11,4.2784300E-11,3.5512000E-11,2.8630200E-11,2.5772000E-11,2.3223600E-11,2.2734800E-11,1.9708830E-11
822.5,8.0258854E-01,5.0555800E-06,7.9891800E-07,1.7169340E-07,6.9903200E-08,5.2581100E-08,4.7283500E-08,4.5218900E-08,3.8078600E-08,2.8431300E-08,2.0900000E-08,1.3706270E-08,8.7620100E-09,6.1041100E-09,4.1638100E-09,2.8915900E-09,1.8204620E-09,1.2742960E-09,9.3337700E-10,6.7293600E-10,5.0781700E-10,3.9126900E-10,3.3296500E-10,2.5577800E-10,1.9345760E-10,1.6828530E-10,1.2818150E-10,1.1309180E-10,8.7318900E-11,7.6834600E-11,5.9321900E-11,4.9277100E-11,4.1283500E-11,3.8871500E-11,3.3832800E-11,2.8038100E-11,2.2594800E-11,2.0334200E-11,1.8305530E-11,1.7941810E-11,1.5569720E-11
827.5,8.4318336E-01,3.8024600E-06,6.2132900E-07,1.2993100E-07,5.3963000E-08,4.1608800E-08,3.7658500E-08,3.6032700E-08,3.0334700E-08,2.2624100E-08,1.6642770E-08,1.0894270E-08,6.9594700E-09,4.8446700E-09,3.3026500E-09,2.2951200E-09,1.4426750E-09,1.0097950E-09,7.3958400E-10,5.3310800E-10,4.0227800E-10,3.0978300E-10,2.6371100E-10,2.0256800E-10,1.5312120E-10,1.3326800E-10,1.0146920E-10,8.9546200E-11,6.9115700E-11,6.0835700E-11,4.6912000E-11,3.8975400E-11,3.2667900E-11,3.0770900E-11,2.6824600E-11,2.2198200E-11,1.7882450E-11,1.6089440E-11,1.4471900E-11,1.4198910E-11,1.2333600E-11
832.5,8.3592888E-01,3.0995700E-06,4.8857500E-07,9.9579400E-08,4.2706200E-08,3.3897500E-08,3.0898700E-08,2.9587700E-08,2.4902800E-08,1.8556160E-08,1.3653360E-08,8.9243200E-09,5.6973200E-09,3.9629000E-09,2.6998100E-09,1.8766090E-09,1.1780810E-09,8.2437600E-10,6.0364400E-10,4.3497900E-10,3.2817100E-10,2.5260500E-10,2.1507200E-10,1.6518850E-10,1.2480750E-10,1.0865980E-10,8.2707300E-11,7.3000000E-11,5.6331000E-11,4.9591300E-11,3.8208100E-11,3.1747200E-11,2.6618200E-11,2.5079500E-11,2.1886400E-11,1.8093360E-11,1.4572950E-11,1.3109680E-11,1.1785270E-11,1.1571080E-11,1.0057850E-11
837.5,8.8987732E-01,1.6392690E-06,2.4076460E-07,5.7098100E-08,3.0782500E-08,2.6390500E-08,2.4844200E-08,2.2570600E-08,1.8414470E-08,1.3878730E-08,9.5147800E-09,6.4673200E-09,4.2322600E-09,2.9565900E-09,2.0300690E-09,1.3671280E-09,8.8477500E-10,6.3129400E-10,4.5818500E-10,3.2809400E-10,2.5147500E-10,1.9990390E-10,1.6388670E-10,1.2762070E-10,9.7235600E-11,8.3015900E-11,6.5180600E-11,5.7111300E-11,4.4245300E-11,4.0306000E-11,3.1418600E-11,2.5778800E-11,2.1465700E-11,2.0275700E-11,1.7090130E-11,1.4475050E-11,1.1887790E-11,1.0771380E-11,9.7215300E-12,9.4277400E-12,8.1701700E-12
842.5,9.0518133E-01,1.4069034E-06,1.7868320E-07,4.2509900E-08,2.4478600E-08,1.9849860E-08,1.7129410E-08,1.5287940E-08,1.1768140E-08,9.0529400E-09,6.5196600E-09,4.2157700E-09,2.8323180E-09,1.9843940E-09,1.3522030E-09,9.1893100E-10,6.0587200E-10,4.4045000E-10,3.2138800E-10,2.4336500E-10,1.8867190E-10,1.4621300E-10,1.2379450E-10,9.4220000E-11,7.6719100E-11,6.3201700E-11,5.2605700E-11,4.2822900E-11,3.6607500E-11,2.9014600E-11,2.4288500E-11,2.0302300E-11,1.8080410E-11,1.5525540E-11,1.3082730E-11,1.1520090E-11,9.6530600E-12,8.8553100E-12,8.2733700E-12,7.7845200E-12,6.6010100E-12
847.5,8.9541919E-01,1.3456896E-06,1.5696860E-07,3.4171140E-08,1.6763370E-08,1.2253100E-08,1.1252900E-08,1.0171490E-08,8.4744300E-09,6.4960350E-09,4.8711730E-09,3.0722640E-09,2.0469060E-09,1.4525770E-09,1.0146310E-09,6.8392200E-10,4.6375700E-10,3.2551510E-10,2.4620680E-10,1.8641860E-10,1.3984550E-10,1.1032980E-10,9.4288300E-11,7.1936000E-11,5.8421100E-11,5.0312600E-11,3.9348300E-11,3.3660100E-11,2.8007500E-11,2.2841430E-11,1.9058140E-11,1.6362170E-11,1.4421320E-11,1.2792210E-11,1.0959710E-11,9.1020000E-12,7.6880500E-12,7.2952000E-12,6.9259200E-12,6.4531500E-12,5.4614900E-12
852.5,8.2992912E-01,1.2680621E-06,1.6235146E-07,2.2373980E-08,1.1904210E-08,8.8654500E-09,8.2234290E-09,7.9669200E-09,6.8598550E-09,5.2749770E-09,3.9026330E-09,2.4757140E-09,1.7352410E-09,1.1690980E-09,8.0684400E-10,5.4968400E-10,3.7298820E-10,2.6567200E-10,1.9668130E-10,1.4342210E-10,1.0842840E-10,8.7342200E-11,7.2847200E-11,5.7428700E-11,4.6188400E-11,3.8421400E-11,3.2021500E-11,2.6264830E-11,2.2240920E-11,1.7960030E-11,1.5310470E-11,1.3674560E-11,1.1552030E-11,9.9257700E-12,8.8975600E-12,7.7251900E-12,6.3862500E-12,5.9443300E-12,5.8254700E-12,5.4386500E-12,4.5814800E-12
857.5,8.8152062E-01,1.2938822E-06,1.2346042E-07,2.1189690E-08,1.0197285E-08,7.1010810E-09,6.9676780E-09,6.9115320E-09,5.9635290E-09,4.6571700E-09,3.4722370E-09,2.1946350E-09,1.5496730E-09,1.0164064E-09,7.2146720E-10,4.9768590E-10,3.3452140E-10,2.2673120E-10,1.6981460E-10,1.2513150E-10,9.3866900E-11,7.3813300E-11,6.1090000E-11,4.9451000E-11,3.8697000E-11,3.2635780E-11,2.6398710E-11,2.2631030E-11,1.8907020E-11,1.5571090E-11,1.3569040E-11,1.1586320E-11,9.9856000E-12,8.9200200E-12,7.5318000E-12,6.6246300E-12,5.6421900E-12,5.1064800E-12,4.9820900E-12,4.6452500E-12,3.9594900E-12
862.5,8.9374132E-01,1.2198672E-06,1.0944510E-07,1.7491874E-08,8.8015410E-09,6.2949470E-09,6.0974900E-09,6.1853290E-09,5.3813490E-09,4.1891780E-09,3.1877278E-09,1.9934694E-09,1.4138356E-09,9.4562190E-10,6.5314510E-10,4.4639440E-10,2.9703950E-10,2.0556290E-10,1.4722220E-10,1.0971050E-10,8.0910400E-11,6.4612800E-11,5.4718100E-11,4.2493700E-11,3.3646810E-11,2.8877010E-11,2.2698300E-11,1.9432150E-11,1.6239690E-11,1.3362950E-11,1.1674770E-11,9.9017300E-12,8.1984400E-12,7.7784800E-12,6.4371800E-12,5.7445800E-12,5.0091400E-12,4.4401200E-12,4.3127700E-12,4.0593600E-12,3.5393400E-12
