,0,5,10,15,20,25,30,35,40,45,50,55,60,65,70,75,80,85,90,95,100,105,110,115,120,125,130,135,140,145,150,155,160,165,170,175,180,185,190,195,200
352.5,6.4165400E-01,5.0943700E-01,4.0170000E-01,3.1463900E-01,2.3647000E-01,1.7578500E-01,1.2519500E-01,8.3983600E-02,5.2963100E-02,3.2210600E-02,1.9108600E-02,1.1855200E-02,7.2667700E-03,4.6415600E-03,3.0191900E-03,2.0198100E-03,1.4015500E-03,1.0081100E-03,7.4023900E-04,5.5442300E-04,4.2347000E-04,3.2657500E-04,2.5307700E-04,1.9800500E-04,1.5614600E-04,1.2405400E-04,9.9087300E-05,7.9563700E-05,6.4068100E-05,5.1924100E-05,4.2155100E-05,3.4387100E-05,2.8166200E-05,2.3091900E-05,1.8959200E-05,1.5621500E-05,1.2898400E-05,1.0662300E-05,8.8115500E-06,7.2792500E-06,6.0198500E-06
357.5,5.6950600E-01,4.6236500E-01,3.7302400E-01,2.9907700E-01,2.3073600E-01,1.7615100E-01,1.2923000E-01,8.9663800E-02,5.8725900E-02,3.7175800E-02,2.2987700E-02,1.4814900E-02,9.4393700E-03,6.2483300E-03,4.2064000E-03,2.9067700E-03,2.0784200E-03,1.5366000E-03,1.1581500E-03,8.8920200E-04,6.9531900E-04,5.4877600E-04,4.3495900E-04,3.4787300E-04,2.8028900E-04,2.2741200E-04,1.8544500E-04,1.5198800E-04,1.2486100E-04,1.0320500E-04,8.5450200E-05,7.1064700E-05,5.9322600E-05,4.9564100E-05,4.1463000E-05,3.4797500E-05,2.9264300E-05,2.4636300E-05,2.0737900E-05,1.7449300E-05,1.4696800E-05
362.5,6.3881000E-01,5.2834700E-01,4.3445400E-01,3.5513100E-01,2.7981000E-01,2.1825800E-01,1.6386900E-01,1.1662500E-01,7.8531700E-02,5.1178600E-02,3.2607000E-02,2.1609600E-02,1.4163400E-02,9.6280300E-03,6.6512600E-03,4.7112300E-03,3.4481300E-03,2.6059600E-03,2.0062400E-03,1.5722300E-03,1.2539800E-03,1.0087900E-03,8.1519600E-04,6.6440200E-04,5.4534700E-04,4.5062800E-04,3.7418400E-04,3.1216300E-04,2.6104900E-04,2.1960400E-04,1.8503800E-04,1.5657100E-04,1.3296400E-04,1.1300800E-04,9.6158700E-05,8.2110500E-05,7.0230700E-05,6.0132600E-05,5.1472200E-05,4.4045500E-05,3.7728300E-05
367.5,7.5301500E-01,6.3277800E-01,5.2888800E-01,4.3955900E-01,3.5241900E-01,2.7968300E-01,2.1388800E-01,1.5522300E-01,1.0671000E-01,7.1033900E-02,4.6248200E-02,3.1292500E-02,2.0943200E-02,1.4526200E-02,1.0235300E-02,7.3910000E-03,5.5114300E-03,4.2413100E-03,3.3236200E-03,2.6504300E-03,2.1504900E-03,1.7596700E-03,1.4460600E-03,1.1983400E-03,1.0000200E-03,8.3995100E-04,7.0884800E-04,6.0111500E-04,5.1102000E-04,4.3682900E-04,3.7396100E-04,3.2152200E-04,2.7733000E-04,2.3948400E-04,2.0700300E-04,1.7949600E-04,1.5596200E-04,1.3562600E-04,1.1790000E-04,1.0245500E-04,8.9082500E-05
372.5,6.5251300E-01,5.5260400E-01,4.6561400E-01,3.9018000E-01,3.1561300E-01,2.5285400E-01,1.9524400E-01,1.4317200E-01,9.9526200E-02,6.7021900E-02,4.4149900E-02,3.0203500E-02,2.0440000E-02,1.4327400E-02,1.0199500E-02,7.4385900E-03,5.5997900E-03,4.3485800E-03,3.4380500E-03,2.7654900E-03,2.2627300E-03,1.8670200E-03,1.5468200E-03,1.2923600E-03,1.0872400E-03,9.2060200E-04,7.8314800E-04,6.6938200E-04,5.7339200E-04,4.9397300E-04,4.2625100E-04,3.6934000E-04,3.2113300E-04,2.7941400E-04,2.4355200E-04,2.1285800E-04,1.8635200E-04,1.6329600E-04,1.4304400E-04,1.2525000E-04,1.0980100E-04
377.5,7.2807400E-01,6.1793700E-01,5.2188000E-01,4.3841100E-01,3.5560100E-01,2.8567800E-01,2.2126500E-01,1.6279800E-01,1.1357500E-01,7.6753400E-02,5.0740900E-02,3.4824900E-02,2.3643200E-02,1.6621800E-02,1.1867000E-02,8.6784300E-03,6.5499700E-03,5.0988700E-03,4.0409200E-03,3.2580200E-03,2.6718900E-03,2.2095000E-03,1.8347000E-03,1.5363200E-03,1.2953500E-03,1.0993200E-03,9.3706600E-04,8.0272600E-04,6.8914800E-04,5.9504200E-04,5.1442900E-04,4.4670100E-04,3.8919900E-04,3.3936200E-04,2.9623600E-04,2.5940000E-04,2.2758700E-04,1.9984900E-04,1.7543100E-04,1.5394300E-04,1.3524500E-04
382.5,6.0407300E-01,5.1684000E-01,4.4014400E-01,3.7293900E-01,3.0516800E-01,2.4735500E-01,1.9334900E-01,1.4362000E-01,1.0118900E-01,6.9072800E-02,4.6126500E-02,3.1969100E-02,2.1917900E-02,1.5556800E-02,1.1212000E-02,8.2759600E-03,6.3035000E-03,4.9514300E-03,3.9591500E-03,3.2204100E-03,2.6644200E-03,2.2227800E-03,1.8621300E-03,1.5729100E-03,1.3377400E-03,1.1449300E-03,9.8458900E-04,8.5068100E-04,7.3659200E-04,6.4145600E-04,5.5949100E-04,4.8996700E-04,4.3057600E-04,3.7865700E-04,3.3363600E-04,2.9469400E-04,2.6073900E-04,2.3090800E-04,2.0443200E-04,1.8090200E-04,1.6017400E-04
387.5,6.5972000E-01,5.7041300E-01,4.9104400E-01,4.2063100E-01,3.4815400E-01,2.8553600E-01,2.2589600E-01,1.6992500E-01,1.2130900E-01,8.3934900E-02,5.6823200E-02,3.9909400E-02,2.7727800E-02,1.9936400E-02,1.4552700E-02,1.0877100E-02,8.3866300E-03,6.6671600E-03,5.3940900E-03,4.4390900E-03,3.7153400E-03,3.1353600E-03,2.6569800E-03,2.2698400E-03,1.9522700E-03,1.6898600E-03,1.4696000E-03,1.2839600E-03,1.1242000E-03,9.8988100E-04,8.7304100E-04,7.7308600E-04,6.8683800E-04,6.1066300E-04,5.4389600E-04,4.8569400E-04,4.3436800E-04,3.8885700E-04,3.4800800E-04,3.1129800E-04,2.7864100E-04
392.5,7.1120800E-01,6.1870700E-01,5.3599600E-01,4.6216100E-01,3.8522200E-01,3.1815600E-01,2.5364700E-01,1.9241000E-01,1.3861700E-01,9.6816900E-02,6.6179000E-02,4.6901700E-02,3.2883700E-02,2.3847100E-02,1.7553000E-02,1.3225200E-02,1.0275200E-02,8.2284100E-03,6.7045900E-03,5.5554800E-03,4.6807100E-03,3.9758700E-03,3.3906800E-03,2.9152700E-03,2.5234000E-03,2.1968100E-03,1.9224200E-03,1.6899200E-03,1.4888500E-03,1.3189100E-03,1.1702100E-03,1.0424000E-03,9.3163100E-04,8.3325700E-04,7.4603200E-04,6.6996700E-04,6.0277300E-04,5.4274800E-04,4.8854700E-04,4.3959400E-04,3.9587800E-04
397.5,8.6534700E-01,7.5889500E-01,6.6283400E-01,5.7619000E-01,4.8435600E-01,4.0348000E-01,3.2453500E-01,2.4848800E-01,1.8078600E-01,1.2755900E-01,8.8097300E-02,6.3062500E-02,4.4661600E-02,3.2704500E-02,2.4303800E-02,1.8483100E-02,1.4490500E-02,1.1705500E-02,9.6201900E-03,8.0389400E-03,6.8298000E-03,5.8493800E-03,5.0289600E-03,4.3590400E-03,3.8036200E-03,3.3396200E-03,2.9453300E-03,2.6097600E-03,2.3173800E-03,2.0690000E-03,1.8501200E-03,1.6609300E-03,1.4959700E-03,1.3484000E-03,1.2166000E-03,1.1012800E-03,9.9838900E-04,9.0607100E-04,8.2186800E-04,7.4516600E-04,6.7626400E-04
402.5,1.1262900E+00,9.9700100E-01,8.7916600E-01,7.7169600E-01,6.5506000E-01,5.5110000E-01,4.4768600E-01,3.4623900E-01,2.5447900E-01,1.8141700E-01,1.2659100E-01,9.1549500E-02,6.5506200E-02,4.8460600E-02,3.6381300E-02,2.7950600E-02,2.2137300E-02,1.8066400E-02,1.5000700E-02,1.2664600E-02,1.0871000E-02,9.4066200E-03,8.1718600E-03,7.1570500E-03,6.3101100E-03,5.5987000E-03,4.9878500E-03,4.4650800E-03,4.0058300E-03,3.6137600E-03,3.2653100E-03,2.9620200E-03,2.6952400E-03,2.4546300E-03,2.2376700E-03,2.0464900E-03,1.8747600E-03,1.7190800E-03,1.5753500E-03,1.4431000E-03,1.3231800E-03
407.5,1.0955700E+00,9.7537100E-01,8.6520400E-01,7.6410600E-01,6.5244700E-01,5.5219200E-01,4.5116700E-01,3.5086600E-01,2.5925600E-01,1.8578200E-01,1.3031100E-01,9.4739000E-02,6.8142300E-02,5.0683300E-02,3.8258500E-02,2.9558200E-02,2.3547700E-02,1.9334100E-02,1.6153200E-02,1.3724400E-02,1.1857700E-02,1.0328400E-02,9.0323500E-03,7.9638700E-03,7.0688400E-03,6.3146800E-03,5.6668300E-03,5.1086300E-03,4.6148200E-03,4.1927500E-03,3.8151100E-03,3.4855300E-03,3.1951400E-03,2.9308300E-03,2.6908200E-03,2.4787400E-03,2.2871000E-03,2.1118300E-03,1.9492700E-03,1.7982400E-03,1.6605500E-03
412.5,1.1811700E+00,1.0540300E+00,9.3728700E-01,8.2980200E-01,7.1018300E-01,6.0232300E-01,4.9312400E-01,3.8414700E-01,2.8422900E-01,2.0391300E-01,1.4316400E-01,1.0420400E-01,7.5025100E-02,5.5873700E-02,4.2234200E-02,3.2680000E-02,2.6082200E-02,2.1460200E-02,1.7969800E-02,1.5305900E-02,1.3259800E-02,1.1581100E-02,1.0156900E-02,8.9810100E-03,7.9960400E-03,7.1650200E-03,6.4497100E-03,5.8331500E-03,5.2868800E-03,4.8192500E-03,4.3999300E-03,4.0336100E-03,3.7104200E-03,3.4152500E-03,3.1464400E-03,2.9087100E-03,2.6930500E-03,2.4958800E-03,2.3117700E-03,2.1402200E-03,1.9830900E-03
417.5,1.1939900E+00,1.0657500E+00,9.4802500E-01,8.3964200E-01,7.1878000E-01,6.0996300E-01,4.9941800E-01,3.8900600E-01,2.8775500E-01,2.0636900E-01,1.4481800E-01,1.0535300E-01,7.5814500E-02,5.6431900E-02,4.2634400E-02,3.2975400E-02,2.6309100E-02,2.1643500E-02,1.8123400E-02,1.5438200E-02,1.3377900E-02,1.1688300E-02,1.0253000E-02,9.0704500E-03,8.0805300E-03,7.2450800E-03,6.5264400E-03,5.9070800E-03,5.3582200E-03,4.8884100E-03,4.4670200E-03,4.0991100E-03,3.7745300E-03,3.4777800E-03,3.2073900E-03,2.9683900E-03,2.7513900E-03,2.5528400E-03,2.3673100E-03,2.1940600E-03,2.0353200E-03
422.5,1.1844600E+00,1.0561300E+00,9.3854200E-01,8.3046200E-01,7.1032800E-01,6.0226400E-01,4.9284300E-01,3.8382800E-01,2.8400000E-01,2.0376800E-01,1.4307600E-01,1.0407600E-01,7.4896900E-02,5.5726700E-02,4.2076600E-02,3.2519100E-02,2.5919000E-02,2.1298100E-02,1.7813200E-02,1.5155000E-02,1.3116500E-02,1.1447100E-02,1.0030200E-02,8.8633300E-03,7.8871300E-03,7.0649600E-03,6.3581500E-03,5.7489500E-03,5.2097100E-03,4.7486700E-03,4.3353800E-03,3.9749700E-03,3.6571800E-03,3.3669700E-03,3.1029200E-03,2.8696700E-03,2.6581800E-03,2.4642600E-03,2.2836800E-03,2.1150600E-03,1.9607300E-03
427.5,1.0919400E+00,9.7243500E-01,8.6313900E-01,7.6288700E-01,6.5185000E-01,5.5215700E-01,4.5139500E-01,3.5126000E-01,2.5975600E-01,1.8627600E-01,1.3073200E-01,9.5020600E-02,6.8320500E-02,5.0776100E-02,3.8294700E-02,2.9557300E-02,2.3524500E-02,1.9302300E-02,1.6120300E-02,1.3695400E-02,1.1836700E-02,1.0315700E-02,9.0264600E-03,7.9660900E-03,7.0796200E-03,6.3338800E-03,5.6934400E-03,5.1417700E-03,4.6541400E-03,4.2376900E-03,3.8649600E-03,3.5398800E-03,3.2536000E-03,2.9925100E-03,2.7552300E-03,2.5453200E-03,2.3555400E-03,2.1817500E-03,2.0200300E-03,1.8692400E-03,1.7311200E-03
432.5,1.0791100E+00,9.5951100E-01,8.5037900E-01,7.5049200E-01,6.4023200E-01,5.4141000E-01,4.4189100E-01,3.4330900E-01,2.5343700E-01,1.8141900E-01,1.2707500E-01,9.2175500E-02,6.6142700E-02,4.9057600E-02,3.6921800E-02,2.8438700E-02,2.2588300E-02,1.8498000E-02,1.5418700E-02,1.3075800E-02,1.1281700E-02,9.8161100E-03,8.5764800E-03,7.5568700E-03,6.7056300E-03,5.9904900E-03,5.3770600E-03,4.8495100E-03,4.3837900E-03,3.9863700E-03,3.6308600E-03,3.3213300E-03,3.0489700E-03,2.8008600E-03,2.5756900E-03,2.3764600E-03,2.1967100E-03,2.0323600E-03,1.8795900E-03,1.7373400E-03,1.6073100E-03
437.5,1.2575400E+00,1.1131300E+00,9.8209600E-01,8.6288100E-01,7.3297400E-01,6.1721200E-01,5.0176500E-01,3.8846700E-01,2.8591600E-01,2.0409600E-01,1.4257800E-01,1.0307900E-01,7.3722600E-02,5.4472000E-02,4.0833300E-02,3.1318200E-02,2.4762500E-02,2.0182200E-02,1.6742400E-02,1.4129300E-02,1.2131600E-02,1.0504000E-02,9.1331300E-03,8.0091900E-03,7.0734800E-03,6.2895800E-03,5.6193000E-03,5.0447500E-03,4.5394300E-03,4.1097500E-03,3.7258700E-03,3.3928900E-03,3.1005900E-03,2.8358000E-03,2.5964200E-03,2.3856800E-03,2.1961100E-03,2.0232500E-03,1.8633100E-03,1.7150800E-03,1.5800700E-03
442.5,1.3401300E+00,1.1802700E+00,1.0361000E+00,9.0579300E-01,7.6613700E-01,6.4235900E-01,5.2046600E-01,4.0205800E-01,2.9561500E-01,2.1092600E-01,1.4733900E-01,1.0637600E-01,7.5994200E-02,5.6031400E-02,4.1896300E-02,3.2031600E-02,2.5228500E-02,2.0468300E-02,1.6897400E-02,1.4186200E-02,1.2113900E-02,1.0430200E-02,9.0185700E-03,7.8633900E-03,6.9045900E-03,6.1025300E-03,5.4200600E-03,4.8367600E-03,4.3263900E-03,3.8925400E-03,3.5082500E-03,3.1755300E-03,2.8847800E-03,2.6208500E-03,2.3862800E-03,2.1795600E-03,1.9942400E-03,1.8261900E-03,1.6717500E-03,1.5296200E-03,1.4006300E-03
447.5,1.4047400E+00,1.2301100E+00,1.0736400E+00,9.3329400E-01,7.8597600E-01,6.5611800E-01,5.3014600E-01,4.0928900E-01,3.0140000E-01,2.1562400E-01,1.5111800E-01,1.0923400E-01,7.8165200E-02,5.7629200E-02,4.3057600E-02,3.2858400E-02,2.5796900E-02,2.0836700E-02,1.7113300E-02,1.4285300E-02,1.2120800E-02,1.0367400E-02,8.9049200E-03,7.7107000E-03,6.7221400E-03,5.8985700E-03,5.2004200E-03,4.6062600E-03,4.0894900E-03,3.6513500E-03,3.2660000E-03,2.9336100E-03,2.6444600E-03,2.3855600E-03,2.1544300E-03,1.9525100E-03,1.7725200E-03,1.6107700E-03,1.4631800E-03,1.3286800E-03,1.2074600E-03
452.5,1.4589000E+00,1.2741800E+00,1.1092000E+00,9.6177500E-01,8.0891900E-01,6.7481700E-01,5.4538800E-01,4.2188200E-01,3.1180500E-01,2.2406800E-01,1.5783600E-01,1.1448900E-01,8.2236000E-02,6.0780300E-02,4.5498500E-02,3.4758500E-02,2.7286000E-02,2.2013700E-02,1.8048900E-02,1.5030600E-02,1.2717200E-02,1.0844500E-02,9.2830500E-03,8.0111000E-03,6.9590300E-03,6.0833400E-03,5.3391500E-03,4.7102300E-03,4.1644700E-03,3.7023600E-03,3.2971800E-03,2.9482700E-03,2.6454600E-03,2.3756600E-03,2.1357600E-03,1.9264700E-03,1.7411200E-03,1.5748700E-03,1.4238900E-03,1.2870400E-03,1.1642300E-03
457.5,1.4659700E+00,1.2823400E+00,1.1181400E+00,9.7122200E-01,8.1924200E-01,6.8558700E-01,5.5646600E-01,4.3298900E-01,3.2242100E-01,2.3364100E-01,1.6604200E-01,1.2135600E-01,8.7847100E-02,6.5358400E-02,4.9224600E-02,3.7806100E-02,2.9806800E-02,2.4128200E-02,1.9837700E-02,1.6558800E-02,1.4033400E-02,1.1983900E-02,1.0275300E-02,8.8773200E-03,7.7190800E-03,6.7525200E-03,5.9317300E-03,5.2352800E-03,4.6305900E-03,4.1181800E-03,3.6683800E-03,3.2806200E-03,2.9437500E-03,2.6436000E-03,2.3767100E-03,2.1435400E-03,1.9372100E-03,1.7518100E-03,1.5839100E-03,1.4315800E-03,1.2948500E-03
462.5,1.4567200E+00,1.2768200E+00,1.1156500E+00,9.7117800E-01,8.2179700E-01,6.9015300E-01,5.6259800E-01,4.4021100E-01,3.3001300E-01,2.4090400E-01,1.7252100E-01,1.2693200E-01,9.2524100E-02,6.9258200E-02,5.2460200E-02,4.0497000E-02,3.2065500E-02,2.6049700E-02,2.1484000E-02,1.7981200E-02,1.5274200E-02,1.3073900E-02,1.1229700E-02,9.7186400E-03,8.4629600E-03,7.4131700E-03,6.5200200E-03,5.7607400E-03,5.1006000E-03,4.5400500E-03,4.0474400E-03,3.6220800E-03,3.2520700E-03,2.9222000E-03,2.6286400E-03,2.3719900E-03,2.1439700E-03,1.9395500E-03,1.7543800E-03,1.5864100E-03,1.4355200E-03
467.5,1.4558000E+00,1.2768700E+00,1.1165100E+00,9.7273200E-01,8.2462500E-01,6.9392800E-01,5.6740600E-01,4.4591400E-01,3.3620100E-01,2.4699000E-01,1.7808700E-01,1.3179900E-01,9.6638900E-02,7.2693600E-02,5.5308300E-02,4.2858400E-02,3.4037700E-02,2.7711200E-02,2.2892700E-02,1.9183400E-02,1.6307500E-02,1.3963000E-02,1.2000000E-02,1.0387100E-02,9.0457500E-03,7.9229300E-03,6.9684100E-03,6.1549600E-03,5.4477900E-03,4.8458600E-03,4.3178700E-03,3.8616900E-03,3.4647200E-03,3.1111300E-03,2.7966100E-03,2.5213400E-03,2.2769300E-03,2.0585900E-03,1.8604700E-03,1.6810700E-03,1.5204500E-03
472.5,1.4673100E+00,1.2861200E+00,1.1239200E+00,9.7868300E-01,8.3014200E-01,6.9884800E-01,5.7248700E-01,4.5141500E-01,3.4199000E-01,2.5264400E-01,1.8327100E-01,1.3626300E-01,1.0040900E-01,7.5825600E-02,5.7890000E-02,4.4980300E-02,3.5786500E-02,2.9159000E-02,2.4097300E-02,2.0188200E-02,1.7150600E-02,1.4672900E-02,1.2596700E-02,1.0891300E-02,9.4716800E-03,8.2830100E-03,7.2728400E-03,6.4122100E-03,5.6650100E-03,5.0294100E-03,4.4725200E-03,3.9913800E-03,3.5730600E-03,3.2014700E-03,2.8714800E-03,2.5829200E-03,2.3271500E-03,2.0991500E-03,1.8928400E-03,1.7065300E-03,1.5399300E-03
477.5,1.4996800E+00,1.3103800E+00,1.1415500E+00,9.9099600E-01,8.3892900E-01,7.0526300E-01,5.7737300E-01,4.5570000E-01,3.4610100E-01,2.5652700E-01,1.8680000E-01,1.3922500E-01,1.0286900E-01,7.7794400E-02,5.9447100E-02,4.6195500E-02,3.6718700E-02,2.9862800E-02,2.4619300E-02,2.0567200E-02,1.7413500E-02,1.4842800E-02,1.2697700E-02,1.0936000E-02,9.4718000E-03,8.2479700E-03,7.2093900E-03,6.3281200E-03,5.5656300E-03,4.9188400E-03,4.3540100E-03,3.8674400E-03,3.4456200E-03,3.0726700E-03,2.7426600E-03,2.4554600E-03,2.2016900E-03,1.9761200E-03,1.7733400E-03,1.5913000E-03,1.4293400E-03
482.5,1.4861600E+00,1.2947600E+00,1.1246200E+00,9.7349500E-01,8.2261000E-01,6.9028700E-01,5.6477100E-01,4.4611600E-01,3.3956500E-01,2.5241300E-01,1.8441300E-01,1.3773300E-01,1.0200000E-01,7.7234700E-02,5.9067200E-02,4.5904400E-02,3.6458600E-02,2.9599900E-02,2.4348200E-02,2.0285200E-02,1.7119000E-02,1.4547500E-02,1.2401700E-02,1.0641300E-02,9.1802300E-03,7.9547400E-03,6.9268300E-03,6.0536300E-03,5.3016100E-03,4.6640500E-03,4.1099300E-03,3.6337700E-03,3.2222100E-03,2.8599600E-03,2.5410600E-03,2.2642700E-03,2.0205400E-03,1.8049300E-03,1.6121100E-03,1.4398800E-03,1.2872500E-03
487.5,1.3821600E+00,1.2009500E+00,1.0403800E+00,8.9825000E-01,7.5791800E-01,6.3512000E-01,5.1953600E-01,4.1088700E-01,3.1354600E-01,2.3381900E-01,1.7144400E-01,1.2835700E-01,9.5310500E-02,7.2288300E-02,5.5349000E-02,4.3035900E-02,3.4165300E-02,2.7700700E-02,2.2744200E-02,1.8904000E-02,1.5907100E-02,1.3473600E-02,1.1448100E-02,9.7888800E-03,8.4141300E-03,7.2684900E-03,6.3032200E-03,5.4860500E-03,4.7842300E-03,4.1902200E-03,3.6761300E-03,3.2354700E-03,2.8557100E-03,2.5229200E-03,2.2311300E-03,1.9780500E-03,1.7566800E-03,1.5617100E-03,1.3883500E-03,1.2341700E-03,1.0983000E-03
492.5,1.4677500E+00,1.2679000E+00,1.0919400E+00,9.3724600E-01,7.8722000E-01,6.5688900E-01,5.3562900E-01,4.2287700E-01,3.2257900E-01,2.4062100E-01,1.7654900E-01,1.3213500E-01,9.8085100E-02,7.4293800E-02,5.6785500E-02,4.4043900E-02,3.4843300E-02,2.8123600E-02,2.2974700E-02,1.8988700E-02,1.5879100E-02,1.3359500E-02,1.1278300E-02,9.5769400E-03,8.1734800E-03,7.0086400E-03,6.0275000E-03,5.2056900E-03,4.5053800E-03,3.9150500E-03,3.4072600E-03,2.9745300E-03,2.6037900E-03,2.2814600E-03,2.0011200E-03,1.7595200E-03,1.5494200E-03,1.3659200E-03,1.2041400E-03,1.0616500E-03,9.3652600E-04
497.5,1.4510100E+00,1.2412100E+00,1.0584300E+00,8.9956300E-01,7.4931300E-01,6.2006300E-01,5.0219700E-01,3.9456600E-01,3.0004100E-01,2.2327400E-01,1.6351000E-01,1.2193300E-01,9.0230200E-02,6.8040300E-02,5.1743000E-02,3.9893300E-02,3.1334900E-02,2.5079500E-02,2.0302200E-02,1.6616200E-02,1.3749800E-02,1.1444400E-02,9.5567900E-03,8.0249000E-03,6.7706000E-03,5.7377600E-03,4.8786000E-03,4.1632200E-03,3.5592800E-03,3.0551500E-03,2.6261800E-03,2.2642100E-03,1.9572400E-03,1.6935000E-03,1.4669300E-03,1.2734300E-03,1.1073400E-03,9.6392400E-04,8.3918500E-04,7.3075500E-04,6.3652000E-04
502.5,1.3953000E+00,1.1729400E+00,9.8274800E-01,8.2066000E-01,6.7270200E-01,5.4789900E-01,4.3740400E-01,3.3943200E-01,2.5538600E-01,1.8819800E-01,1.3655100E-01,1.0070700E-01,7.3730200E-02,5.4928000E-02,4.1243000E-02,3.1364800E-02,2.4268200E-02,1.9109200E-02,1.5207900E-02,1.2228100E-02,9.9337900E-03,8.1147800E-03,6.6509000E-03,5.4791300E-03,4.5345600E-03,3.7686600E-03,3.1428600E-03,2.6295800E-03,2.2043000E-03,1.8548700E-03,1.5625000E-03,1.3205900E-03,1.1188500E-03,9.4902000E-04,8.0600800E-04,6.8600100E-04,5.8507300E-04,4.9943800E-04,4.2652200E-04,3.6440300E-04,3.1169300E-04
507.5,1.4531600E+00,1.1872200E+00,9.6646000E-01,7.8407800E-01,6.2535300E-01,4.9557400E-01,3.8548300E-01,2.9195100E-01,2.1477300E-01,1.5483300E-01,1.0995000E-01,7.9228300E-02,5.6693300E-02,4.1221400E-02,3.0191600E-02,2.2378400E-02,1.6855200E-02,1.2907800E-02,9.9828300E-03,7.7966800E-03,6.1489300E-03,4.8764700E-03,3.8799700E-03,3.1026100E-03,2.4921400E-03,2.0105000E-03,1.6273000E-03,1.3217700E-03,1.0758300E-03,8.7856000E-04,7.1912000E-04,5.9024200E-04,4.8584200E-04,4.0050600E-04,3.3070600E-04,2.7373200E-04,2.2705800E-04,1.8867800E-04,1.5695900E-04,1.3073500E-04,1.0906700E-04
512.5,1.4187700E+00,1.1199600E+00,8.8062200E-01,6.9000400E-01,5.3214500E-01,4.0790900E-01,3.0718400E-01,2.2563900E-01,1.6117200E-01,1.1290600E-01,7.7935600E-02,5.4499700E-02,3.7862100E-02,2.6696500E-02,1.8954500E-02,1.3609800E-02,9.9210000E-03,7.3452900E-03,5.4913200E-03,4.1441700E-03,3.1570800E-03,2.4187200E-03,1.8599400E-03,1.4375400E-03,1.1162800E-03,8.7079000E-04,6.8142000E-04,5.3558000E-04,4.2211600E-04,3.3409300E-04,2.6510900E-04,2.1119500E-04,1.6884300E-04,1.3537200E-04,1.0886200E-04,8.7894200E-05,7.1216300E-05,5.7912200E-05,4.7246500E-05,3.8680400E-05,3.1793500E-05
517.5,1.3153800E+00,1.0182800E+00,7.8510100E-01,6.0319500E-01,4.5664700E-01,3.4368100E-01,2.5439600E-01,1.8390000E-01,1.2946900E-01,8.9443600E-02,6.0907600E-02,4.1968300E-02,2.8736700E-02,1.9950200E-02,1.3941800E-02,9.8465300E-03,7.0535000E-03,5.1278800E-03,3.7636700E-03,2.7876400E-03,2.0835200E-03,1.5665400E-03,1.1824600E-03,8.9714800E-04,6.8397900E-04,5.2390000E-04,4.0300800E-04,3.1131700E-04,2.4133100E-04,1.8796500E-04,1.4692000E-04,1.1538600E-04,9.1052100E-05,7.2145400E-05,5.7411000E-05,4.5941000E-05,3.6962100E-05,2.9904000E-05,2.4322300E-05,1.9894300E-05,1.6369300E-05
522.5,1.4110200E+00,1.0892100E+00,8.3740700E-01,6.4158700E-01,4.8481800E-01,3.6427100E-01,2.6942600E-01,1.9484600E-01,1.3737800E-01,9.5110600E-02,6.4933300E-02,4.4807900E-02,3.0733700E-02,2.1354700E-02,1.4929900E-02,1.0542700E-02,7.5453600E-03,5.4756500E-03,4.0096900E-03,2.9618300E-03,2.2067500E-03,1.6531600E-03,1.2432300E-03,9.3951400E-04,7.1329000E-04,5.4386400E-04,4.1644000E-04,3.2015200E-04,2.4693300E-04,1.9127200E-04,1.4866700E-04,1.1605300E-04,9.0997400E-05,7.1629600E-05,5.6613700E-05,4.4964900E-05,3.5894600E-05,2.8804400E-05,2.3233700E-05,1.8839200E-05,1.5366700E-05
527.5,1.3883700E+00,1.0668200E+00,8.1643900E-01,6.2269000E-01,4.6876600E-01,3.5092700E-01,2.5880900E-01,1.8682800E-01,1.3162700E-01,9.1111000E-02,6.2210700E-02,4.2897000E-02,2.9405400E-02,2.0403000E-02,1.4239300E-02,1.0032500E-02,7.1589300E-03,5.1766100E-03,3.7760500E-03,2.7775600E-03,2.0600500E-03,1.5360300E-03,1.1499000E-03,8.6485700E-04,6.5337200E-04,4.9579100E-04,3.7755800E-04,2.8876600E-04,2.2158100E-04,1.7077500E-04,1.3206100E-04,1.0256800E-04,8.0002400E-05,6.2653200E-05,4.9278100E-05,3.8957100E-05,3.0953000E-05,2.4721800E-05,1.9846000E-05,1.6023300E-05,1.3013300E-05
532.5,1.4048800E+00,1.0713100E+00,8.1364200E-01,6.1585000E-01,4.6042000E-01,3.4233500E-01,2.5093600E-01,1.8021800E-01,1.2642700E-01,8.7171400E-02,5.9306500E-02,4.0715000E-02,2.7792900E-02,1.9190600E-02,1.3325000E-02,9.3362000E-03,6.6211800E-03,4.7560500E-03,3.4453900E-03,2.5161700E-03,1.8525300E-03,1.3713800E-03,1.0190500E-03,7.6077500E-04,5.7055600E-04,4.2983100E-04,3.2512300E-04,2.4689200E-04,1.8818500E-04,1.4405500E-04,1.1070300E-04,8.5451000E-05,6.6272300E-05,5.1625300E-05,4.0410300E-05,3.1799000E-05,2.5171200E-05,2.0041300E-05,1.6051200E-05,1.2936900E-05,1.0496400E-05
537.5,1.4171900E+00,1.0707700E+00,8.0572900E-01,6.0424900E-01,4.4785100E-01,3.3013800E-01,2.4009400E-01,1.7121200E-01,1.1935100E-01,8.1806100E-02,5.5342500E-02,3.7744000E-02,2.5603600E-02,1.7557500E-02,1.2105500E-02,8.4191000E-03,5.9247400E-03,4.2205700E-03,3.0317800E-03,2.1951500E-03,1.6020600E-03,1.1758800E-03,8.6634800E-04,6.4140700E-04,4.7701300E-04,3.5647100E-04,2.6754600E-04,2.0172500E-04,1.5268100E-04,1.1612700E-04,8.8715700E-05,6.8126000E-05,5.2597000E-05,4.0830900E-05,3.1878400E-05,2.5058000E-05,1.9825000E-05,1.5794300E-05,1.2677400E-05,1.0250700E-05,8.3531800E-06
542.5,1.3892700E+00,1.0343400E+00,7.6688500E-01,5.6665700E-01,4.1406100E-01,3.0089300E-01,2.1580000E-01,1.5185200E-01,1.0454700E-01,7.0795900E-02,4.7326800E-02,3.1877900E-02,2.1360000E-02,1.4461900E-02,9.8434100E-03,6.7566500E-03,4.6912000E-03,3.2965700E-03,2.3361900E-03,1.6689000E-03,1.2017600E-03,8.7042800E-04,6.3336200E-04,4.6326300E-04,3.4063100E-04,2.5180600E-04,1.8710900E-04,1.3977800E-04,1.0496000E-04,7.9308300E-05,6.0305600E-05,4.6155600E-05,3.5588700E-05,2.7644800E-05,2.1648100E-05,1.7098300E-05,1.3625700E-05,1.0965900E-05,8.9096000E-06,7.3074500E-06,6.0510700E-06
547.5,1.3994800E+00,1.0174700E+00,7.3657000E-01,5.3139600E-01,3.7927400E-01,2.6908900E-01,1.8859200E-01,1.2977600E-01,8.7404400E-02,5.7918100E-02,3.7896200E-02,2.4969500E-02,1.6371800E-02,1.0842300E-02,7.2190400E-03,4.8474200E-03,3.2920900E-03,2.2630900E-03,1.5694600E-03,1.0976900E-03,7.7443700E-04,5.4986000E-04,3.9272900E-04,2.8229400E-04,2.0429800E-04,1.4889900E-04,1.0930000E-04,8.0861100E-05,6.0304400E-05,4.5391200E-05,3.4486300E-05,2.6484100E-05,2.0565400E-05,1.6158600E-05,1.2847900E-05,1.0342400E-05,8.4308900E-06,6.9568900E-06,5.8069600E-06,4.8994200E-06,4.1734000E-06
552.5,1.4033200E+00,9.9795500E-01,7.0658000E-01,4.9858400E-01,3.4818400E-01,2.4181300E-01,1.6590400E-01,1.1182200E-01,7.3819800E-02,4.7959700E-02,3.0776600E-02,1.9875300E-02,1.2777900E-02,8.2950600E-03,5.4142800E-03,3.5642800E-03,2.3732500E-03,1.5997800E-03,1.0884800E-03,7.4742300E-04,5.1813200E-04,3.6202200E-04,2.5478500E-04,1.8078900E-04,1.2942500E-04,9.3536500E-05,6.8289200E-05,5.0425700E-05,3.7671300E-05,2.8515900E-05,2.1876700E-05,1.7032200E-05,1.3459800E-05,1.0795600E-05,8.7849600E-06,7.2490000E-06,6.0627500E-06,5.1333600E-06,4.3944200E-06,3.7971900E-06,3.3076500E-06
557.5,1.3684500E+00,9.5989500E-01,6.7034200E-01,4.6655500E-01,3.2149300E-01,2.2016100E-01,1.4911500E-01,9.9287800E-02,6.4805600E-02,4.1632400E-02,2.6423900E-02,1.6870000E-02,1.0724400E-02,6.8816600E-03,4.4406100E-03,2.8898100E-03,1.9024300E-03,1.2679300E-03,8.5336300E-04,5.7995800E-04,3.9824900E-04,2.7589400E-04,1.9280700E-04,1.3606200E-04,9.7054400E-05,7.0040600E-05,5.1180800E-05,3.7921200E-05,2.8500500E-05,2.1760500E-05,1.6880200E-05,1.3313300E-05,1.0674800E-05,8.6967700E-06,7.1908500E-06,6.0276000E-06,5.1162100E-06,4.3917200E-06,3.8063300E-06,3.3253900E-06,2.9238400E-06
562.5,1.3857300E+00,9.6024200E-01,6.6244800E-01,4.5547600E-01,3.1014700E-01,2.1005500E-01,1.4063200E-01,9.2604600E-02,5.9789400E-02,3.8017200E-02,2.3889000E-02,1.5094700E-02,9.4993400E-03,6.0332400E-03,3.8536100E-03,2.4826200E-03,1.6178700E-03,1.0677100E-03,7.1186000E-04,4.7955500E-04,3.2659800E-04,2.2467200E-04,1.5607400E-04,1.0965200E-04,7.7986200E-05,5.6228900E-05,4.1132700E-05,3.0566600E-05,2.3089200E-05,1.7751100E-05,1.3887200E-05,1.1057400E-05,8.9548000E-06,7.3699300E-06,6.1537000E-06,5.2054800E-06,4.4550800E-06,3.8512200E-06,3.3582200E-06,2.9486600E-06,2.6028300E-06
567.5,1.3609800E+00,9.2438800E-01,6.2502300E-01,4.2118400E-01,2.8115600E-01,1.8668200E-01,1.2256800E-01,7.9184900E-02,5.0180700E-02,3.1324600E-02,1.9328500E-02,1.1989200E-02,7.4106300E-03,4.6235500E-03,2.9019900E-03,1.8379600E-03,1.1781300E-03,7.6541900E-04,5.0300900E-04,3.3450600E-04,2.2532600E-04,1.5370500E-04,1.0616700E-04,7.4390200E-05,5.2962600E-05,3.8373200E-05,2.8314300E-05,2.1303900E-05,1.6345900E-05,1.2792700E-05,1.0203500E-05,8.2879100E-06,6.8448100E-06,5.7385800E-06,4.8729000E-06,4.1825600E-06,3.6244900E-06,3.1662400E-06,2.7841700E-06,2.4608400E-06,2.1831800E-06
572.5,1.3717300E+00,8.9948100E-01,5.8708900E-01,3.8186500E-01,2.4610900E-01,1.5772700E-01,9.9990300E-02,6.2387200E-02,3.8186900E-02,2.3031600E-02,1.3735800E-02,8.2373300E-03,4.9271600E-03,2.9769000E-03,1.8118700E-03,1.1145800E-03,6.9524100E-04,4.4069000E-04,2.8357100E-04,1.8538400E-04,1.2337900E-04,8.3639600E-05,5.7837400E-05,4.0855200E-05,2.9541000E-05,2.1886500E-05,1.6611100E-05,1.2910500E-05,1.0257600E-05,8.3162900E-06,6.8641000E-06,5.7532700E-06,4.8865900E-06,4.1977800E-06,3.6377500E-06,3.1741800E-06,2.7866400E-06,2.4591500E-06,2.1790900E-06,1.9368600E-06,1.7251400E-06
577.5,1.3698100E+00,8.5030300E-01,5.2530200E-01,3.2345000E-01,1.9732100E-01,1.1971800E-01,7.1855100E-02,4.2454700E-02,2.4617400E-02,1.4070900E-02,7.9622400E-03,4.5362500E-03,2.5836200E-03,1.4904000E-03,8.6931300E-04,5.1496600E-04,3.1120800E-04,1.9257400E-04,1.2212700E-04,7.9593600E-05,5.3470600E-05,3.7084000E-05,2.6562400E-05,1.9636700E-05,1.4964800E-05,1.1725800E-05,9.4129800E-06,7.7150300E-06,6.4313900E-06,5.4342100E-06,4.6438200E-06,4.0028800E-06,3.4758400E-06,3.0375200E-06,2.6663300E-06,2.3481800E-06,2.0749800E-06,1.8390900E-06,1.6341100E-06,1.4544900E-06,1.2955200E-06
582.5,1.3887600E+00,7.8808600E-01,4.4501200E-01,2.5046900E-01,1.3969000E-01,7.7498100E-02,4.2556300E-02,2.3021200E-02,1.2238600E-02,6.4293200E-03,3.3563500E-03,1.7734000E-03,9.4478000E-04,5.1527600E-04,2.8842300E-04,1.6689800E-04,1.0059600E-04,6.3542100E-05,4.2137300E-05,2.9318100E-05,2.1346700E-05,1.6185000E-05,1.2686100E-05,1.0195900E-05,8.3622100E-06,6.9691500E-06,5.8788000E-06,5.0081700E-06,4.2984700E-06,3.7094600E-06,3.2184300E-06,2.8030200E-06,2.4503500E-06,2.1506200E-06,1.8918500E-06,1.6668300E-06,1.4720100E-06,1.3030900E-06,1.1559600E-06,1.0268000E-06,9.1223400E-07
587.5,1.2944000E+00,6.4851400E-01,3.2331300E-01,1.6073600E-01,7.9221900E-02,3.8867700E-02,1.8914500E-02,9.1012000E-03,4.3315800E-03,2.0596400E-03,9.9042000E-04,4.9361100E-04,2.5685000E-04,1.4213000E-04,8.4146200E-05,5.3331300E-05,3.6022700E-05,2.5748400E-05,1.9285500E-05,1.4958500E-05,1.1918000E-05,9.7012600E-06,8.0193200E-06,6.6895600E-06,5.6272600E-06,4.7690200E-06,4.0643000E-06,3.4829500E-06,2.9978300E-06,2.5883900E-06,2.2437000E-06,1.9502100E-06,1.7002100E-06,1.4879200E-06,1.3045100E-06,1.1449600E-06,1.0070300E-06,8.8797000E-07,7.8471200E-07,6.9439400E-07,6.1425600E-07
592.5,1.2705100E+00,5.4442500E-01,2.3220500E-01,9.8841700E-02,4.1762500E-02,1.7613700E-02,7.4118900E-03,3.1231000E-03,1.3339300E-03,5.9341500E-04,2.8354200E-04,1.4967000E-04,8.7710300E-05,5.6214500E-05,3.8640200E-05,2.7846600E-05,2.0757800E-05,1.5924900E-05,1.2520700E-05,1.0016600E-05,8.1298200E-06,6.6882000E-06,5.5587200E-06,4.6418400E-06,3.8997200E-06,3.2966500E-06,2.7989200E-06,2.3886200E-06,2.0464000E-06,1.7578200E-06,1.5158500E-06,1.3104000E-06,1.1361000E-06,9.8917600E-07,8.6247800E-07,7.5261700E-07,6.5810000E-07,5.7713700E-07,5.0736600E-07,4.4668600E-07,3.9293200E-07
597.5,1.3035100E+00,4.4015400E-01,1.4806700E-01,4.9803700E-02,1.6693900E-02,5.6433200E-03,1.9558400E-03,7.2370300E-04,3.0517700E-04,1.5436200E-04,9.2206300E-05,6.0918200E-05,4.2974000E-05,3.1132500E-05,2.3063100E-05,1.7317600E-05,1.3171800E-05,1.0199900E-05,8.0502400E-06,6.4379200E-06,5.2105800E-06,4.2708400E-06,3.5347000E-06,2.9337300E-06,2.4488500E-06,2.0571900E-06,1.7345700E-06,1.4706200E-06,1.2512500E-06,1.0671300E-06,9.1364300E-07,7.8413700E-07,6.7496300E-07,5.8385600E-07,5.0559100E-07,4.3799800E-07,3.8024500E-07,3.3126900E-07,2.8945000E-07,2.5333200E-07,2.2135100E-07
602.5,1.3215000E+00,3.4874800E-01,9.1825900E-02,2.4249500E-02,6.4396100E-03,1.7770000E-03,5.4902900E-04,2.1695600E-04,1.1658400E-04,7.6552800E-05,5.4339200E-05,3.8949100E-05,2.8492400E-05,2.0874200E-05,1.5485000E-05,1.1581100E-05,8.7477800E-06,6.7239800E-06,5.2688300E-06,4.1792400E-06,3.3529200E-06,2.7252200E-06,2.2377100E-06,1.8394900E-06,1.5209000E-06,1.2663200E-06,1.0575700E-06,8.8879400E-07,7.4930100E-07,6.3303700E-07,5.3701600E-07,4.5668700E-07,3.8954500E-07,3.3434000E-07,2.8709900E-07,2.4651400E-07,2.1212300E-07,1.8337800E-07,1.5912400E-07,1.3838000E-07,1.1998100E-07
607.5,1.3296200E+00,3.1315000E-01,7.3643200E-02,1.7399200E-02,4.1594200E-03,1.0572600E-03,3.2198600E-04,1.3875200E-04,8.3231500E-05,5.7996400E-05,4.1985000E-05,3.0051300E-05,2.1852900E-05,1.5860500E-05,1.1647500E-05,8.6134700E-06,6.4229600E-06,4.8724100E-06,3.7698200E-06,2.9507700E-06,2.3351400E-06,1.8736900E-06,1.5206400E-06,1.2334900E-06,1.0066200E-06,8.2794500E-07,6.8263600E-07,5.6697500E-07,4.7230700E-07,3.9412500E-07,3.3041700E-07,2.7771900E-07,2.3415200E-07,1.9904300E-07,1.6918700E-07,1.4368700E-07,1.2231000E-07,1.0477400E-07,9.0235800E-08,7.7961200E-08,6.7034300E-08
612.5,1.2960600E+00,2.9713600E-01,6.8029100E-02,1.5650300E-02,3.6429200E-03,9.0365700E-04,2.7037900E-04,1.1580600E-04,6.9343000E-05,4.8061200E-05,3.4515700E-05,2.4391500E-05,1.7530400E-05,1.2552900E-05,9.0942900E-06,6.6277400E-06,4.8618000E-06,3.6257500E-06,2.7600300E-06,2.1246300E-06,1.6528900E-06,1.3055700E-06,1.0450100E-06,8.3444400E-07,6.7057900E-07,5.4377600E-07,4.4169400E-07,3.6196800E-07,2.9754300E-07,2.4483700E-07,2.0262600E-07,1.6812500E-07,1.3995800E-07,1.1785900E-07,9.9169400E-08,8.3264800E-08,7.0077300E-08,5.9528600E-08,5.0982900E-08,4.3880100E-08,3.7466300E-08
617.5,1.2907100E+00,2.8723400E-01,6.3841200E-02,1.4257800E-02,3.2230500E-03,7.7680700E-04,2.2695200E-04,9.6020900E-05,5.7187300E-05,3.9362600E-05,2.8023000E-05,1.9530800E-05,1.3864700E-05,9.7865200E-06,6.9891500E-06,5.0149400E-06,3.6140800E-06,2.6460300E-06,1.9796300E-06,1.4969100E-06,1.1432900E-06,8.8822300E-07,7.0111400E-07,5.5056500E-07,4.3533300E-07,3.4792900E-07,2.7821800E-07,2.2497700E-07,1.8249300E-07,1.4804000E-07,1.2097600E-07,9.9130300E-08,8.1502400E-08,6.8153400E-08,5.6872600E-08,4.7259500E-08,3.9367500E-08,3.3257700E-08,2.8458100E-08,2.4537300E-08,2.0876500E-08
622.5,1.2920800E+00,2.7559700E-01,5.8727500E-02,1.2578700E-02,2.7290300E-03,6.3472100E-04,1.8203300E-04,7.7523200E-05,4.6660200E-05,3.2131300E-05,2.2749400E-05,1.5664400E-05,1.0999400E-05,7.6634700E-06,5.4017300E-06,3.8204900E-06,2.7074100E-06,1.9476500E-06,1.4333800E-06,1.0653900E-06,7.9926600E-07,6.1119600E-07,4.7636100E-07,3.6807200E-07,2.8653800E-07,2.2596700E-07,1.7800800E-07,1.4225000E-07,1.1403200E-07,9.1310800E-08,7.3807200E-08,5.9828300E-08,4.8686600E-08,4.0598700E-08,3.3721400E-08,2.7810900E-08,2.2993600E-08,1.9417400E-08,1.6706000E-08,1.4531900E-08,1.2379100E-08
627.5,1.2612100E+00,2.5757900E-01,5.2570800E-02,1.0791000E-02,2.2498800E-03,5.0779500E-04,1.4553700E-04,6.3965200E-05,3.9485100E-05,2.7381000E-05,1.9357300E-05,1.3240300E-05,9.2357200E-06,6.3838200E-06,4.4633300E-06,3.1280200E-06,2.1928600E-06,1.5594900E-06,1.1351800E-06,8.3399300E-07,6.1801600E-07,4.6744000E-07,3.6115900E-07,2.7590500E-07,2.1246400E-07,1.6603600E-07,1.2944700E-07,1.0265000E-07,8.1646600E-08,6.4824200E-08,5.2036800E-08,4.1908500E-08,3.3893000E-08,2.8270000E-08,2.3447000E-08,1.9265800E-08,1.5872900E-08,1.3432000E-08,1.1635900E-08,1.0216000E-08,8.7271500E-09
632.5,1.2613000E+00,2.4549700E-01,4.7767800E-02,9.3556300E-03,1.8671300E-03,4.0920500E-04,1.1850900E-04,5.4506000E-05,3.4703800E-05,2.4299900E-05,1.7196500E-05,1.1740500E-05,8.1665400E-06,5.6276900E-06,3.9208400E-06,2.7372500E-06,1.9100000E-06,1.3515300E-06,9.7866300E-07,7.1488400E-07,5.2652800E-07,3.9590500E-07,3.0431900E-07,2.3103200E-07,1.7683600E-07,1.3748200E-07,1.0655600E-07,8.4116400E-08,6.6586400E-08,5.2611800E-08,4.2051900E-08,3.3735300E-08,2.7182100E-08,2.2661800E-08,1.8766000E-08,1.5381100E-08,1.2639300E-08,1.0698700E-08,9.2945800E-09,8.1915900E-09,7.0002500E-09
637.5,1.2684500E+00,2.2983800E-01,4.1656800E-02,7.6104300E-03,1.4267300E-03,3.0260600E-04,9.1327400E-05,4.5696100E-05,3.0472600E-05,2.1633800E-05,1.5350100E-05,1.0481800E-05,7.2819900E-06,5.0132800E-06,3.4878400E-06,2.4308800E-06,1.6932100E-06,1.1958400E-06,8.6387500E-07,6.2928500E-07,4.6212400E-07,3.4637200E-07,2.6540100E-07,2.0075500E-07,1.5312400E-07,1.1868900E-07,9.1662200E-08,7.2156500E-08,5.6932300E-08,4.4852800E-08,3.5741500E-08,2.8597400E-08,2.2985000E-08,1.9140300E-08,1.5819300E-08,1.2939400E-08,1.0607700E-08,8.9720000E-09,7.7913600E-09,6.8697600E-09,5.8616800E-09
642.5,1.2537200E+00,2.1297100E-01,3.6208000E-02,6.2149700E-03,1.1028700E-03,2.2934700E-04,7.3083000E-05,3.9416500E-05,2.7152000E-05,1.9429700E-05,1.3797600E-05,9.4166400E-06,6.5326300E-06,4.4924900E-06,3.1208500E-06,2.1715200E-06,1.5098000E-06,1.0643200E-06,7.6716700E-07,5.5742700E-07,4.0829000E-07,3.0517700E-07,2.3320600E-07,1.7586600E-07,1.3375100E-07,1.0342600E-07,7.9646500E-08,6.2558100E-08,4.9231400E-08,3.8702900E-08,3.0768000E-08,2.4571400E-08,1.9713100E-08,1.6402900E-08,1.3538000E-08,1.1057700E-08,9.0464500E-09,7.6474300E-09,6.6423500E-09,5.8590300E-09,4.9935500E-09
647.5,1.2006000E+00,1.9214000E-01,3.0794000E-02,4.9924200E-03,8.4569300E-04,1.7505900E-04,5.9854800E-05,3.4605700E-05,2.4435900E-05,1.7572900E-05,1.2479300E-05,8.4958900E-06,5.8812400E-06,4.0348500E-06,2.7959200E-06,1.9398700E-06,1.3441100E-06,9.4431400E-07,6.7851700E-07,4.9132400E-07,3.5861800E-07,2.6723200E-07,2.0373900E-07,1.5313800E-07,1.1612100E-07,8.9610500E-08,6.8819100E-08,5.3973800E-08,4.2394600E-08,3.3268300E-08,2.6409400E-08,2.1068000E-08,1.6886600E-08,1.4063900E-08,1.1607100E-08,9.4767400E-09,7.7468500E-09,6.5550800E-09,5.7039200E-09,5.0424100E-09,4.2979500E-09
652.5,1.1987100E+00,1.6930200E-01,2.3977700E-02,3.4510500E-03,5.3337300E-04,1.1259800E-04,4.5440900E-05,2.9656900E-05,2.1790600E-05,1.5821100E-05,1.1271200E-05,7.6132200E-06,5.2558400E-06,3.5875000E-06,2.4753300E-06,1.7077700E-06,1.1735700E-06,8.1853200E-07,5.8529600E-07,4.2152600E-07,3.0598300E-07,2.2733100E-07,1.7337700E-07,1.2977400E-07,9.8095000E-08,7.5688400E-08,5.7961900E-08,4.5501000E-08,3.5713400E-08,2.8004000E-08,2.2220600E-08,1.7732900E-08,1.4218000E-08,1.1907100E-08,9.8497200E-09,8.0463600E-09,6.5718500E-09,5.5821000E-09,4.8865500E-09,4.3493400E-09,3.7100400E-09
657.5,1.1428100E+00,1.3334300E-01,1.5644300E-02,1.8887100E-03,2.6617000E-04,6.7030500E-05,3.6728100E-05,2.7802400E-05,2.1553900E-05,1.5964300E-05,1.1541200E-05,7.6319200E-06,5.2586000E-06,3.5518000E-06,2.4325300E-06,1.6579300E-06,1.1154000E-06,7.6407200E-07,5.4157300E-07,3.8588900E-07,2.7705400E-07,2.0543800E-07,1.5818200E-07,1.1765100E-07,8.8625000E-08,6.8769200E-08,5.2473400E-08,4.1508700E-08,3.2648400E-08,2.5619100E-08,2.0356100E-08,1.6286900E-08,1.3081500E-08,1.1134300E-08,9.2689700E-09,7.5750000E-09,6.1633700E-09,5.2810500E-09,4.6898000E-09,4.2429400E-09,3.6198100E-09
662.5,1.2224000E+00,1.2172800E-01,1.2220400E-02,1.2825300E-03,1.7940600E-04,5.9147600E-05,4.1418800E-05,3.5790600E-05,2.9837400E-05,2.2901700E-05,1.7065300E-05,1.0911400E-05,7.5247200E-06,5.0098800E-06,3.3997800E-06,2.2752500E-06,1.4753000E-06,9.7924800E-07,6.8502600E-07,4.7965900E-07,3.3806100E-07,2.5083400E-07,1.9795400E-07,1.4585900E-07,1.0945300E-07,8.6152400E-08,6.5393000E-08,5.2587800E-08,4.1560700E-08,3.2654400E-08,2.5999000E-08,2.0874200E-08,1.6785500E-08,1.4680900E-08,1.2327800E-08,1.0047500E-08,8.0896500E-09,7.0115800E-09,6.3611000E-09,5.8968600E-09,5.0158900E-09
667.5,1.2162800E+00,1.1176400E-01,1.0389500E-02,1.0372800E-03,1.7170400E-04,7.9372200E-05,6.7270200E-05,6.4999100E-05,5.7579500E-05,4.5488500E-05,3.4705700E-05,2.1723200E-05,1.5021600E-05,9.9295500E-06,6.7121800E-06,4.4447100E-06,2.8086500E-06,1.8230800E-06,1.2658300E-06,8.7596400E-07,6.0938200E-07,4.5398600E-07,3.6734300E-07,2.6916900E-07,2.0179200E-07,1.6118900E-07,1.2200300E-07,9.9636700E-08,7.9117700E-08,6.2289400E-08,4.9682000E-08,4.0007300E-08,3.2195600E-08,2.8752200E-08,2.4284600E-08,1.9732600E-08,1.5734700E-08,1.3744200E-08,1.2660000E-08,1.1936800E-08,1.0118800E-08
672.5,1.2007200E+00,1.0476300E-01,9.2942400E-03,9.2580600E-04,2.0132400E-04,1.2101600E-04,1.1352400E-04,1.1585600E-04,1.0542700E-04,8.4292600E-05,6.4942400E-05,4.0315600E-05,2.7908600E-05,1.8410100E-05,1.2431700E-05,8.2007000E-06,5.1295500E-06,3.3014200E-06,2.2868600E-06,1.5754500E-06,1.0906500E-06,8.1435700E-07,6.6634200E-07,4.8705100E-07,3.6497200E-07,2.9344100E-07,2.2173700E-07,1.8226500E-07,1.4490600E-07,1.1416000E-07,9.1035500E-08,7.3373200E-08,5.9033100E-08,5.3139000E-08,4.4952000E-08,3.6459700E-08,2.8932500E-08,2.5333800E-08,2.3461200E-08,2.2257900E-08,1.8826800E-08
677.5,1.1923400E+00,9.7134900E-02,8.0943500E-03,7.9889200E-04,2.2033500E-04,1.5310200E-04,1.5007100E-04,1.5675200E-04,1.4420200E-04,1.1580700E-04,8.9593700E-05,5.5320900E-05,3.8255800E-05,2.5199200E-05,1.6989300E-05,1.1173300E-05,6.9439400E-06,4.4476400E-06,3.0745700E-06,2.1110200E-06,1.4566600E-06,1.0872600E-06,8.9318000E-07,6.5085000E-07,4.8674900E-07,3.9224200E-07,2.9555900E-07,2.4347000E-07,1.9325700E-07,1.5218400E-07,1.2110200E-07,9.7535700E-08,7.8387300E-08,7.0782200E-08,5.9848500E-08,4.8462500E-08,3.8302100E-08,3.3563100E-08,3.1139200E-08,2.9623500E-08,2.5007400E-08
682.5,1.1767000E+00,8.6775500E-02,6.5675700E-03,6.1105300E-04,1.8772200E-04,1.3870300E-04,1.3845600E-04,1.4661700E-04,1.3587400E-04,1.0941000E-04,8.4927000E-05,5.2015700E-05,3.5848400E-05,2.3527500E-05,1.5797200E-05,1.0327600E-05,6.3540900E-06,4.0378200E-06,2.7769700E-06,1.8939000E-06,1.2983800E-06,9.6556700E-07,7.9403100E-07,5.7465100E-07,4.2742800E-07,3.4437300E-07,2.5784100E-07,2.1239000E-07,1.6778300E-07,1.3172100E-07,1.0431800E-07,8.3789300E-08,6.7142300E-08,6.0752000E-08,5.1250500E-08,4.1370500E-08,3.2496800E-08,2.8466500E-08,2.6441800E-08,2.5221400E-08,2.1216300E-08
687.5,1.0317500E+00,6.6537400E-02,4.4088800E-03,3.6787500E-04,1.1437600E-04,8.6140200E-05,8.5906400E-05,9.1461300E-05,8.5146700E-05,6.8641800E-05,5.3434500E-05,3.2339000E-05,2.2145600E-05,1.4443700E-05,9.6278900E-06,6.2341000E-06,3.7777600E-06,2.3715800E-06,1.6164900E-06,1.0904900E-06,7.3981600E-07,5.4613800E-07,4.4851700E-07,3.2107400E-07,2.3662900E-07,1.9023600E-07,1.4100800E-07,1.1595200E-07,9.0880400E-08,7.1007300E-08,5.5800600E-08,4.4623300E-08,3.5587700E-08,3.2254300E-08,2.7120900E-08,2.1798100E-08,1.6983300E-08,1.4871600E-08,1.3821100E-08,1.3219800E-08,1.1074700E-08
692.5,1.0424700E+00,5.5298800E-02,3.0133500E-03,2.1011900E-04,6.0267300E-05,4.4603000E-05,4.2922600E-05,4.4630700E-05,4.1073500E-05,3.2884000E-05,2.5527100E-05,1.5316000E-05,1.0398300E-05,6.7544900E-06,4.4732100E-06,2.8751600E-06,1.7239000E-06,1.0749500E-06,7.2832400E-07,4.8775400E-07,3.2896900E-07,2.4143500E-07,1.9778400E-07,1.4048300E-07,1.0287100E-07,8.2659100E-08,6.0852800E-08,5.0030800E-08,3.8980400E-08,3.0440100E-08,2.3803900E-08,1.9024000E-08,1.5166600E-08,1.3762100E-08,1.1557400E-08,9.2952600E-09,7.2235900E-09,6.3289000E-09,5.8782100E-09,5.6246900E-09,4.7077000E-09
697.5,1.0740500E+00,4.2598600E-02,1.7453300E-03,1.0080400E-04,3.0882500E-05,2.2640100E-05,2.0223500E-05,1.9733200E-05,1.7537200E-05,1.3773700E-05,1.0566600E-05,6.3045200E-06,4.2240400E-06,2.7356600E-06,1.7986500E-06,1.1491800E-06,6.8474300E-07,4.2637600E-07,2.8776500E-07,1.9197100E-07,1.2934000E-07,9.4458700E-08,7.6965700E-08,5.4466900E-08,3.9769200E-08,3.1983700E-08,2.3501700E-08,1.9350600E-08,1.5038500E-08,1.1807700E-08,9.2340800E-09,7.4168700E-09,5.9514900E-09,5.3980100E-09,4.5456900E-09,3.6855100E-09,2.8854700E-09,2.5354500E-09,2.3459100E-09,2.2363300E-09,1.8806200E-09
702.5,1.0549200E+00,2.8275900E-02,7.9758400E-04,4.3304400E-05,1.7792700E-05,1.2842200E-05,1.0350600E-05,9.0499900E-06,7.4951700E-06,5.6568300E-06,4.2114500E-06,2.5263300E-06,1.6653900E-06,1.0791300E-06,7.0630300E-07,4.5197200E-07,2.7196800E-07,1.7157500E-07,1.1631500E-07,7.8206300E-08,5.3320600E-08,3.9014000E-08,3.1573800E-08,2.2562400E-08,1.6615900E-08,1.3432600E-08,9.9870300E-09,8.2696500E-09,6.4764700E-09,5.1665800E-09,4.0855000E-09,3.3289300E-09,2.7139900E-09,2.4567300E-09,2.0873100E-09,1.7215300E-09,1.3750700E-09,1.2142900E-09,1.1169300E-09,1.0559500E-09,8.9816800E-10
707.5,1.0826900E+00,1.6792900E-02,2.8800300E-04,2.0259200E-05,1.1330400E-05,7.8329500E-06,5.6804300E-06,4.3436300E-06,3.2455700E-06,2.2954400E-06,1.6156100E-06,9.8158300E-07,6.3336600E-07,4.0961900E-07,2.6677100E-07,1.7186700E-07,1.0608400E-07,6.8592600E-08,4.7012300E-08,3.2188700E-08,2.2451700E-08,1.6570300E-08,1.3313800E-08,9.7364500E-09,7.3146400E-09,5.9667000E-09,4.5464900E-09,3.7997300E-09,3.0278400E-09,2.4714200E-09,1.9933100E-09,1.6560400E-09,1.3786100E-09,1.2447700E-09,1.0705600E-09,9.0120300E-10,7.3800000E-10,6.5511000E-10,5.9889600E-10,5.6071600E-10,4.8349900E-10
712.5,1.0750600E+00,7.3812600E-03,6.9252800E-05,1.1794400E-05,7.5734100E-06,5.0113200E-06,3.3904300E-06,2.3598000E-06,1.6200300E-06,1.0771700E-06,7.1475100E-07,4.3743900E-07,2.7643700E-07,1.7773400E-07,1.1519400E-07,7.4798100E-08,4.7405600E-08,3.1414600E-08,2.1840200E-08,1.5274800E-08,1.0924700E-08,8.1804300E-09,6.5886800E-09,4.9447700E-09,3.7968200E-09,3.1383800E-09,2.4486200E-09,2.0704800E-09,1.6766000E-09,1.3957700E-09,1.1431700E-09,9.6375400E-10,8.1440500E-10,7.3533600E-10,6.3820800E-10,5.4419700E-10,4.5199000E-10,4.0257600E-10,3.6662700E-10,3.4162700E-10,2.9695000E-10
717.5,8.8961200E-01,2.0714200E-03,1.7679700E-05,7.9770400E-06,5.0764100E-06,3.2502900E-06,2.1268100E-06,1.4316300E-06,9.5412800E-07,6.1961500E-07,4.0322100E-07,2.4581100E-07,1.5376800E-07,9.8952700E-08,6.4223300E-08,4.1994700E-08,2.6827400E-08,1.8022500E-08,1.2700600E-08,9.0124500E-09,6.5586000E-09,4.9812700E-09,4.0730100E-09,3.0998900E-09,2.4058500E-09,2.0168000E-09,1.5872600E-09,1.3562600E-09,1.1028900E-09,9.2766400E-10,7.6144100E-10,6.4511200E-10,5.4779800E-10,4.9597000E-10,4.3205500E-10,3.6924800E-10,3.0658100E-10,2.7339600E-10,2.4855800E-10,2.3195800E-10,2.0189000E-10
722.5,8.8908200E-01,5.7635000E-04,9.4618200E-06,5.4172000E-06,3.3202900E-06,2.0608600E-06,1.3173600E-06,8.7631400E-07,5.8052000E-07,3.7543600E-07,2.4507300E-07,1.4890300E-07,9.2890600E-08,6.0341900E-08,3.9460700E-08,2.6063200E-08,1.6670500E-08,1.1326700E-08,8.0929300E-09,5.8096300E-09,4.2869200E-09,3.2948600E-09,2.7389400E-09,2.1010700E-09,1.6377800E-09,1.3891500E-09,1.0953200E-09,9.4339200E-10,7.6620400E-10,6.4864100E-10,5.3073800E-10,4.5008100E-10,3.8263400E-10,3.4745600E-10,3.0325900E-10,2.5877100E-10,2.1394400E-10,1.9086500E-10,1.7324700E-10,1.6222600E-10,1.4115100E-10
727.5,8.7259400E-01,1.3123300E-04,6.3444100E-06,3.5712000E-06,2.0927000E-06,1.2562100E-06,7.8636100E-07,5.2133600E-07,3.4688400E-07,2.2556600E-07,1.4924400E-07,9.0972700E-08,5.6958600E-08,3.7593400E-08,2.4895200E-08,1.6680700E-08,1.0700500E-08,7.3651000E-09,5.3362600E-09,3.8716300E-09,2.8920300E-09,2.2432300E-09,1.8886800E-09,1.4569100E-09,1.1374700E-09,9.7295200E-10,7.6691900E-10,6.6417600E-10,5.3782400E-10,4.5755100E-10,3.7263300E-10,3.1583200E-10,2.6849800E-10,2.4441900E-10,2.1362300E-10,1.8177400E-10,1.4964100E-10,1.3351100E-10,1.2095800E-10,1.1367800E-10,9.8877100E-11
732.5,9.4778600E-01,3.1801200E-05,4.3288800E-06,2.2921000E-06,1.2780600E-06,7.4263100E-07,4.5864500E-07,3.0737700E-07,2.0840600E-07,1.3786500E-07,9.3388800E-08,5.7517100E-08,3.6341000E-08,2.4448300E-08,1.6423000E-08,1.1172100E-08,7.1881500E-09,5.0044800E-09,3.6660300E-09,2.6797300E-09,2.0191600E-09,1.5745700E-09,1.3365400E-09,1.0341500E-09,8.0678300E-10,6.9382200E-10,5.4584400E-10,4.7438000E-10,3.8258500E-10,3.2671000E-10,2.6460400E-10,2.2394000E-10,1.9022900E-10,1.7356800E-10,1.5184100E-10,1.2874200E-10,1.0555400E-10,9.4169300E-11,8.5149700E-11,8.0333200E-11,6.9850500E-11
737.5,9.9450500E-01,1.1541900E-05,3.0000000E-06,1.4741900E-06,7.7919200E-07,4.4027400E-07,2.7200800E-07,1.8805700E-07,1.3211000E-07,8.9899700E-08,6.2765100E-08,3.9227400E-08,2.5083800E-08,1.7180800E-08,1.1687700E-08,8.0501200E-09,5.1897900E-09,3.6414500E-09,2.6857700E-09,1.9706700E-09,1.4917400E-09,1.1656700E-09,9.9370400E-10,7.6945200E-10,5.9893400E-10,5.1657300E-10,4.0521000E-10,3.5284000E-10,2.8334400E-10,2.4252100E-10,1.9532600E-10,1.6498400E-10,1.3995500E-10,1.2796800E-10,1.1199100E-10,9.4599700E-11,7.7250800E-11,6.8908400E-11,6.2216300E-11,5.8920900E-11,5.1204100E-11
742.5,1.0174100E+00,7.3151100E-06,2.1794900E-06,9.8379600E-07,4.9301300E-07,2.7422200E-07,1.7333600E-07,1.2648200E-07,9.3217000E-08,6.5583200E-08,4.7144000E-08,2.9875400E-08,1.9309000E-08,1.3392900E-08,9.1856200E-09,6.3721900E-09,4.1100800E-09,2.8936900E-09,2.1400600E-09,1.5714300E-09,1.1908300E-09,9.3042500E-10,7.9458600E-10,6.1462100E-10,4.7710500E-10,4.1197500E-10,3.2211200E-10,2.8070100E-10,2.2455600E-10,1.9232500E-10,1.5416200E-10,1.2994800E-10,1.1004100E-10,1.0079700E-10,8.8194300E-11,7.4255500E-11,6.0382600E-11,5.3855400E-11,4.8599600E-11,4.6186800E-11,4.0099000E-11
747.5,1.0316700E+00,6.0937700E-06,1.6450700E-06,6.7519500E-07,3.2195400E-07,1.7974000E-07,1.1938200E-07,9.3489700E-08,7.2469700E-08,5.2566800E-08,3.8655300E-08,2.4740700E-08,1.6108400E-08,1.1253600E-08,7.7508300E-09,5.3927700E-09,3.4763300E-09,2.4487000E-09,1.8114600E-09,1.3289100E-09,1.0061700E-09,7.8526800E-10,6.7105700E-10,5.1800700E-10,4.0098800E-10,3.4633900E-10,2.6991400E-10,2.3525300E-10,1.8757800E-10,1.6057600E-10,1.2820100E-10,1.0785000E-10,9.1154800E-11,8.3630300E-11,7.3137700E-11,6.1411300E-11,4.9717600E-11,4.4343500E-11,4.0028200E-11,3.8167400E-11,3.3095900E-11
752.5,1.0236600E+00,5.2547300E-06,1.2536200E-06,4.6447400E-07,2.1246300E-07,1.2215100E-07,8.7168000E-08,7.3384700E-08,5.9317600E-08,4.3977000E-08,3.2794400E-08,2.1105000E-08,1.3787400E-08,9.6605900E-09,6.6617600E-09,4.6375000E-09,2.9844100E-09,2.1001600E-09,1.5521900E-09,1.1367500E-09,8.5930400E-10,6.6958000E-10,5.7231400E-10,4.4078100E-10,3.4024400E-10,2.9390200E-10,2.2831200E-10,1.9901800E-10,1.5818700E-10,1.3534100E-10,1.0764900E-10,9.0393700E-11,7.6263700E-11,7.0086000E-11,6.1268500E-11,5.1318500E-11,4.1369700E-11,3.6905100E-11,3.3333600E-11,3.1891600E-11,2.7624200E-11
757.5,8.9201000E-01,4.3107600E-06,9.6894800E-07,3.2471500E-07,1.4430200E-07,8.7243000E-08,6.7141100E-08,5.9877300E-08,4.9760800E-08,3.7357900E-08,2.8056400E-08,1.8098000E-08,1.1831400E-08,8.2962300E-09,5.7197000E-09,3.9802800E-09,2.5558900E-09,1.7961800E-09,1.3258500E-09,9.6914900E-10,7.3141700E-10,5.6898900E-10,4.8637200E-10,3.7380000E-10,2.8775800E-10,2.4860500E-10,1.9254300E-10,1.6787700E-10,1.3304000E-10,1.1379300E-10,9.0187700E-11,7.5608500E-11,6.3691800E-11,5.8637100E-11,5.1251400E-11,4.2832600E-11,3.4398700E-11,3.0697600E-11,2.7743900E-11,2.6634000E-11,2.3053100E-11
762.5,4.7241800E-01,3.4102400E-06,7.8669400E-07,2.4139200E-07,1.0531200E-07,6.7184300E-08,5.4931200E-08,5.0836000E-08,4.2895000E-08,3.2394800E-08,2.4396800E-08,1.5743100E-08,1.0287300E-08,7.2111700E-09,4.9677500E-09,3.4541500E-09,2.2135800E-09,1.5533600E-09,1.1451100E-09,8.3554500E-10,6.2958000E-10,4.8903200E-10,4.1803700E-10,3.2065600E-10,2.4626800E-10,2.1278300E-10,1.6436900E-10,1.4334000E-10,1.1331300E-10,9.6887800E-11,7.6563500E-11,6.4099900E-11,5.3929100E-11,4.9732600E-11,4.3465500E-11,3.6261900E-11,2.9027100E-11,2.5916600E-11,2.3442200E-11,2.2573500E-11,1.9527700E-11
767.5,8.4770900E-01,3.7122000E-06,6.8295500E-07,1.9665600E-07,8.4721700E-08,5.6041300E-08,4.7425300E-08,4.4677600E-08,3.7934900E-08,2.8704300E-08,2.1627500E-08,1.3946700E-08,9.1069000E-09,6.3790500E-09,4.3906900E-09,3.0496200E-09,1.9513500E-09,1.3673600E-09,1.0067700E-09,7.3348400E-10,5.5182800E-10,4.2810800E-10,3.6595800E-10,2.8022100E-10,2.1481800E-10,1.8560600E-10,1.4307700E-10,1.2478600E-10,9.8465300E-11,8.4149200E-11,6.6356200E-11,5.5500100E-11,4.6647400E-11,4.3078500E-11,3.7648200E-11,3.1372500E-11,2.5046500E-11,2.2375000E-11,2.0260300E-11,1.9558800E-11,1.6912300E-11
772.5,9.7110100E-01,4.1091500E-06,6.2501700E-07,1.7234900E-07,7.3218400E-08,4.9187300E-08,4.2270800E-08,4.0106500E-08,3.4120100E-08,2.5824400E-08,1.9448800E-08,1.2527900E-08,8.1750400E-09,5.7213600E-09,3.9346700E-09,2.7295700E-09,1.7446100E-09,1.2207800E-09,8.9784800E-10,6.5327000E-10,4.9075800E-10,3.8035500E-10,3.2513800E-10,2.4857600E-10,1.9029200E-10,1.6440300E-10,1.2652700E-10,1.1035800E-10,8.6970800E-11,7.4276600E-11,5.8489800E-11,4.8887700E-11,4.1059500E-11,3.7963600E-11,3.3176900E-11,2.7628700E-11,2.2010800E-11,1.9675000E-11,1.7837700E-11,1.7254900E-11,1.4914800E-11
777.5,9.7330400E-01,4.8151400E-06,5.9265400E-07,1.5852300E-07,6.6202600E-08,4.4495800E-08,3.8414700E-08,3.6523100E-08,3.1076600E-08,2.3513200E-08,1.7694600E-08,1.1383300E-08,7.4247600E-09,5.1915800E-09,3.5676400E-09,2.4717500E-09,1.5786400E-09,1.1031500E-09,8.1052400E-10,5.8908800E-10,4.4193200E-10,3.4225800E-10,2.9258100E-10,2.2337400E-10,1.7083400E-10,1.4757000E-10,1.1343600E-10,9.8939200E-11,7.7917100E-11,6.6489800E-11,5.2320900E-11,4.3714400E-11,3.6695100E-11,3.3960900E-11,2.9677300E-11,2.4709900E-11,1.9653000E-11,1.7578000E-11,1.5958600E-11,1.5460700E-11,1.3359700E-11
782.5,9.6706200E-01,6.3080100E-06,5.7252500E-07,1.4916400E-07,6.1154800E-08,4.0903300E-08,3.5358500E-08,3.3638700E-08,2.8613700E-08,2.1641300E-08,1.6272400E-08,1.0453700E-08,6.8171100E-09,4.7623300E-09,3.2705300E-09,2.2627800E-09,1.4446400E-09,1.0082000E-09,7.4010000E-10,5.3742400E-10,4.0264700E-10,3.1167300E-10,2.6644700E-10,2.0317000E-10,1.5529300E-10,1.3411300E-10,1.0301000E-10,8.9836000E-11,7.0733500E-11,6.0298300E-11,4.7444400E-11,3.9633600E-11,3.3256800E-11,3.0800800E-11,2.6912700E-11,2.2412100E-11,1.7803100E-11,1.5932500E-11,1.4486000E-11,1.4048700E-11,1.2135400E-11
787.5,9.3658100E-01,8.7927700E-06,5.5557000E-07,1.4106700E-07,5.6801800E-08,3.7793600E-08,3.2702400E-08,3.1125200E-08,2.6465800E-08,2.0009700E-08,1.5032900E-08,9.6439900E-09,6.2889800E-09,4.3893800E-09,3.0127100E-09,2.0815900E-09,1.3288300E-09,9.2627200E-10,6.7943800E-10,4.9302900E-10,3.6894400E-10,2.8549300E-10,2.4407100E-10,1.8591100E-10,1.4206400E-10,1.2264900E-10,9.4159300E-11,8.2103300E-11,6.4654000E-11,5.5055800E-11,4.3333500E-11,3.6199100E-11,3.0366900E-11,2.8137900E-11,2.4581400E-11,2.0479400E-11,1.6253000E-11,1.4552300E-11,1.3250500E-11,1.2858300E-11,1.1103200E-11
792.5,9.0591500E-01,1.1586600E-05,5.3215500E-07,1.3156800E-07,5.2115300E-08,3.4581500E-08,2.9977600E-08,2.8548000E-08,2.4265200E-08,1.8338200E-08,1.3765600E-08,8.8202600E-09,5.7514100E-09,4.0108100E-09,2.7514500E-09,1.8989700E-09,1.2121500E-09,8.4413500E-10,6.1881100E-10,4.4879300E-10,3.3552600E-10,2.5957500E-10,2.2191300E-10,1.6890000E-10,1.2904600E-10,1.1138200E-10,8.5484200E-11,7.4529900E-11,5.8702200E-11,4.9945900E-11,3.9325900E-11,3.2853100E-11,2.7555800E-11,2.5542600E-11,2.2311400E-11,1.8595400E-11,1.4749600E-11,1.3211300E-11,1.2043600E-11,1.1691800E-11,1.0093400E-11
797.5,9.0137500E-01,1.3948300E-05,4.9998400E-07,1.2023500E-07,4.6977600E-08,3.1206400E-08,2.7133200E-08,2.5857700E-08,2.1969900E-08,1.6594700E-08,1.2446600E-08,7.9673200E-09,5.1939400E-09,3.6194300E-09,2.4817700E-09,1.7114200E-09,1.0923000E-09,7.6014000E-10,5.5698100E-10,4.0378400E-10,3.0168000E-10,2.3334600E-10,1.9948400E-10,1.5174800E-10,1.1592900E-10,1.0004400E-10,7.6766900E-11,6.6925400E-11,5.2720400E-11,4.4832800E-11,3.5308900E-11,2.9499200E-11,2.4741100E-11,2.2940400E-11,2.0037400E-11,1.6705200E-11,1.3245900E-11,1.1868000E-11,1.0827600E-11,1.0514600E-11,9.0760500E-12
802.5,8.8359500E-01,1.5422900E-05,4.6350700E-07,1.0828100E-07,4.1842800E-08,2.7925200E-08,2.4379200E-08,2.3252700E-08,1.9748400E-08,1.4907700E-08,1.1172200E-08,7.1458300E-09,4.6568500E-09,3.2430700E-09,2.2227200E-09,1.5318300E-09,9.7755600E-10,6.7996100E-10,4.9805600E-10,3.6096100E-10,2.6956500E-10,2.0847200E-10,1.7820500E-10,1.3551400E-10,1.0351800E-10,8.9322300E-11,6.8531600E-11,5.9743200E-11,4.7066900E-11,4.0013300E-11,3.1518600E-11,2.6333900E-11,2.2085800E-11,2.0482600E-11,1.7890400E-11,1.4918200E-11,1.1827100E-11,1.0599000E-11,9.6748800E-12,9.3970600E-12,8.1110000E-12
807.5,8.8502300E-01,1.4539700E-05,4.1915900E-07,9.5087000E-08,3.6454300E-08,2.4537600E-08,2.1525300E-08,2.0546800E-08,1.7441400E-08,1.3155800E-08,9.8511200E-09,6.2976800E-09,4.1012600E-09,2.8547400E-09,1.9556600E-09,1.3473800E-09,8.5952400E-10,5.9772700E-10,4.3771800E-10,3.1715400E-10,2.3681300E-10,1.8310200E-10,1.5650400E-10,1.1899700E-10,9.0879900E-11,7.8422400E-11,6.0157700E-11,5.2448700E-11,4.1312200E-11,3.5127500E-11,2.7664100E-11,2.3113500E-11,1.9385900E-11,1.7983500E-11,1.5710100E-11,1.3099600E-11,1.0384900E-11,9.3080700E-12,8.4971300E-12,8.2558500E-12,7.1269100E-12
812.5,8.0474900E-01,8.5581000E-06,3.5969800E-07,7.9273400E-08,3.0302600E-08,2.0694300E-08,1.8255800E-08,1.7436500E-08,1.4790800E-08,1.1142600E-08,8.3366600E-09,5.3297500E-09,3.4655500E-09,2.4116200E-09,1.6511100E-09,1.1379200E-09,7.2507200E-10,5.0433600E-10,3.6928100E-10,2.6748900E-10,1.9980000E-10,1.5441400E-10,1.3197900E-10,1.0037400E-10,7.6604200E-11,6.6140900E-11,5.0712900E-11,4.4239000E-11,3.4812900E-11,2.9640900E-11,2.3315400E-11,1.9478000E-11,1.6340100E-11,1.5167500E-11,1.3258300E-11,1.1048700E-11,8.7600900E-12,7.8531500E-12,7.1637400E-12,6.9661600E-12,6.0171500E-12
817.5,7.0081300E-01,3.7369100E-06,2.9428400E-07,6.3033500E-08,2.4164700E-08,1.6834100E-08,1.4942600E-08,1.4278100E-08,1.2101300E-08,9.1020000E-09,6.8041100E-09,4.3519900E-09,2.8236800E-09,1.9646100E-09,1.3440900E-09,9.2712500E-10,5.8967200E-10,4.1037200E-10,3.0047000E-10,2.1756400E-10,1.6262600E-10,1.2560500E-10,1.0735600E-10,8.1691800E-11,6.2279800E-11,5.3824200E-11,4.1240600E-11,3.6008700E-11,2.8293300E-11,2.4144800E-11,1.8954200E-11,1.5831000E-11,1.3285000E-11,1.2343600E-11,1.0800400E-11,8.9904100E-12,7.1307700E-12,6.3938500E-12,5.8245600E-12,5.6710700E-12,4.9031200E-12
822.5,7.3760500E-01,1.7982000E-06,2.3008200E-07,4.7916200E-08,1.8568600E-08,1.3270100E-08,1.1859900E-08,1.1337000E-08,9.5997700E-09,7.2073700E-09,5.3830600E-09,3.4456500E-09,2.2300800E-09,1.5512400E-09,1.0603900E-09,7.3236500E-10,4.6468900E-10,3.2361200E-10,2.3694400E-10,1.7148300E-10,1.2830400E-10,9.9021100E-11,8.4634700E-11,6.4453300E-11,4.9070500E-11,4.2460700E-11,3.2504500E-11,2.8415500E-11,2.2282500E-11,1.9074100E-11,1.4933400E-11,1.2468600E-11,1.0467700E-11,9.7391400E-12,8.5316900E-12,7.0905700E-12,5.6281100E-12,5.0474800E-12,4.5892100E-12,4.4755800E-12,3.8746200E-12
827.5,7.7501200E-01,1.1591400E-06,1.7763400E-07,3.5983300E-08,1.4236800E-08,1.0484500E-08,9.4417100E-09,9.0309100E-09,7.6408400E-09,5.7270100E-09,4.2735900E-09,2.7371800E-09,1.7677000E-09,1.2290800E-09,8.3947600E-10,5.8043500E-10,3.6744600E-10,2.5602100E-10,1.8744300E-10,1.3558600E-10,1.0152700E-10,7.8300700E-11,6.6921100E-11,5.1001500E-11,3.8780800E-11,3.3592800E-11,2.5694700E-11,2.2487000E-11,1.7602100E-11,1.5110300E-11,1.1800700E-11,9.8500600E-12,8.2722700E-12,7.7065500E-12,6.7579100E-12,5.6079200E-12,4.4551000E-12,3.9960900E-12,3.6270200E-12,3.5423000E-12,3.0702800E-12
832.5,7.6843400E-01,9.0414300E-07,1.3904200E-07,2.7406700E-08,1.1201100E-08,8.5288500E-09,7.7439200E-09,7.4139100E-09,6.2690100E-09,4.6927700E-09,3.4985800E-09,2.2414700E-09,1.4452000E-09,1.0042300E-09,6.8536200E-10,4.7414300E-10,2.9961100E-10,2.0877900E-10,1.5282300E-10,1.1048000E-10,8.2763400E-11,6.3793900E-11,5.4515600E-11,4.1566900E-11,3.1577400E-11,2.7371800E-11,2.0923300E-11,1.8325200E-11,1.4326000E-11,1.2322700E-11,9.6066200E-12,8.0166300E-12,6.7340100E-12,6.2797200E-12,5.5102600E-12,4.5675200E-12,3.6312300E-12,3.2574700E-12,2.9531200E-12,2.8870400E-12,2.5044300E-12
837.5,8.1812900E-01,7.7236200E-07,1.0660800E-07,2.0445900E-08,8.7493000E-09,6.9180900E-09,6.3362300E-09,6.0735100E-09,5.1336000E-09,3.8961300E-09,2.8705800E-09,1.8349200E-09,1.1796100E-09,8.2730300E-10,5.6839100E-10,3.8650000E-10,2.4374000E-10,1.6982200E-10,1.2425500E-10,8.9758000E-11,6.7258000E-11,5.1811000E-11,4.4912900E-11,3.3766100E-11,2.5624900E-11,2.2225700E-11,1.7154300E-11,1.4888100E-11,1.1617500E-11,1.0013400E-11,7.8516900E-12,6.5239900E-12,5.5464500E-12,5.0979100E-12,4.4747300E-12,3.7055100E-12,2.9456300E-12,2.6380000E-12,2.3951900E-12,2.3439400E-12,2.0350600E-12
842.5,8.3224400E-01,7.5457400E-07,8.9981200E-08,1.6947800E-08,7.3595400E-09,5.6554400E-09,5.2168700E-09,5.0404600E-09,4.2721800E-09,3.2711400E-09,2.4568700E-09,1.5238000E-09,9.9913600E-10,7.0278900E-10,4.8353500E-10,3.2112800E-10,2.0225800E-10,1.4420400E-10,1.0375500E-10,7.5837700E-11,5.5985200E-11,4.3256700E-11,3.7034200E-11,2.7727600E-11,2.1328100E-11,1.8435000E-11,1.4421000E-11,1.2234100E-11,1.0049100E-11,8.1005600E-12,6.6388900E-12,5.4730400E-12,4.6259500E-12,4.1782800E-12,3.6188200E-12,3.0971500E-12,2.4025900E-12,2.1492400E-12,2.0387800E-12,1.9201100E-12,1.6243200E-12
847.5,8.2324900E-01,7.2268700E-07,8.0280800E-08,1.4954800E-08,6.1922400E-09,4.6270600E-09,4.3711500E-09,4.2531800E-09,3.6300400E-09,2.7961100E-09,2.1041600E-09,1.3036000E-09,8.6490300E-10,6.0718500E-10,4.1408700E-10,2.7125400E-10,1.8096200E-10,1.2180100E-10,8.9647600E-11,6.4632200E-11,4.6957200E-11,3.6959900E-11,3.1532600E-11,2.3367400E-11,1.8685900E-11,1.5375200E-11,1.2017500E-11,1.0173400E-11,8.4359500E-12,6.6310300E-12,5.5395700E-12,4.6150600E-12,3.8353200E-12,3.4819100E-12,2.9753100E-12,2.5777500E-12,1.9818500E-12,1.7894900E-12,1.7005300E-12,1.5952700E-12,1.3445200E-12
852.5,7.6299900E-01,6.8176200E-07,8.5626200E-08,1.0578800E-08,5.2595500E-09,3.8598100E-09,3.6792900E-09,3.6710600E-09,3.2057900E-09,2.4833900E-09,1.8390800E-09,1.1483900E-09,8.0210700E-10,5.3188500E-10,3.6305800E-10,2.4203300E-10,1.5847400E-10,1.0811200E-10,7.8640500E-11,5.5652600E-11,4.0951700E-11,3.1736700E-11,2.6785800E-11,2.0132200E-11,1.5720000E-11,1.3139700E-11,1.0222800E-11,8.6231600E-12,7.1524300E-12,5.6208300E-12,4.6927200E-12,3.9349900E-12,3.2804300E-12,2.9322800E-12,2.4949500E-12,2.1734400E-12,1.7060000E-12,1.4984800E-12,1.4495500E-12,1.3500500E-12,1.1279000E-12
857.5,8.1056800E-01,7.0076000E-07,6.5361800E-08,1.0581800E-08,4.7534000E-09,3.2355600E-09,3.2476400E-09,3.2846500E-09,2.8634700E-09,2.2403800E-09,1.6666600E-09,1.0422300E-09,7.3443400E-10,4.7410000E-10,3.3201300E-10,2.2473800E-10,1.4559400E-10,9.6070900E-11,6.9986900E-11,5.0522500E-11,3.5840800E-11,2.8035900E-11,2.2916900E-11,1.7673100E-11,1.3730500E-11,1.1487100E-11,8.9165800E-12,7.5220000E-12,6.2780300E-12,4.9650800E-12,4.0951000E-12,3.4340000E-12,2.8339400E-12,2.6061300E-12,2.1638000E-12,1.8203100E-12,1.5207800E-12,1.3065700E-12,1.2490200E-12,1.1715700E-12,9.7747800E-13
862.5,8.2190400E-01,6.5797800E-07,5.8214600E-08,8.8757600E-09,4.2409700E-09,2.9831100E-09,2.9315800E-09,3.0071200E-09,2.6258800E-09,2.0448000E-09,1.5541400E-09,9.6469400E-10,6.8183400E-10,4.5005800E-10,3.0629900E-10,2.0644600E-10,1.3394800E-10,9.0589600E-11,6.3448800E-11,4.5496600E-11,3.2667100E-11,2.5540700E-11,2.1065400E-11,1.5961900E-11,1.2339600E-11,1.0242400E-11,7.9777800E-12,6.6904300E-12,5.5520700E-12,4.4392200E-12,3.6281000E-12,3.0459300E-12,2.4938700E-12,2.3236200E-12,1.9046500E-12,1.5887200E-12,1.3272900E-12,1.1652800E-12,1.1180200E-12,1.0320800E-12,8.9193300E-13
