,0,5,10,15,20,25,30,35,40,45,50,55,60,65,70,75
352.5,8.0811250E-01,5.6784880E-01,3.7954660E-01,2.4962840E-01,1.6477300E-01,1.0998210E-01,7.4599180E-02,5.1573650E-02,3.6400440E-02,2.5929490E-02,1.8447230E-02,1.3111750E-02,9.3124210E-03,6.6096710E-03,4.6888080E-03,3.3244760E-03
357.5,7.2100920E-01,5.2599980E-01,3.6582350E-01,2.5022240E-01,1.7147720E-01,1.1861390E-01,8.3216510E-02,5.9392560E-02,4.3191650E-02,3.1671270E-02,2.3191880E-02,1.6965350E-02,1.2400100E-02,9.0568600E-03,6.6110130E-03,4.8230010E-03
362.5,8.1098830E-01,6.0795520E-01,4.3531940E-01,3.0652310E-01,2.1604390E-01,1.5353250E-01,1.1053470E-01,8.0866120E-02,6.0213200E-02,4.5179570E-02,3.3848660E-02,2.5331150E-02,1.8939540E-02,1.4149810E-02,1.0564430E-02,7.8830620E-03
367.5,9.5648830E-01,7.3155330E-01,5.3531980E-01,3.8526600E-01,2.7742430E-01,2.0131560E-01,1.4792020E-01,1.1036930E-01,8.3769980E-02,6.4043180E-02,4.8881310E-02,3.7263200E-02,2.8378130E-02,2.1593520E-02,1.6419290E-02,1.2477340E-02
372.5,8.2732390E-01,6.3927040E-01,4.7311730E-01,3.4440590E-01,2.5077530E-01,1.8394690E-01,1.3656540E-01,1.0291900E-01,7.8871180E-02,6.0872850E-02,4.6903560E-02,3.6093950E-02,2.7747050E-02,2.1311980E-02,1.6357320E-02,1.2546690E-02
377.5,9.1891200E-01,7.1192130E-01,5.2862890E-01,3.8609830E-01,2.8202800E-01,2.0748810E-01,1.5446880E-01,1.1671920E-01,8.9675720E-02,6.9394570E-02,5.3612250E-02,4.1367330E-02,3.1886260E-02,2.4556860E-02,1.8898350E-02,1.4534410E-02
382.5,7.6075520E-01,5.9478680E-01,4.4615070E-01,3.2923290E-01,2.4295110E-01,1.8053370E-01,1.3572920E-01,1.0354740E-01,8.0308210E-02,6.2725390E-02,4.8909780E-02,3.8085710E-02,2.9626310E-02,2.3025200E-02,1.7881080E-02,1.3877080E-02
387.5,8.3033660E-01,6.5731460E-01,4.9983210E-01,3.7400630E-01,2.7981170E-01,2.1075130E-01,1.6055230E-01,1.2407950E-01,9.7455200E-02,7.7067780E-02,6.0835080E-02,4.7955540E-02,3.7759860E-02,2.9703720E-02,2.3347380E-02,1.8337920E-02
392.5,8.9399460E-01,7.1363440E-01,5.4770170E-01,4.1366480E-01,3.1230220E-01,2.3728920E-01,1.8228880E-01,1.4201730E-01,1.1240990E-01,8.9568030E-02,7.1239620E-02,5.6582110E-02,4.4888520E-02,3.5576950E-02,2.8173430E-02,2.2294780E-02
397.5,1.0905758E+00,8.7886440E-01,6.8138330E-01,5.1991010E-01,3.9647800E-01,3.0422780E-01,2.3598220E-01,1.8558310E-01,1.4824060E-01,1.1918440E-01,9.5641400E-02,7.6637430E-02,6.1336800E-02,4.9041720E-02,3.9178020E-02,3.1275420E-02
402.5,1.4184770E+00,1.1541460E+00,9.0436580E-01,6.9764170E-01,5.3788640E-01,4.1727010E-01,3.2720190E-01,2.6011910E-01,2.1000980E-01,1.7062590E-01,1.3834150E-01,1.1199860E-01,9.0558100E-02,7.3145280E-02,5.9027930E-02,4.7598920E-02
407.5,1.3759930E+00,1.1248030E+00,8.8613600E-01,6.8746270E-01,5.3312820E-01,4.1603110E-01,3.2819540E-01,2.6250340E-01,2.1324390E-01,1.7432370E-01,1.4220830E-01,1.1582590E-01,9.4215900E-02,7.6554400E-02,6.2146240E-02,5.0409960E-02
412.5,1.4771160E+00,1.2082960E+00,9.5297850E-01,7.4027440E-01,5.7490090E-01,4.4931680E-01,3.5504050E-01,2.8448780E-01,2.3156120E-01,1.8969840E-01,1.5507870E-01,1.2656800E-01,1.0316570E-01,8.3997860E-02,6.8327080E-02,5.5535170E-02
417.5,1.4874020E+00,1.2155390E+00,9.5801650E-01,7.4369610E-01,5.7719210E-01,4.5082990E-01,3.5603220E-01,2.8513250E-01,2.3201560E-01,1.9003630E-01,1.5532860E-01,1.2675880E-01,1.0330800E-01,8.4103100E-02,6.8403750E-02,5.5590070E-02
422.5,1.4701500E+00,1.2007900E+00,9.4614840E-01,7.3422190E-01,5.6951100E-01,4.4447670E-01,3.5066210E-01,2.8050660E-01,2.2797710E-01,1.8653280E-01,1.5231640E-01,1.2418420E-01,1.0111810E-01,8.2246630E-02,6.6834780E-02,5.4267210E-02
427.5,1.3503490E+00,1.1015048E+00,8.6697280E-01,6.7200300E-01,5.2057750E-01,4.0570460E-01,3.1957570E-01,2.5522400E-01,2.0708700E-01,1.6919430E-01,1.3796870E-01,1.1233720E-01,9.1350550E-02,7.4205400E-02,6.0222550E-02,4.8833340E-02
432.5,1.3294340E+00,1.0817934E+00,8.4947360E-01,6.5689600E-01,5.0767670E-01,3.9471250E-01,3.1018220E-01,2.4715630E-01,2.0010690E-01,1.6316360E-01,1.3279470E-01,1.0791850E-01,8.7594200E-02,7.1022380E-02,5.7533320E-02,4.6569390E-02
437.5,1.5420310E+00,1.2498886E+00,9.7770920E-01,7.5300590E-01,5.7944590E-01,4.4845240E-01,3.5071050E-01,2.7805400E-01,2.2398300E-01,1.8175990E-01,1.4724540E-01,1.1911970E-01,9.6253260E-02,7.7697610E-02,6.2664060E-02,5.0500930E-02
442.5,1.6386950E+00,1.3256705E+00,1.0351168E+00,7.9553570E-01,6.1057260E-01,4.7105930E-01,3.6705040E-01,2.8979710E-01,2.3240190E-01,1.8776570E-01,1.5147030E-01,1.2203290E-01,9.8207980E-02,7.8959300E-02,6.3429610E-02,5.0916900E-02
447.5,1.7152170E+00,1.3884632E+00,1.0850918E+00,8.3427010E-01,6.3998500E-01,4.9304990E-01,3.8328090E-01,3.0163200E-01,2.4090540E-01,1.9383320E-01,1.5575830E-01,1.2501640E-01,1.0023912E-01,8.0300480E-02,6.4277350E-02,5.1415810E-02
452.5,1.7798600E+00,1.4449100E+00,1.1328671E+00,8.7357120E-01,6.7166610E-01,5.1826670E-01,4.0320620E-01,3.1731730E-01,2.5328370E-01,2.0364630E-01,1.6354470E-01,1.3119560E-01,1.0514289E-01,8.4191440E-02,6.7358890E-02,5.3855530E-02
457.5,1.7901770E+00,1.4631270E+00,1.1556164E+00,8.9755580E-01,6.9471660E-01,5.3929260E-01,4.2180600E-01,3.3350900E-01,2.6726440E-01,2.1570360E-01,1.7389620E-01,1.4004290E-01,1.1267258E-01,9.0573940E-02,7.2755200E-02,5.8403260E-02
462.5,1.7799060E+00,1.4636420E+00,1.1637639E+00,9.0989360E-01,7.0867590E-01,5.5331070E-01,4.3505710E-01,3.4561970E-01,2.7813700E-01,2.2537670E-01,1.8242670E-01,1.4750020E-01,1.1915295E-01,9.6171780E-02,7.7564980E-02,6.2516580E-02
467.5,1.7790760E+00,1.4702980E+00,1.1755268E+00,9.2405810E-01,7.2326500E-01,5.6719010E-01,4.4767710E-01,3.5679910E-01,2.8791140E-01,2.3388600E-01,1.8980470E-01,1.5387440E-01,1.2463000E-01,1.0085917E-01,8.1561930E-02,6.5913620E-02
472.5,1.7931770E+00,1.4879750E+00,1.1950004E+00,9.4341430E-01,7.4121230E-01,5.8312260E-01,4.6143480E-01,3.6847570E-01,2.9773230E-01,2.4214110E-01,1.9675120E-01,1.5972060E-01,1.2954390E-01,1.0498317E-01,8.5018240E-02,6.8805880E-02
477.5,1.8308830E+00,1.5220170E+00,1.2249058E+00,9.6876620E-01,7.6204260E-01,5.9983360E-01,4.7458770E-01,3.7866350E-01,3.0550690E-01,2.4807620E-01,2.0128700E-01,1.6318270E-01,1.3218040E-01,1.0698571E-01,8.6533740E-02,6.9948470E-02
482.5,1.8124600E+00,1.5089890E+00,1.2165909E+00,9.6368690E-01,7.5883240E-01,5.9758130E-01,4.7273800E-01,3.7690260E-01,3.0368360E-01,2.4625840E-01,1.9955890E-01,1.6158210E-01,1.3072794E-01,1.0568763E-01,8.5387510E-02,6.8940570E-02
487.5,1.6844520E+00,1.4050951E+00,1.1353025E+00,9.0107730E-01,7.1058040E-01,5.6009790E-01,4.4322780E-01,3.5327170E-01,2.8440480E-01,2.3038130E-01,1.8652670E-01,1.5090660E-01,1.2198638E-01,9.8546560E-02,7.9559830E-02,6.4194410E-02
492.5,1.7852110E+00,1.4876110E+00,1.2008555E+00,9.5192730E-01,7.4936600E-01,5.8930020E-01,4.6497130E-01,3.6928340E-01,2.9604460E-01,2.3878980E-01,1.9254800E-01,1.5515610E-01,1.2494018E-01,1.0054303E-01,8.0862410E-02,6.4999020E-02
497.5,1.7595010E+00,1.4606354E+00,1.1745149E+00,9.2703370E-01,7.2612050E-01,5.6775130E-01,4.4506200E-01,3.5090070E-01,2.7904840E-01,2.2326780E-01,1.7860960E-01,1.4280832E-01,1.1411641E-01,9.1137420E-02,7.2741800E-02,5.8035400E-02
502.5,1.6826291E+00,1.3813571E+00,1.0979387E+00,8.5605420E-01,6.6185600E-01,5.1041780E-01,3.9432690E-01,3.0615000E-01,2.3954980E-01,1.8857380E-01,1.4846781E-01,1.1686229E-01,9.1945690E-02,7.2309350E-02,5.6842850E-02,4.4663430E-02
507.5,1.7365509E+00,1.3930276E+00,1.0807760E+00,8.2193950E-01,6.1937970E-01,4.6524840E-01,3.4985120E-01,2.6420810E-01,2.0096450E-01,1.5380405E-01,1.1778655E-01,9.0199250E-02,6.9060360E-02,5.2858240E-02,4.0451200E-02,3.0949220E-02
512.5,1.6801112E+00,1.3079898E+00,9.8365980E-01,7.2462710E-01,5.2862220E-01,3.8422250E-01,2.7944960E-01,2.0399924E-01,1.4993330E-01,1.1089675E-01,8.2116160E-02,6.0826020E-02,4.5061450E-02,3.3384420E-02,2.4733830E-02,1.8325322E-02
517.5,1.5505883E+00,1.1889891E+00,8.8031540E-01,6.3820530E-01,4.5797020E-01,3.2728690E-01,2.3393210E-01,1.6777089E-01,1.2106759E-01,8.7921790E-02,6.3942230E-02,4.6530320E-02,3.3871410E-02,2.4662930E-02,1.7962104E-02,1.3084685E-02
522.5,1.6613429E+00,1.2754261E+00,9.4565600E-01,6.8644510E-01,4.9300540E-01,3.5245880E-01,2.5190310E-01,1.8054017E-01,1.3012572E-01,9.4366470E-02,6.8536080E-02,4.9806700E-02,3.6210550E-02,2.6328950E-02,1.9149520E-02,1.3930716E-02
527.5,1.6323234E+00,1.2516756E+00,9.2708300E-01,6.7215790E-01,4.8199270E-01,3.4391400E-01,2.4521470E-01,1.7525514E-01,1.2590719E-01,9.0999810E-02,6.5874190E-02,4.7717770E-02,3.4580160E-02,2.5066490E-02,1.8175064E-02,1.3181667E-02
532.5,1.6483474E+00,1.2578971E+00,9.2720320E-01,6.6890460E-01,4.7713910E-01,3.3856040E-01,2.3998150E-01,1.7044287E-01,1.2164958E-01,8.7341490E-02,6.2816200E-02,4.5212200E-02,3.2557310E-02,2.3453310E-02,1.6901130E-02,1.2183118E-02
537.5,1.6584593E+00,1.2570358E+00,9.2023670E-01,6.5923780E-01,4.6683250E-01,3.2875770E-01,2.3121854E-01,1.6290408E-01,1.1529804E-01,8.2087110E-02,5.8550940E-02,4.1801610E-02,2.9860790E-02,2.1341213E-02,1.5259253E-02,1.0915652E-02
542.5,1.6199180E+00,1.2119613E+00,8.7552640E-01,6.1882920E-01,4.3228480E-01,3.0026230E-01,2.0825787E-01,1.4466822E-01,1.0094805E-01,7.0862680E-02,4.9848270E-02,3.5104480E-02,2.4742165E-02,1.7450747E-02,1.2316653E-02,8.6995310E-03
547.5,1.6236555E+00,1.1875208E+00,8.3814430E-01,5.7867440E-01,3.9481760E-01,2.6783957E-01,1.8142523E-01,1.2309328E-01,8.3891720E-02,5.7531240E-02,3.9552470E-02,2.7232700E-02,1.8773282E-02,1.2956649E-02,8.9529650E-03,6.1941830E-03
552.5,1.6213186E+00,1.1613946E+00,8.0245560E-01,5.4228230E-01,3.6209810E-01,2.4039199E-01,1.5934886E-01,1.0581023E-01,7.0571850E-02,4.7373590E-02,3.1894090E-02,2.1514263E-02,1.4537063E-02,9.8396140E-03,6.6724060E-03,4.5336690E-03
557.5,1.5769532E+00,1.1158202E+00,7.6140610E-01,5.0811400E-01,3.3499770E-01,2.1957028E-01,1.4369482E-01,9.4188560E-02,6.2010680E-02,4.1095790E-02,2.7323644E-02,1.8208221E-02,1.2159403E-02,8.1368620E-03,5.4585520E-03,3.6714350E-03
562.5,1.5948708E+00,1.1158637E+00,7.5273620E-01,4.9654730E-01,3.2358780E-01,2.0963891E-01,1.3561065E-01,8.7860170E-02,5.7179520E-02,3.7464970E-02,2.4634463E-02,1.6239964E-02,1.0732151E-02,7.1106320E-03,4.7245640E-03,3.1488920E-03
567.5,1.5614882E+00,1.0713076E+00,7.0840910E-01,4.5805300E-01,2.9259409E-01,1.8581562E-01,1.1784577E-01,7.4872360E-02,4.7790000E-02,3.0721822E-02,1.9830232E-02,1.2840602E-02,8.3410610E-03,5.4371560E-03,3.5579770E-03,2.3392540E-03
572.5,1.5666829E+00,1.0367897E+00,6.6081390E-01,4.1183600E-01,2.5362251E-01,1.5534583E-01,9.5063620E-02,5.8315540E-02,3.5961730E-02,2.2352860E-02,1.3966448E-02,8.7663750E-03,5.5292280E-03,3.5069750E-03,2.2386870E-03,1.4403810E-03
577.5,1.5558851E+00,9.7268150E-01,5.8503040E-01,3.4410345E-01,2.0009938E-01,1.1581590E-01,6.7043800E-02,3.8951520E-02,2.2785971E-02,1.3463513E-02,8.0230660E-03,4.8132150E-03,2.9165890E-03,1.7874580E-03,1.1107430E-03,7.0176120E-04
582.5,1.5672086E+00,8.9251010E-01,4.8830010E-01,2.6135315E-01,1.3845386E-01,7.3126020E-02,3.8718158E-02,2.0640096E-02,1.1126887E-02,6.0961830E-03,3.3955260E-03,1.9292090E-03,1.1238470E-03,6.7518710E-04,4.2057700E-04,2.7262800E-04
587.5,1.4522289E+00,7.2686600E-01,3.4904884E-01,1.6415911E-01,7.6599930E-02,3.5775626E-02,1.6849737E-02,8.0657510E-03,3.9629630E-03,2.0243020E-03,1.0850660E-03,6.1754300E-04,3.7631300E-04,2.4575030E-04,1.7067970E-04,1.2445750E-04
592.5,1.4181620E+00,6.0413285E-01,2.4671262E-01,9.8880380E-02,3.9498030E-02,1.5925889E-02,6.5775140E-03,2.8392070E-03,1.3168850E-03,6.7720700E-04,3.9171600E-04,2.5324120E-04,1.7849650E-04,1.3318190E-04,1.0274620E-04,8.0724000E-05
597.5,1.4478739E+00,4.8306591E-01,1.5451318E-01,4.8744166E-02,1.5521647E-02,5.1375420E-03,1.8544580E-03,7.8090200E-04,4.0399100E-04,2.5429050E-04,1.8158390E-04,1.3817330E-04,1.0814400E-04,8.5627600E-05,6.8105700E-05,5.4257900E-05
602.5,1.4630182E+00,3.7936904E-01,9.4463220E-02,2.3411875E-02,6.0232150E-03,1.7404780E-03,6.4086600E-04,3.2470700E-04,2.1067840E-04,1.5567390E-04,1.2063210E-04,9.4920200E-05,7.5041100E-05,5.9402400E-05,4.7034000E-05,3.7238800E-05
607.5,1.4700110E+00,3.3943646E-01,7.5344246E-02,1.6733053E-02,3.9319230E-03,1.0965990E-03,4.2561400E-04,2.3570800E-04,1.6146690E-04,1.2146500E-04,9.4076100E-05,7.3468900E-05,5.7512000E-05,4.5050700E-05,3.5296900E-05,2.7656900E-05
612.5,1.4321268E+00,3.2162782E-01,6.9444493E-02,1.5010391E-02,3.4396690E-03,9.4120500E-04,3.6168800E-04,1.9878790E-04,1.3464230E-04,9.9943500E-05,7.6332800E-05,5.8784700E-05,4.5390800E-05,3.5084500E-05,2.7134600E-05,2.0995620E-05
617.5,1.4254019E+00,3.1041675E-01,6.4993939E-02,1.3624715E-02,3.0306010E-03,8.0840700E-04,3.0530410E-04,1.6574290E-04,1.1075040E-04,8.1042000E-05,6.1002500E-05,4.6305300E-05,3.5253300E-05,2.6877300E-05,2.0512480E-05,1.5668770E-05
622.5,1.4264945E+00,2.9742230E-01,5.9636431E-02,1.1984007E-02,2.5656580E-03,6.6741300E-04,2.5111840E-04,1.3665430E-04,9.0835700E-05,6.5782400E-05,4.8903500E-05,3.6643100E-05,2.7540400E-05,2.0734960E-05,1.5633300E-05,1.1802500E-05
627.5,1.3915987E+00,2.7749978E-01,5.3240325E-02,1.0257814E-02,2.1232150E-03,5.4725460E-04,2.1032130E-04,1.1693120E-04,7.8121500E-05,5.6333700E-05,4.1556400E-05,3.0867600E-05,2.2995300E-05,1.7163360E-05,1.2832120E-05,9.6096600E-06
632.5,1.3908682E+00,2.6396465E-01,4.8224012E-02,8.8704960E-03,1.7728620E-03,4.5608700E-04,1.8153920E-04,1.0409900E-04,7.0314300E-05,5.0712000E-05,3.7272600E-05,2.7554000E-05,2.0424590E-05,1.5168850E-05,1.1285880E-05,8.4119700E-06
637.5,1.3977870E+00,2.4651256E-01,4.1890510E-02,7.2033400E-03,1.3761100E-03,3.5987210E-04,1.5360230E-04,9.2549400E-05,6.3623300E-05,4.6032400E-05,3.3782100E-05,2.4902800E-05,1.8400890E-05,1.3622130E-05,1.0102990E-05,7.5070600E-06
642.5,1.3807278E+00,2.2794582E-01,3.6298172E-02,5.8811340E-03,1.0854380E-03,2.9236760E-04,1.3341260E-04,8.3428400E-05,5.7970700E-05,4.1973400E-05,3.0736300E-05,2.2591800E-05,1.6642810E-05,1.2283640E-05,9.0837200E-06,6.7304600E-06
647.5,1.3215230E+00,2.0523376E-01,3.0783056E-02,4.7305600E-03,8.5433830E-04,2.4115100E-04,1.1758010E-04,7.5652300E-05,5.2868700E-05,3.8233900E-05,2.7915300E-05,2.0451070E-05,1.5016850E-05,1.1049300E-05,8.1470200E-06,6.0199100E-06
652.5,1.3184145E+00,1.8013582E-01,2.3838716E-02,3.2881960E-03,5.7718900E-04,1.8295300E-04,1.0002510E-04,6.6879400E-05,4.6997800E-05,3.3968800E-05,2.4751500E-05,1.8094720E-05,1.3261910E-05,9.7436100E-06,7.1765400E-06,5.2992800E-06
657.5,1.2561900E+00,1.4100208E-01,1.5453662E-02,1.8589010E-03,3.5115230E-04,1.4466070E-04,9.0213000E-05,6.1874900E-05,4.3339200E-05,3.1393200E-05,2.2958100E-05,1.6858220E-05,1.2422210E-05,9.1847300E-06,6.8144300E-06,5.0733100E-06
662.5,1.3429121E+00,1.2781516E-01,1.2043030E-02,1.3666220E-03,3.1761300E-04,1.6209970E-04,1.0616710E-04,7.2378600E-05,4.9893700E-05,3.6575300E-05,2.7225400E-05,2.0380900E-05,1.5329880E-05,1.1582660E-05,8.7893700E-06,6.6970200E-06
667.5,1.3362240E+00,1.1683329E-01,1.0452146E-02,1.3515430E-03,4.4461700E-04,2.6256200E-04,1.7461820E-04,1.1774260E-04,7.9978700E-05,5.9796200E-05,4.5646000E-05,3.5051400E-05,2.7038000E-05,2.0940790E-05,1.6277630E-05,1.2693150E-05
672.5,1.3197762E+00,1.0981640E-01,9.8968390E-03,1.6204940E-03,7.0110800E-04,4.4246500E-04,2.9563600E-04,1.9824840E-04,1.3372550E-04,1.0122590E-04,7.8402500E-05,6.1044400E-05,4.7706500E-05,3.7400500E-05,2.9401600E-05,2.3166100E-05
677.5,1.3110251E+00,1.0267013E-01,9.2474390E-03,1.8186550E-03,9.0530500E-04,5.8588700E-04,3.9166000E-04,2.6173700E-04,1.7579470E-04,1.3371910E-04,1.0413370E-04,8.1486700E-05,6.3976700E-05,5.0368100E-05,3.9748200E-05,3.1427200E-05
682.5,1.2932604E+00,9.2403460E-02,7.8123320E-03,1.6059680E-03,8.3733700E-04,5.4495400E-04,3.6296400E-04,2.4120200E-04,1.6094670E-04,1.2241890E-04,9.5366800E-05,7.4654000E-05,5.8637500E-05,4.6187000E-05,3.6467200E-05,2.8848000E-05
687.5,1.1327394E+00,7.1147416E-02,5.2659060E-03,1.0127460E-03,5.2913900E-04,3.4325500E-04,2.2691200E-04,1.4944930E-04,9.8720700E-05,7.4654000E-05,5.7854400E-05,4.5086400E-05,3.5280600E-05,2.7702900E-05,2.1816800E-05,1.7222230E-05
692.5,1.1429034E+00,5.8935137E-02,3.4461380E-03,5.3487900E-04,2.6930700E-04,1.7359220E-04,1.1392400E-04,7.4467100E-05,4.8775300E-05,3.6393100E-05,2.7828700E-05,2.1436200E-05,1.6608490E-05,1.2932410E-05,1.0113320E-05,7.9368300E-06
697.5,1.1762398E+00,4.5194538E-02,1.9428900E-03,2.5371900E-04,1.2903710E-04,8.2911400E-05,5.3921200E-05,3.4945400E-05,2.2686600E-05,1.6495170E-05,1.2284730E-05,9.2437300E-06,7.0175200E-06,5.3694500E-06,4.1369200E-06,3.2061300E-06
702.5,1.1547010E+00,2.9877618E-02,8.9853110E-04,1.2167720E-04,6.7239000E-05,4.3028800E-05,2.7665200E-05,1.7767340E-05,1.1444880E-05,8.0226100E-06,5.7504900E-06,4.1777600E-06,3.0732000E-06,2.2869000E-06,1.7197740E-06,1.3054570E-06
707.5,1.1841997E+00,1.7674164E-02,3.4954180E-04,6.4536300E-05,3.8467100E-05,2.4187900E-05,1.5244750E-05,9.6346700E-06,6.1246400E-06,4.1065700E-06,2.8079700E-06,1.9497650E-06,1.3747160E-06,9.8389700E-07,7.1439800E-07,5.2577000E-07
712.5,1.1750011E+00,7.7522521E-03,1.1391860E-04,4.0120800E-05,2.4340000E-05,1.4877180E-05,9.1303400E-06,5.6402400E-06,3.5163500E-06,2.2749300E-06,1.4997490E-06,1.0055140E-06,6.8606800E-07,4.7646600E-07,3.3675600E-07,2.4207400E-07
717.5,9.7169112E-01,2.1946439E-03,5.0845300E-05,2.7389400E-05,1.6167320E-05,9.5761000E-06,5.7152700E-06,3.4463000E-06,2.1046500E-06,1.3372450E-06,8.6928900E-07,5.7721000E-07,3.9176900E-07,2.7173800E-07,1.9247710E-07,1.3903450E-07
722.5,9.7056950E-01,6.3211250E-04,3.3251600E-05,1.8646310E-05,1.0585230E-05,6.0585600E-06,3.5120800E-06,2.0672810E-06,1.2381520E-06,7.8007100E-07,5.0646900E-07,3.3812900E-07,2.3208200E-07,1.6349550E-07,1.1794360E-07,8.6868300E-08
727.5,9.5212822E-01,1.6432510E-04,2.2932100E-05,1.2313530E-05,6.6776400E-06,3.6786700E-06,2.0682530E-06,1.1896350E-06,7.0113000E-07,4.4191400E-07,2.8978400E-07,1.9691520E-07,1.3828250E-07,9.9926500E-08,7.3961400E-08,5.5809400E-08
732.5,1.0337622E+00,5.4889500E-05,1.5681320E-05,7.9221800E-06,4.0845200E-06,2.1635500E-06,1.1830020E-06,6.6907100E-07,3.9154700E-07,2.5050700E-07,1.6839620E-07,1.1798620E-07,8.5566600E-08,6.3762000E-08,4.8501700E-08,3.7454500E-08
737.5,1.0843991E+00,2.8799400E-05,1.0859600E-05,5.1120200E-06,2.4968900E-06,1.2744490E-06,6.8293300E-07,3.8443400E-07,2.2672100E-07,1.4999760E-07,1.0491100E-07,7.6480000E-08,5.7468700E-08,4.4108800E-08,3.4347200E-08,2.7004300E-08
742.5,1.1091512E+00,2.1086810E-05,7.8704200E-06,3.4279900E-06,1.5880180E-06,7.8866000E-07,4.2113700E-07,2.4071700E-07,1.4581850E-07,1.0125490E-07,7.4105700E-08,5.6096400E-08,4.3390900E-08,3.4018900E-08,2.6893800E-08,2.1369100E-08
747.5,1.1245235E+00,1.7634890E-05,5.9205200E-06,2.3723600E-06,1.0476240E-06,5.1446600E-07,2.7988200E-07,1.6582320E-07,1.0461970E-07,7.6477900E-08,5.8243300E-08,4.5351100E-08,3.5755900E-08,2.8387800E-08,2.2625400E-08,1.8071200E-08
752.5,1.1159783E+00,1.5072880E-05,4.4997000E-06,1.6551260E-06,7.0387500E-07,3.4933800E-07,1.9797640E-07,1.2313970E-07,8.1050900E-08,6.1716300E-08,4.8258600E-08,3.8188700E-08,3.0400100E-08,2.4271700E-08,1.9407210E-08,1.5528470E-08
757.5,9.7232747E-01,1.2735770E-05,3.4724500E-06,1.1790600E-06,4.8964800E-07,2.5005800E-07,1.4892400E-07,9.6884100E-08,6.5836200E-08,5.1416200E-08,4.0778600E-08,3.2517400E-08,2.5989600E-08,2.0792300E-08,1.6640510E-08,1.3319070E-08
762.5,5.1489133E-01,1.0863040E-05,2.8124700E-06,8.9207400E-07,3.6571700E-07,1.9315200E-07,1.2006260E-07,8.0612500E-08,5.5823400E-08,4.4152500E-08,3.5232100E-08,2.8172500E-08,2.2542200E-08,1.8039700E-08,1.4436210E-08,1.1551570E-08
767.5,9.2380193E-01,1.0571420E-05,2.4304400E-06,7.3371900E-07,2.9848200E-07,1.6140690E-07,1.0288920E-07,7.0182500E-08,4.8994000E-08,3.8928100E-08,3.1117300E-08,2.4893300E-08,1.9915990E-08,1.5932440E-08,1.2744230E-08,1.0192880E-08
772.5,1.0581644E+00,1.0616790E-05,2.2093200E-06,6.4341600E-07,2.5931300E-07,1.4170820E-07,9.1364700E-08,6.2716700E-08,4.3896400E-08,3.4912300E-08,2.7907400E-08,2.2316500E-08,1.7844870E-08,1.4267620E-08,1.1406390E-08,9.1182500E-09
777.5,1.0604706E+00,1.1125750E-05,2.0775670E-06,5.8837300E-07,2.3419200E-07,1.2808960E-07,8.2849300E-08,5.6962900E-08,3.9880100E-08,3.1706900E-08,2.5330900E-08,2.0243400E-08,1.6177110E-08,1.2926540E-08,1.0328670E-08,8.2526100E-09
782.5,1.0535982E+00,1.2512540E-05,1.9882620E-06,5.4897200E-07,2.1553800E-07,1.1761370E-07,7.6129100E-08,5.2356600E-08,3.6644000E-08,2.9113500E-08,2.3243400E-08,1.8562750E-08,1.4824820E-08,1.1839230E-08,9.4549600E-09,7.5509700E-09
787.5,1.0203230E+00,1.4931450E-05,1.9105390E-06,5.1457300E-07,1.9937540E-07,1.0855160E-07,7.0304400E-08,4.8358100E-08,3.3834800E-08,2.6861000E-08,2.1430600E-08,1.7103870E-08,1.3651480E-08,1.0896260E-08,8.6975800E-09,6.9492400E-09
792.5,9.8683690E-01,1.7603560E-05,1.8135570E-06,4.7629000E-07,1.8237230E-07,9.9230700E-08,6.4355700E-08,4.4286800E-08,3.0980800E-08,2.4578300E-08,1.9596660E-08,1.5630360E-08,1.2468140E-08,9.9465100E-09,7.9357100E-09,6.3321200E-09
797.5,9.8180781E-01,1.9757860E-05,1.6908230E-06,4.3287500E-07,1.6417070E-07,8.9477400E-08,5.8171700E-08,4.0065600E-08,2.8027600E-08,2.2221900E-08,1.7706650E-08,1.4114230E-08,1.1252310E-08,8.9719200E-09,7.1547900E-09,5.7065800E-09
802.5,9.6235151E-01,2.0967280E-05,1.5568120E-06,3.8837800E-07,1.4623940E-07,8.0024000E-08,5.2203600E-08,3.5998400E-08,2.5185700E-08,1.9957500E-08,1.5892540E-08,1.2660420E-08,1.0087550E-08,8.0390300E-09,6.4078100E-09,5.1086000E-09
807.5,9.6407623E-01,1.9707980E-05,1.4013170E-06,3.4067800E-07,1.2766810E-07,7.0283600E-08,4.6039200E-08,3.1792500E-08,2.2247100E-08,1.7620120E-08,1.4022380E-08,1.1163720E-08,8.8899300E-09,7.0808600E-09,5.6413300E-09,4.4955500E-09
812.5,8.7649930E-01,1.3113570E-05,1.2026970E-06,2.8514800E-07,1.0671040E-07,5.9242800E-08,3.8996800E-08,2.6972000E-08,1.8876160E-08,1.4944780E-08,1.1885720E-08,9.4567300E-09,7.5261900E-09,5.9914200E-09,4.7710100E-09,3.8002900E-09
817.5,7.6315542E-01,7.5993600E-06,9.8790500E-07,2.2870200E-07,8.5819300E-08,4.8162500E-08,3.1875900E-08,2.2083000E-08,1.5454990E-08,1.2232590E-08,9.7223100E-09,7.7305200E-09,6.1487500E-09,4.8922200E-09,3.8937700E-09,3.1001100E-09
822.5,8.0305289E-01,4.9694200E-06,7.7779900E-07,1.7617890E-07,6.6684800E-08,3.7944400E-08,2.5264400E-08,1.7531340E-08,1.2268280E-08,9.7078400E-09,7.7105900E-09,6.1270200E-09,4.8704800E-09,3.8730600E-09,3.0810800E-09,2.4519700E-09
827.5,8.4361956E-01,3.7466100E-06,6.0473900E-07,1.3448930E-07,5.1770100E-08,2.9973200E-08,2.0087560E-08,1.3960860E-08,9.7679100E-09,7.7267600E-09,6.1330500E-09,4.8704300E-09,3.8693600E-09,3.0753500E-09,2.4453300E-09,1.9451770E-09
832.5,8.3632532E-01,3.0516700E-06,4.7594300E-07,1.0440930E-07,4.1273800E-08,2.4405200E-08,1.6460110E-08,1.1455150E-08,8.0124100E-09,6.3350800E-09,5.0251500E-09,3.9881900E-09,3.1667100E-09,2.5156300E-09,1.9993680E-09,1.5897780E-09
837.5,8.9026732E-01,2.2382030E-06,3.1770300E-07,7.2647100E-08,3.1658000E-08,1.9198750E-08,1.3129510E-08,9.2487900E-09,6.4493900E-09,5.1227200E-09,4.0723800E-09,3.2494900E-09,2.5788400E-09,2.0599900E-09,1.6295860E-09,1.2961520E-09
842.5,9.0548187E-01,1.6701690E-06,2.1257160E-07,5.2751400E-08,2.2588520E-08,1.4751730E-08,1.0087800E-08,7.1317500E-09,5.2317900E-09,4.1263100E-09,3.2694700E-09,2.6366100E-09,2.1150600E-09,1.6935650E-09,1.3493000E-09,1.0834150E-09
847.5,8.9555307E-01,1.4284918E-06,1.6984550E-07,3.7093250E-08,1.7477790E-08,1.1493370E-08,7.9424300E-09,5.5631000E-09,4.2076700E-09,3.3257600E-09,2.6799000E-09,2.1686770E-09,1.7311920E-09,1.3982160E-09,1.1284270E-09,9.1026800E-10
852.5,8.2985322E-01,1.3868282E-06,1.4319561E-07,2.9159770E-08,1.4062560E-08,9.1067300E-09,6.4490800E-09,4.6182300E-09,3.5043300E-09,2.7550000E-09,2.2131580E-09,1.8024490E-09,1.4499510E-09,1.1927900E-09,9.6688000E-10,7.8399000E-10
857.5,8.8148317E-01,1.3024904E-06,1.4116949E-07,2.6464130E-08,1.2355000E-08,7.9063600E-09,5.6550200E-09,4.1687300E-09,3.1074000E-09,2.4563870E-09,1.9742550E-09,1.5921060E-09,1.2908930E-09,1.0539850E-09,8.5043300E-10,7.0324200E-10
862.5,8.9369885E-01,1.2450965E-06,1.1931155E-07,2.4068720E-08,1.0860950E-08,7.1072000E-09,5.0646500E-09,3.7201500E-09,2.7087390E-09,2.1549900E-09,1.7498750E-09,1.4166640E-09,1.1607010E-09,9.4869800E-10,7.7532800E-10,6.3970700E-10
