,0,5,10,15,20,25,30,35,40,45,50,55,60,65,70,75
352.5,6.3428200E-01,4.1797400E-01,2.6946800E-01,1.7305800E-01,1.1238800E-01,7.4134800E-02,4.9835700E-02,3.4220000E-02,2.4050600E-02,1.7104300E-02,1.2154700E-02,8.6317400E-03,6.1265000E-03,4.3461800E-03,3.0818800E-03,2.1844100E-03
357.5,5.6275700E-01,3.8474900E-01,2.5765800E-01,1.7182200E-01,1.1570600E-01,7.9018400E-02,5.4903300E-02,3.8900100E-02,2.8160000E-02,2.0608400E-02,1.5069300E-02,1.1011300E-02,8.0413400E-03,5.8693200E-03,4.2819700E-03,3.1224900E-03
362.5,6.3087500E-01,4.4305600E-01,3.0507300E-01,2.0916000E-01,1.4470100E-01,1.0143300E-01,7.2268900E-02,5.2456400E-02,3.8863900E-02,2.9092800E-02,2.1758900E-02,1.6261700E-02,1.2145700E-02,9.0664800E-03,6.7645700E-03,5.0448500E-03
367.5,7.4305900E-01,5.3232900E-01,3.7420000E-01,2.6193100E-01,1.8494700E-01,1.3226600E-01,9.6104100E-02,7.1098200E-02,5.3665400E-02,4.0916700E-02,3.1167000E-02,2.3721700E-02,1.8042900E-02,1.3715500E-02,1.0420500E-02,7.9134400E-03
372.5,6.4399800E-01,4.6618500E-01,3.3129400E-01,2.3444800E-01,1.6732400E-01,1.2091800E-01,8.8752800E-02,6.6307200E-02,5.0526800E-02,3.8885100E-02,2.9897100E-02,2.2968000E-02,1.7632600E-02,1.3528500E-02,1.0374200E-02,7.9516000E-03
377.5,7.1915800E-01,5.2217300E-01,3.7229400E-01,2.6432400E-01,1.8924400E-01,1.3717400E-01,1.0097300E-01,7.5648600E-02,5.7799800E-02,4.4600000E-02,3.4381800E-02,2.6483300E-02,2.0385400E-02,1.5682100E-02,1.2057500E-02,9.2662400E-03
382.5,5.9660500E-01,4.3721800E-01,3.1476100E-01,2.2567500E-01,1.6314800E-01,1.1939800E-01,8.8726100E-02,6.7094500E-02,5.1736400E-02,4.0286000E-02,3.1339000E-02,2.4358000E-02,1.8919400E-02,1.4686000E-02,1.1393600E-02,8.8350000E-03
387.5,6.5122900E-01,4.8324000E-01,3.5245500E-01,2.5604700E-01,1.8753700E-01,1.3902300E-01,1.0462300E-01,8.0105900E-02,6.2528600E-02,4.9281300E-02,3.8800900E-02,3.0523200E-02,2.3993800E-02,1.8849000E-02,1.4799000E-02,1.1612900E-02
392.5,7.0212600E-01,5.2545800E-01,3.8667400E-01,2.8342500E-01,2.0940800E-01,1.5655800E-01,1.1878500E-01,9.1672900E-02,7.2104900E-02,5.7252200E-02,4.5413900E-02,3.5992200E-02,2.8503800E-02,2.2558700E-02,1.7843200E-02,1.4106100E-02
397.5,8.5357900E-01,6.4501900E-01,4.7941700E-01,3.5493500E-01,2.6484500E-01,1.9993200E-01,1.5315100E-01,1.1929700E-01,9.4688000E-02,7.5862000E-02,6.0713700E-02,4.8546600E-02,3.8787800E-02,3.0969700E-02,2.4712700E-02,1.9709300E-02
402.5,1.1099500E+00,8.4691800E-01,6.3589100E-01,4.7565500E-01,3.5860500E-01,2.7351600E-01,2.1168000E-01,1.6659300E-01,1.3358500E-01,1.0812100E-01,8.7408800E-02,7.0601500E-02,5.6979900E-02,4.5954100E-02,3.7038900E-02,2.9836700E-02
407.5,1.0793400E+00,8.2753800E-01,6.2452900E-01,4.6963400E-01,3.5599200E-01,2.7303000E-01,2.1250000E-01,1.6820500E-01,1.3567200E-01,1.1046500E-01,8.9839200E-02,7.2994400E-02,5.9259200E-02,4.8073900E-02,3.8975000E-02,3.1580300E-02
412.5,1.1640700E+00,8.9335400E-01,6.7494600E-01,5.0816200E-01,3.8571200E-01,2.9625600E-01,2.3094700E-01,1.8312800E-01,1.4799100E-01,1.2074200E-01,9.8396400E-02,8.0108800E-02,6.5165800E-02,5.2971600E-02,4.3031400E-02,3.4936300E-02
417.5,1.1775900E+00,9.0317800E-01,6.8200500E-01,5.1322200E-01,3.8937200E-01,2.9894000E-01,2.3295300E-01,1.8465700E-01,1.4920500E-01,1.2171700E-01,9.9179300E-02,8.0737100E-02,6.5669400E-02,5.3374800E-02,4.3353700E-02,3.5193700E-02
422.5,1.1695900E+00,8.9687400E-01,6.7717800E-01,5.0950700E-01,3.8642700E-01,2.9653100E-01,2.3092300E-01,1.8290000E-01,1.4764900E-01,1.2033300E-01,9.7960500E-02,7.9672400E-02,6.4745300E-02,5.2576800E-02,4.2667900E-02,3.4606500E-02
427.5,1.0793500E+00,8.2690400E-01,6.2380100E-01,4.6891500E-01,3.5527700E-01,2.7232200E-01,2.1181300E-01,1.6754900E-01,1.3507000E-01,1.0993400E-01,8.9377200E-02,7.2597700E-02,5.8919900E-02,4.7784900E-02,3.8729500E-02,3.1370800E-02
432.5,1.0677100E+00,8.1630500E-01,6.1455100E-01,4.6101900E-01,3.4858100E-01,2.6664600E-01,2.0698000E-01,1.6340700E-01,1.3148200E-01,1.0681200E-01,8.6678100E-02,7.0274800E-02,5.6930300E-02,4.6087000E-02,3.7285400E-02,3.0147600E-02
437.5,1.2462900E+00,9.4955700E-01,7.1239500E-01,5.3250400E-01,4.0110000E-01,3.0559000E-01,2.3620600E-01,1.8566300E-01,1.4870400E-01,1.2025200E-01,9.7144700E-02,7.8409200E-02,6.3238200E-02,5.0967900E-02,4.1053300E-02,3.3049300E-02
442.5,1.3302500E+00,1.0119700E+00,7.5808700E-01,5.6569600E-01,4.2519900E-01,3.2312200E-01,2.4901100E-01,1.9504200E-01,1.5560900E-01,1.2531700E-01,1.0082700E-01,8.1054400E-02,6.5111600E-02,5.2271000E-02,4.1937700E-02,3.3629300E-02
447.5,1.3967200E+00,1.0635600E+00,7.9758600E-01,5.9560900E-01,4.4767700E-01,3.3992700E-01,2.6153100E-01,2.0434200E-01,1.6247000E-01,1.3034500E-01,1.0448500E-01,8.3690000E-02,6.6987600E-02,5.3585600E-02,4.2841200E-02,3.4233900E-02
452.5,1.4521800E+00,1.1092000E+00,8.3454300E-01,6.2511600E-01,4.7103000E-01,3.5833300E-01,2.7602600E-01,2.1577000E-01,1.7152600E-01,1.3753700E-01,1.1019200E-01,8.8219100E-02,7.0580800E-02,5.6435700E-02,4.5097900E-02,3.6020300E-02
457.5,1.4600600E+00,1.1228900E+00,8.5091000E-01,6.4188800E-01,4.8686400E-01,3.7262600E-01,2.8859800E-01,2.2668900E-01,1.8094700E-01,1.4564600E-01,1.1713900E-01,9.4143600E-02,7.5612700E-02,6.0694100E-02,4.8693300E-02,3.9046800E-02
462.5,1.4514400E+00,1.1232000E+00,8.5667400E-01,6.5039900E-01,4.9633600E-01,3.8204500E-01,2.9745700E-01,2.3476900E-01,1.8819600E-01,1.5208300E-01,1.2280200E-01,9.9084600E-02,7.9899400E-02,6.4391600E-02,5.1866700E-02,4.1758300E-02
467.5,1.4513600E+00,1.1289400E+00,8.6570900E-01,6.6074900E-01,5.0671200E-01,3.9177100E-01,3.0623500E-01,2.4252200E-01,1.9496800E-01,1.5795800E-01,1.2787700E-01,1.0345100E-01,8.3638300E-02,6.7581500E-02,5.4579200E-02,4.4058000E-02
472.5,1.4639500E+00,1.1435700E+00,8.8084900E-01,6.7522100E-01,5.1982700E-01,4.0327200E-01,3.1611900E-01,2.5091100E-01,2.0203800E-01,1.6389100E-01,1.3285200E-01,1.0762300E-01,8.7132400E-02,7.0503700E-02,5.7020200E-02,4.6094300E-02
477.5,1.4976300E+00,1.1722900E+00,9.0495700E-01,6.9508100E-01,5.3590100E-01,4.1611300E-01,3.2627400E-01,2.5887600E-01,2.0822500E-01,1.6868000E-01,1.3655600E-01,1.1048300E-01,8.9336000E-02,7.2198500E-02,5.8320400E-02,4.7089600E-02
482.5,1.4853200E+00,1.1647200E+00,9.0081300E-01,6.9308900E-01,5.3504500E-01,4.1576900E-01,3.2608000E-01,2.5863400E-01,2.0783300E-01,1.6816400E-01,1.3598000E-01,1.0988900E-01,8.8754400E-02,7.1648000E-02,5.7812000E-02,4.6624800E-02
487.5,1.3823700E+00,1.0863100E+00,8.4207900E-01,6.4926500E-01,5.0205600E-01,3.9060000E-01,3.0654300E-01,2.4315800E-01,1.9530000E-01,1.5788400E-01,1.2756700E-01,1.0301300E-01,8.3133400E-02,6.7062000E-02,5.4073400E-02,4.3582700E-02
492.5,1.4693000E+00,1.1537900E+00,8.9378700E-01,6.8852800E-01,5.3170500E-01,4.1290800E-01,3.2327500E-01,2.5566400E-01,2.0458800E-01,1.6473600E-01,1.3258800E-01,1.0665400E-01,8.5750600E-02,6.8912000E-02,5.5356800E-02,4.4450800E-02
497.5,1.4539600E+00,1.1378600E+00,8.7839300E-01,6.7410300E-01,5.1827000E-01,4.0043400E-01,3.1169800E-01,2.4489800E-01,1.9453300E-01,1.5544100E-01,1.2415000E-01,9.9111800E-02,7.9087700E-02,6.3082900E-02,5.0294000E-02,4.0086900E-02
502.5,1.3994200E+00,1.0837000E+00,8.2755500E-01,6.2793300E-01,4.7698200E-01,3.6384100E-01,2.7939100E-01,2.1637600E-01,1.6926900E-01,1.3314800E-01,1.0470200E-01,8.2308000E-02,6.4681400E-02,5.0811700E-02,3.9903500E-02,3.1325500E-02
507.5,1.4583600E+00,1.1045400E+00,8.2440800E-01,6.1100500E-01,4.5297500E-01,3.3698300E-01,2.5217700E-01,1.9019300E-01,1.4479100E-01,1.1080500E-01,8.4791400E-02,6.4870700E-02,4.9619200E-02,3.7941700E-02,2.9009100E-02,2.2175400E-02
512.5,1.4241500E+00,1.0479600E+00,7.5932200E-01,5.4595400E-01,3.9237200E-01,2.8279600E-01,2.0491200E-01,1.4953300E-01,1.1009000E-01,8.1464200E-02,6.0293200E-02,4.4625200E-02,3.3027800E-02,2.4443500E-02,1.8089600E-02,1.3387000E-02
517.5,1.3205000E+00,9.5769000E-01,6.8366900E-01,4.8410600E-01,3.4245800E-01,2.4281800E-01,1.7299200E-01,1.2407400E-01,8.9720700E-02,6.5197600E-02,4.7394500E-02,3.4458700E-02,2.5056300E-02,1.8221100E-02,1.3251700E-02,9.6385000E-03
522.5,1.4167700E+00,1.0289500E+00,7.3563500E-01,5.2160700E-01,3.6934300E-01,2.6202100E-01,1.8669500E-01,1.3384600E-01,9.6692900E-02,7.0177300E-02,5.0952500E-02,3.7001100E-02,2.6872700E-02,1.9518500E-02,1.4178100E-02,1.0299800E-02
527.5,1.3941900E+00,1.0116100E+00,7.2259700E-01,5.1182000E-01,3.6190200E-01,2.5628200E-01,1.8220400E-01,1.3028300E-01,9.3830000E-02,6.7876500E-02,4.9123000E-02,3.5558400E-02,2.5743800E-02,1.8639900E-02,1.3497800E-02,9.7755600E-03
532.5,1.4108400E+00,1.0191400E+00,7.2469200E-01,5.1090100E-01,3.5944700E-01,2.5319100E-01,1.7899000E-01,1.2721100E-01,9.1035000E-02,6.5426200E-02,4.7045100E-02,3.3837300E-02,2.4342200E-02,1.7514400E-02,1.2604000E-02,9.0716500E-03
537.5,1.4232300E+00,1.0215400E+00,7.2169300E-01,5.0538900E-01,3.5308600E-01,2.4689900E-01,1.7321800E-01,1.2214300E-01,8.6690800E-02,6.1785500E-02,4.4061200E-02,3.1433200E-02,2.2429800E-02,1.6009000E-02,1.1428700E-02,8.1609500E-03
542.5,1.3950700E+00,9.8894900E-01,6.8984600E-01,4.7687100E-01,3.2878200E-01,2.2682700E-01,1.5697100E-01,1.0914900E-01,7.6382300E-02,5.3674300E-02,3.7744900E-02,2.6555600E-02,1.8691000E-02,1.3160000E-02,9.2691300E-03,6.5313900E-03
547.5,1.4050400E+00,9.7451300E-01,6.6476400E-01,4.4923500E-01,3.0269900E-01,2.0405000E-01,1.3794400E-01,9.3698300E-02,6.4044300E-02,4.3961200E-02,3.0205000E-02,2.0767900E-02,1.4288200E-02,9.8361100E-03,6.7756900E-03,4.6706100E-03
552.5,1.4086500E+00,9.5765100E-01,6.4003800E-01,4.2364100E-01,2.7951000E-01,1.8445600E-01,1.2205600E-01,8.1144100E-02,5.4274900E-02,3.6460100E-02,2.4522300E-02,1.6508900E-02,1.1123800E-02,7.5022200E-03,5.0647700E-03,3.4228300E-03
557.5,1.3735300E+00,9.2284900E-01,6.0943100E-01,3.9849600E-01,2.5967300E-01,1.6921600E-01,1.1055600E-01,7.2553300E-02,4.7897900E-02,3.1758800E-02,2.1087100E-02,1.4017200E-02,9.3278700E-03,6.2138700E-03,4.1450900E-03,2.7688900E-03
562.5,1.3907600E+00,9.2439800E-01,6.0378800E-01,3.9044600E-01,2.5158300E-01,1.6209600E-01,1.0470200E-01,6.7922900E-02,4.4326600E-02,2.9055400E-02,1.9075100E-02,1.2539300E-02,8.2533000E-03,5.4397100E-03,3.5906400E-03,2.3738400E-03
567.5,1.3657000E+00,8.9076500E-01,5.7073100E-01,3.6195700E-01,2.2869700E-01,1.4447100E-01,9.1494700E-02,5.8199700E-02,3.7240800E-02,2.3939100E-02,1.5417300E-02,9.9448900E-03,6.4255700E-03,4.1592700E-03,2.6976800E-03,1.7542000E-03
572.5,1.3761000E+00,8.6674300E-01,5.3591400E-01,3.2789600E-01,1.9985800E-01,1.2180800E-01,7.4435000E-02,4.5701200E-02,2.8234200E-02,1.7530800E-02,1.0911600E-02,6.8073200E-03,4.2573300E-03,2.6700300E-03,1.6802400E-03,1.0617300E-03
577.5,1.3736600E+00,8.1867800E-01,4.7849200E-01,2.7664800E-01,1.5934700E-01,9.1794900E-02,5.3048300E-02,3.0818200E-02,1.8030000E-02,1.0612800E-02,6.2702600E-03,3.7195000E-03,2.2166300E-03,1.3286000E-03,8.0216900E-04,4.8878900E-04
582.5,1.3920200E+00,7.5755800E-01,4.0372100E-01,2.1276000E-01,1.1173400E-01,5.8727400E-02,3.0998700E-02,1.6473400E-02,8.8337800E-03,4.7798400E-03,2.6065400E-03,1.4352500E-03,8.0049200E-04,4.5417300E-04,2.6352000E-04,1.5730700E-04
587.5,1.2968700E+00,6.2207800E-01,2.9174400E-01,1.3529400E-01,6.2577600E-02,2.9019200E-02,1.3549300E-02,6.3954100E-03,3.0661600E-03,1.4990800E-03,7.5088800E-04,3.8928200E-04,2.1150800E-04,1.2196000E-04,7.5231800E-05,4.9640400E-05
592.5,1.2724600E+00,5.2112300E-01,2.0836200E-01,8.2411100E-02,3.2568300E-02,1.2949800E-02,5.2184600E-03,2.1518600E-03,9.2128800E-04,4.1777800E-04,2.0574000E-04,1.1269200E-04,6.9159500E-05,4.6839000E-05,3.4049100E-05,2.5867700E-05
597.5,1.3050600E+00,4.2028200E-01,1.3197400E-01,4.1055200E-02,1.2826200E-02,4.0795800E-03,1.3511600E-03,4.8554600E-04,2.0129200E-04,1.0172100E-04,6.2456900E-05,4.3857900E-05,3.3086100E-05,2.5790000E-05,2.0381000E-05,1.6194800E-05
602.5,1.3227600E+00,3.3222600E-01,8.1338800E-02,1.9796700E-02,4.8909600E-03,1.2706700E-03,3.7488900E-04,1.4180100E-04,7.3456500E-05,4.8418700E-05,3.5935900E-05,2.7865800E-05,2.1924300E-05,1.7327900E-05,1.3712700E-05,1.0854400E-05
607.5,1.3307800E+00,2.9807700E-01,6.5089600E-02,1.4157300E-02,3.1490000E-03,7.5550600E-04,2.2020300E-04,9.0349300E-05,5.2023800E-05,3.6455000E-05,2.7601500E-05,2.1406700E-05,1.6720600E-05,1.3087300E-05,1.0249700E-05,8.0288600E-06
612.5,1.2971700E+00,2.8270100E-01,6.0064100E-02,1.2714700E-02,2.7550500E-03,6.4601900E-04,1.8557500E-04,7.5746900E-05,4.3388000E-05,3.0101100E-05,2.2501300E-05,1.7213200E-05,1.3260800E-05,1.0239400E-05,7.9140400E-06,6.1202100E-06
617.5,1.2917900E+00,2.7312300E-01,5.6294200E-02,1.1561900E-02,2.4317900E-03,5.5480800E-04,1.5604600E-04,6.2965800E-05,3.5732300E-05,2.4496500E-05,1.8063500E-05,1.3622200E-05,1.0345600E-05,7.8774700E-06,6.0061800E-06,4.5839400E-06
622.5,1.2931200E+00,2.6193200E-01,5.1726600E-02,1.0183900E-02,2.0568600E-03,4.5346800E-04,1.2557700E-04,5.0970800E-05,2.9103900E-05,1.9873600E-05,1.4508400E-05,1.0807500E-05,8.1031000E-06,6.0917000E-06,4.5871300E-06,3.4589400E-06
627.5,1.2622000E+00,2.4465600E-01,4.6238200E-02,8.7191100E-03,1.6923500E-03,3.6310100E-04,1.0091200E-04,4.2273300E-05,2.4703500E-05,1.6954300E-05,1.2322800E-05,9.1083200E-06,6.7701200E-06,5.0451500E-06,3.7665100E-06,2.8166100E-06
632.5,1.2622600E+00,2.3299000E-01,4.1936600E-02,7.5390900E-03,1.4013400E-03,2.9297800E-04,8.2694900E-05,3.6296800E-05,2.1891800E-05,1.5174100E-05,1.1025200E-05,8.1184800E-06,6.0058400E-06,4.4534700E-06,3.3084600E-06,2.4622300E-06
637.5,1.2693700E+00,2.1789800E-01,3.6484300E-02,6.1129600E-03,1.0683700E-03,2.1738900E-04,6.4351200E-05,3.0693100E-05,1.9402700E-05,1.3653700E-05,9.9429300E-06,7.3088300E-06,5.3914700E-06,3.9854400E-06,2.9514600E-06,2.1897300E-06
642.5,1.2545900E+00,2.0173600E-01,3.1650900E-02,4.9793600E-03,8.2537500E-04,1.6575300E-04,5.2089000E-05,2.6715500E-05,1.7444300E-05,1.2378000E-05,9.0139000E-06,6.6106200E-06,4.8623700E-06,3.5836400E-06,2.6461600E-06,1.9576400E-06
647.5,1.2014100E+00,1.8182600E-01,2.6861200E-02,3.9893300E-03,6.3245900E-04,1.2751300E-04,4.3158300E-05,2.3610700E-05,1.5765800E-05,1.1229400E-05,8.1638800E-06,5.9692800E-06,4.3764900E-06,3.2154200E-06,2.3671500E-06,1.7462900E-06
652.5,1.1994600E+00,1.5988200E-01,2.0822800E-02,2.7437700E-03,3.9962000E-04,8.3799900E-05,3.3332800E-05,2.0147500E-05,1.3821400E-05,9.8881000E-06,7.1830200E-06,5.2417700E-06,3.8355600E-06,2.8133300E-06,2.0685000E-06,1.5246500E-06
657.5,1.1434600E+00,1.2537500E-01,1.3470900E-02,1.4927300E-03,2.0380100E-04,5.3005900E-05,2.7387600E-05,1.8089600E-05,1.2552000E-05,9.0026000E-06,6.5636200E-06,4.8092400E-06,3.5363200E-06,2.6090300E-06,1.9313800E-06,1.4346600E-06
662.5,1.2230700E+00,1.1375400E-01,1.0416600E-02,1.0195900E-03,1.4813600E-04,5.1729500E-05,3.0941700E-05,2.0821200E-05,1.4248800E-05,1.0273500E-05,7.6153200E-06,5.6844700E-06,4.2642500E-06,3.2134800E-06,2.4322700E-06,1.8488000E-06
667.5,1.2169900E+00,1.0374800E-01,8.8040200E-03,8.6575900E-04,1.6626200E-04,7.7854400E-05,4.9850900E-05,3.3487800E-05,2.2545800E-05,1.6446000E-05,1.2496200E-05,9.5706400E-06,7.3660000E-06,5.6931900E-06,4.4170800E-06,3.4388800E-06
672.5,1.2015300E+00,9.7008700E-02,7.9504000E-03,8.5965000E-04,2.2914000E-04,1.2716600E-04,8.3562700E-05,5.6005300E-05,3.7397400E-05,2.7509200E-05,2.1216100E-05,1.6485800E-05,1.2863100E-05,1.0070200E-05,7.9067500E-06,6.2239600E-06
677.5,1.1932300E+00,9.0249500E-02,7.0812200E-03,8.3778400E-04,2.7786900E-04,1.6612800E-04,1.1010800E-04,7.3628900E-05,4.8934800E-05,3.6125700E-05,2.8023500E-05,2.1892400E-05,1.7165900E-05,1.3499600E-05,1.0643200E-05,8.4093900E-06
682.5,1.1775600E+00,8.1225000E-02,5.8732300E-03,6.9477700E-04,2.5048900E-04,1.5353400E-04,1.0171000E-04,6.7667200E-05,4.4677900E-05,3.2968200E-05,2.5588000E-05,1.9998000E-05,1.5687800E-05,1.2343500E-05,9.7370000E-06,7.6976400E-06
687.5,1.0324000E+00,6.2817100E-02,3.9988200E-03,4.3176700E-04,1.5651300E-04,9.6411600E-05,6.3493200E-05,4.1879900E-05,2.7383400E-05,2.0094500E-05,1.5513200E-05,1.2066100E-05,9.4269900E-06,7.3922800E-06,5.8149600E-06,4.5865000E-06
692.5,1.0429900E+00,5.2443400E-02,2.7210900E-03,2.3536100E-04,7.9355300E-05,4.8664100E-05,3.1842600E-05,2.0844000E-05,1.3529800E-05,9.8200600E-06,7.4772800E-06,5.7440800E-06,4.4401700E-06,3.4504800E-06,2.6936600E-06,2.1111200E-06
697.5,1.0744800E+00,4.0452900E-02,1.5654500E-03,1.0857700E-04,3.7426900E-05,2.3211100E-05,1.5072900E-05,9.7790900E-06,6.3039400E-06,4.4802600E-06,3.3201700E-06,2.4885300E-06,1.8825800E-06,1.4359400E-06,1.1032600E-06,8.5307200E-07
702.5,1.0552700E+00,2.6838100E-02,7.1224900E-04,4.5631400E-05,1.9109200E-05,1.2048000E-05,7.7410100E-06,4.9725800E-06,3.1873600E-06,2.1982800E-06,1.5672400E-06,1.1330000E-06,8.2952900E-07,6.1457500E-07,4.6030000E-07,3.4817600E-07
707.5,1.0830000E+00,1.5921900E-02,2.5701100E-04,2.0438300E-05,1.0822000E-05,6.7795700E-06,4.2691300E-06,2.6960200E-06,1.7082300E-06,1.1341700E-06,7.7162100E-07,5.3303700E-07,3.7384800E-07,2.6615900E-07,1.9226800E-07,1.4083200E-07
712.5,1.0753100E+00,6.9862800E-03,6.2990700E-05,1.1427100E-05,6.8047900E-06,4.1542600E-06,2.5462500E-06,1.5707200E-06,9.7667300E-07,6.2783600E-07,4.1202200E-07,2.7488500E-07,1.8656300E-07,1.2885400E-07,9.0566800E-08,6.4758900E-08
717.5,8.8978100E-01,1.9556400E-03,1.7095300E-05,7.6158300E-06,4.4862000E-06,2.6532500E-06,1.5807300E-06,9.5133100E-07,5.7928100E-07,3.6576800E-07,2.3657500E-07,1.5623100E-07,1.0542400E-07,7.2692300E-08,5.1191200E-08,3.6779600E-08
722.5,8.8922100E-01,5.4281700E-04,9.4158900E-06,5.1477300E-06,2.9168200E-06,1.6658800E-06,9.6332400E-07,5.6553300E-07,3.3747500E-07,2.1107700E-07,1.3621200E-07,9.0361200E-08,6.1621700E-08,4.3142200E-08,3.0944500E-08,2.2678900E-08
727.5,8.7270600E-01,1.2385200E-04,6.3218000E-06,3.3819500E-06,1.8291800E-06,1.0046400E-06,5.6290400E-07,3.2258400E-07,1.8921000E-07,1.1821400E-07,7.6958000E-08,5.1923000E-08,3.6219100E-08,2.6018300E-08,1.9161400E-08,1.4401300E-08
732.5,9.4788700E-01,3.0436300E-05,4.3025400E-06,2.1669700E-06,1.1131000E-06,5.8709200E-07,3.1947600E-07,1.7976000E-07,1.0453700E-07,6.6187600E-08,4.4135100E-08,3.0700800E-08,2.2130000E-08,1.6410900E-08,1.2436800E-08,9.5782200E-09
737.5,9.9459700E-01,1.1317900E-05,2.9764800E-06,1.3951600E-06,6.7785700E-07,3.4387900E-07,1.8302400E-07,1.0230400E-07,5.9852400E-08,3.9134900E-08,2.7155300E-08,1.9673100E-08,1.4714600E-08,1.1256700E-08,8.7455200E-09,6.8655400E-09
742.5,1.0175000E+00,7.2557500E-06,2.1616700E-06,9.3576300E-07,4.3015100E-07,2.1173700E-07,1.1200300E-07,6.3443900E-08,3.8076700E-08,2.6126600E-08,1.8996600E-08,1.4316000E-08,1.1041200E-08,8.6402300E-09,6.8224900E-09,5.4170800E-09
747.5,1.0317600E+00,6.0398000E-06,1.6336500E-06,6.4881500E-07,2.8324400E-07,1.3733600E-07,7.3801800E-08,4.3279800E-08,2.7051500E-08,1.9564300E-08,1.4833900E-08,1.1520100E-08,9.0689000E-09,7.1937100E-09,5.7305600E-09,4.5758200E-09
752.5,1.0237500E+00,5.1986400E-06,1.2479300E-06,4.5334100E-07,1.8962200E-07,9.2519500E-08,5.1699500E-08,3.1846100E-08,2.0796000E-08,1.5699000E-08,1.2245600E-08,9.6779300E-09,7.6988600E-09,6.1446400E-09,4.9122100E-09,3.9301300E-09
757.5,8.9208300E-01,4.2717100E-06,9.6722700E-07,3.2305900E-07,1.3119800E-07,6.5634600E-08,3.8545700E-08,2.4881600E-08,1.6807100E-08,1.3037000E-08,1.0327600E-08,8.2309700E-09,6.5769600E-09,5.2611000E-09,4.2103200E-09,3.3699200E-09
762.5,4.7245700E-01,3.3992600E-06,7.8657900E-07,2.4449900E-07,9.7484300E-08,5.0324800E-08,3.0886300E-08,2.0618600E-08,1.4214500E-08,1.1179000E-08,8.9159600E-09,7.1280000E-09,5.7030000E-09,4.5637600E-09,3.6520700E-09,2.9223600E-09
767.5,8.4777900E-01,3.6582800E-06,6.8243600E-07,2.0132400E-07,7.9328600E-08,4.1884900E-08,2.6393100E-08,1.7922500E-08,1.2465200E-08,9.8524700E-09,7.8736600E-09,6.2982900E-09,5.0388500E-09,4.0309500E-09,3.2243200E-09,2.5788700E-09
772.5,9.7118200E-01,4.0134500E-06,6.2287300E-07,1.7694100E-07,6.8878800E-08,3.6722100E-08,2.3417400E-08,1.6011800E-08,1.1168600E-08,8.8371200E-09,7.0628500E-09,5.6476400E-09,4.5159600E-09,3.6106500E-09,2.8865500E-09,2.3075500E-09
777.5,9.7338800E-01,4.6625300E-06,5.8833200E-07,1.6233700E-07,6.2282400E-08,3.3201900E-08,2.1240600E-08,1.4549000E-08,1.0151400E-08,8.0286600E-09,6.4132800E-09,5.1250200E-09,4.0954900E-09,3.2725500E-09,2.6148200E-09,2.0892800E-09
782.5,9.6714800E-01,6.0461500E-06,5.6598700E-07,1.5210100E-07,5.7446400E-08,3.0517200E-08,1.9532700E-08,1.3382900E-08,9.3344100E-09,7.3759200E-09,5.8879200E-09,4.7020600E-09,3.7551600E-09,2.9988600E-09,2.3949000E-09,1.9126500E-09
787.5,9.3666800E-01,8.3616500E-06,5.4702000E-07,1.4323100E-07,5.3269300E-08,2.8199800E-08,1.8054900E-08,1.2372100E-08,8.6259700E-09,6.8094700E-09,5.4320700E-09,4.3351800E-09,3.4600600E-09,2.7616900E-09,2.2043800E-09,1.7597100E-09
792.5,9.0600200E-01,1.0963500E-05,5.2201400E-07,1.3311300E-07,4.8818900E-08,2.5799900E-08,1.6538400E-08,1.1338600E-08,7.9037400E-09,6.2339500E-09,4.9697600E-09,3.9637200E-09,3.1617300E-09,2.5222300E-09,2.0122900E-09,1.6056700E-09
797.5,9.0146300E-01,1.3162000E-05,4.8879800E-07,1.2134200E-07,4.3989400E-08,2.3269800E-08,1.4953600E-08,1.0262000E-08,7.1533400E-09,5.6381500E-09,4.4919800E-09,3.5804500E-09,2.8543800E-09,2.2758400E-09,1.8148600E-09,1.4475100E-09
802.5,8.8368300E-01,1.4527300E-05,4.5173900E-07,1.0911500E-07,3.9194600E-08,2.0807500E-08,1.3420000E-08,9.2221500E-09,6.4296800E-09,5.0647900E-09,4.0327000E-09,3.2123900E-09,2.5594900E-09,2.0396600E-09,1.6257400E-09,1.2961100E-09
807.5,8.8511100E-01,1.3693100E-05,4.0738200E-07,9.5769800E-08,3.4183200E-08,1.8258100E-08,1.1829800E-08,8.1427700E-09,5.6788200E-09,4.4714400E-09,3.5580400E-09,2.8325500E-09,2.2555400E-09,1.7964900E-09,1.4312200E-09,1.1405200E-09
812.5,8.0482500E-01,8.0915700E-06,3.4878200E-07,7.9918700E-08,2.8474600E-08,1.5354100E-08,1.0005200E-08,6.9000500E-09,4.8138800E-09,3.7901700E-09,3.0140500E-09,2.3979700E-09,1.9083600E-09,1.5191400E-09,1.2096600E-09,9.6353300E-10
817.5,7.0087400E-01,3.5730200E-06,2.8482600E-07,6.3715500E-08,2.2779600E-08,1.2440500E-08,8.1595700E-09,5.6387600E-09,3.9353100E-09,3.0990000E-09,2.4628200E-09,1.9581700E-09,1.5574400E-09,1.2391200E-09,9.8618900E-10,7.8516600E-10
822.5,7.3766200E-01,1.7466600E-06,2.2241900E-07,4.8682000E-08,1.7585000E-08,9.7621500E-09,6.4494800E-09,4.4662200E-09,3.1178300E-09,2.4560400E-09,1.9505800E-09,1.5499100E-09,1.2319900E-09,9.7965700E-10,7.7930200E-10,6.2017000E-10
827.5,7.7506500E-01,1.1360200E-06,1.7165700E-07,3.6867300E-08,1.3566200E-08,7.6833800E-09,5.1155700E-09,3.5494400E-09,2.4781900E-09,1.9525000E-09,1.5496700E-09,1.2305700E-09,9.7759800E-10,7.7695900E-10,6.1776300E-10,4.9140100E-10
832.5,7.6848300E-01,8.8727900E-07,1.3444400E-07,2.8434500E-08,1.0758200E-08,6.2410300E-09,4.1845400E-09,2.9083600E-09,2.0304800E-09,1.5995500E-09,1.2687000E-09,1.0068500E-09,7.9942700E-10,6.3503900E-10,5.0469300E-10,4.0129400E-10
837.5,8.1817700E-01,8.7062500E-07,1.0468600E-07,2.1594800E-08,8.7668100E-09,5.1063300E-09,3.4598300E-09,2.4261600E-09,1.6595500E-09,1.3070200E-09,1.0360100E-09,8.2170600E-10,6.5208200E-10,5.2392400E-10,4.1130600E-10,3.2691500E-10
842.5,8.3228100E-01,8.2933700E-07,9.6404100E-08,2.0130600E-08,7.1196500E-09,4.4271600E-09,2.9338100E-09,2.0282300E-09,1.4298600E-09,1.1053100E-09,8.6125900E-10,6.8830400E-10,5.4900500E-10,4.3322800E-10,3.4319500E-10,2.7684900E-10
847.5,8.2326500E-01,7.6087200E-07,8.4924600E-08,1.5547400E-08,6.1804500E-09,3.8061400E-09,2.5517400E-09,1.7075900E-09,1.2148200E-09,9.3626900E-10,7.4077700E-10,5.9260400E-10,4.6497000E-10,3.7087100E-10,2.9369400E-10,2.3327600E-10
852.5,7.6299000E-01,7.4787300E-07,7.3115200E-08,1.2800300E-08,5.4135900E-09,3.2930700E-09,2.2655100E-09,1.5081800E-09,1.0828800E-09,8.1862000E-10,6.4485200E-10,5.1811400E-10,4.0291600E-10,3.2474900E-10,2.5613300E-10,2.0155100E-10
857.5,8.1056400E-01,7.0108200E-07,7.2785800E-08,1.1892500E-08,4.8826700E-09,2.9479500E-09,2.0212100E-09,1.4071600E-09,9.7708900E-10,7.4418400E-10,5.8024700E-10,4.5811000E-10,3.6481200E-10,2.9072700E-10,2.2712100E-10,1.8288300E-10
862.5,8.2189900E-01,6.7033600E-07,6.1782700E-08,1.1132500E-08,4.4909100E-09,2.7910900E-09,1.8821200E-09,1.3109100E-09,8.8533000E-10,6.7708100E-10,5.3378200E-10,4.1958300E-10,3.3491100E-10,2.6563100E-10,2.0881800E-10,1.6702100E-10
