,0,5,10,15,20,25,30,35,40,45,50,55,60,65,70,75,80,85,90,95,100,105,110,115,120,125,130,135,140,145,150,155,160,165,170,175,180,185,190,195,200
352.5,7.4678120E-01,1.4688979E-01,2.2196950E-02,3.6044390E-03,5.9798110E-04,8.8957010E-05,1.5828848E-05,3.7915950E-06,1.0834849E-06,2.8791590E-07,7.5835810E-08,2.1634130E-08,6.0737190E-09,2.4781810E-09,8.0599130E-10,4.4493250E-10,2.2581500E-10,1.2049990E-10,7.3406690E-11,4.5187960E-11,2.9597880E-11,1.9431670E-11,1.2850550E-11,8.6884190E-12,5.9425700E-12,4.0899840E-12,2.8208090E-12,1.9641220E-12,1.3700610E-12,9.4233240E-13,6.5048630E-13,4.5341450E-13,3.1538640E-13,2.1271090E-13,1.4173320E-13,9.5326800E-14,6.4865090E-14,4.4052590E-14,3.0569910E-14,2.1086370E-14,1.4575050E-14
357.5,6.6482010E-01,1.5285249E-01,2.6882210E-02,5.0147070E-03,9.5237520E-04,1.6350039E-04,3.3106300E-05,8.8208000E-06,2.7661620E-06,8.1117920E-07,2.3596330E-07,7.3890830E-08,2.2814570E-08,9.9503170E-09,3.5232520E-09,2.0345620E-09,1.0872996E-09,6.0886080E-10,3.8548400E-10,2.4650370E-10,1.6697270E-10,1.1336330E-10,7.7484920E-11,5.4060730E-11,3.8128650E-11,2.7047060E-11,1.9223760E-11,1.3783830E-11,9.9001100E-12,7.0176130E-12,4.9914980E-12,3.5823270E-12,2.5660800E-12,1.7860480E-12,1.2292540E-12,8.5342770E-13,5.9900740E-13,4.1965100E-13,2.9995960E-13,2.1322910E-13,1.5185480E-13
362.5,7.4647590E-01,1.8921100E-01,3.6584910E-02,7.4423100E-03,1.5377331E-03,2.8856910E-04,6.3346380E-05,1.8053730E-05,6.0085580E-06,1.8759330E-06,5.8122740E-07,1.9318460E-07,6.3377520E-08,2.8894380E-08,1.0807624E-08,6.4452150E-09,3.5692730E-09,2.0674590E-09,1.3468590E-09,8.8570860E-10,6.1548670E-10,4.2863210E-10,3.0044970E-10,2.1477270E-10,1.5511750E-10,1.1264620E-10,8.1957220E-11,6.0136130E-11,4.4193400E-11,3.2068290E-11,2.3344220E-11,1.7140780E-11,1.2561260E-11,8.9559810E-12,6.3170590E-12,4.4936700E-12,3.2302320E-12,2.3178680E-12,1.6957750E-12,1.2338630E-12,8.9941010E-13
367.5,8.7917130E-01,2.3628150E-01,4.8340600E-02,1.0353155E-02,2.2490320E-03,4.4487290E-04,1.0245995E-04,3.0418460E-05,1.0501256E-05,3.4064750E-06,1.0968710E-06,3.7818970E-07,1.2877271E-07,6.0430520E-08,2.3388320E-08,1.4273430E-08,8.1004210E-09,4.8046910E-09,3.1977830E-09,2.1475620E-09,1.5222910E-09,1.0811770E-09,7.7279280E-10,5.6311320E-10,4.1449190E-10,3.0669540E-10,2.2733800E-10,1.6990750E-10,1.2716540E-10,9.3995800E-11,6.9702440E-11,5.2121550E-11,3.8897080E-11,2.8253000E-11,2.0309080E-11,1.4722650E-11,1.0783100E-11,7.8844890E-12,5.8750590E-12,4.3547330E-12,3.2335700E-12
372.5,7.6194290E-01,2.1221470E-01,4.4936580E-02,9.9269650E-03,2.2223980E-03,4.5380740E-04,1.0756018E-04,3.2699230E-05,1.1530122E-05,3.8246550E-06,1.2594142E-06,4.4353230E-07,1.5428260E-07,7.3579810E-08,2.9023630E-08,1.7922450E-08,1.0306628E-08,6.1894820E-09,4.1635820E-09,2.8262770E-09,2.0235590E-09,1.4517230E-09,1.0480480E-09,7.7110630E-10,5.7300960E-10,4.2805630E-10,3.2029020E-10,2.4161820E-10,1.8253950E-10,1.3622500E-10,1.0197580E-10,7.6972220E-11,5.7988220E-11,4.2530550E-11,3.0875350E-11,2.2601440E-11,1.6714180E-11,1.2339480E-11,9.2817210E-12,6.9451630E-12,5.2058610E-12
377.5,8.5001120E-01,2.3998770E-01,5.1448210E-02,1.1483540E-02,2.5966910E-03,5.3594000E-04,1.2819856E-04,3.9245750E-05,1.3925867E-05,4.6507960E-06,1.5418440E-06,5.4637120E-07,1.9121130E-07,9.1612100E-08,3.6305070E-08,2.2475480E-08,1.2969830E-08,7.8108960E-09,5.2662020E-09,3.5835730E-09,2.5718290E-09,1.8498310E-09,1.3386370E-09,9.8732500E-10,7.3552310E-10,5.5083280E-10,4.1321800E-10,3.1252140E-10,2.3672370E-10,1.7712230E-10,1.3294270E-10,1.0060380E-10,7.6003840E-11,5.5909880E-11,4.0702420E-11,2.9872400E-11,2.2149610E-11,1.6393390E-11,1.2363740E-11,9.2754930E-12,6.9704720E-12
382.5,7.0463150E-01,2.0382490E-01,4.4711030E-02,1.0187526E-02,2.3501380E-03,4.9533620E-04,1.2076552E-04,3.7575340E-05,1.3531728E-05,4.5893940E-06,1.5452830E-06,5.5570820E-07,1.9738770E-07,9.5741190E-08,3.8458420E-08,2.4052390E-08,1.4029010E-08,8.5363990E-09,5.8114620E-09,3.9929210E-09,2.8926300E-09,2.1001550E-09,1.5339290E-09,1.1418690E-09,8.5841340E-10,6.4872620E-10,4.9109460E-10,3.7479440E-10,2.8646840E-10,2.1628270E-10,1.6378800E-10,1.2506960E-10,9.5340140E-11,7.0780020E-11,5.1999600E-11,3.8514590E-11,2.8818100E-11,2.1523430E-11,1.6379110E-11,1.2400580E-11,9.4033340E-12
387.5,7.6888990E-01,2.2982810E-01,5.2037830E-02,1.2203649E-02,2.8952500E-03,6.2835410E-04,1.5737450E-04,5.0116630E-05,1.8431570E-05,6.3893090E-06,2.1990730E-06,8.0767340E-07,2.9304540E-07,1.4460050E-07,5.9237110E-08,3.7581270E-08,2.2250680E-08,1.3738350E-08,9.4804730E-09,6.6014880E-09,4.8442390E-09,3.5620450E-09,2.6347640E-09,1.9858940E-09,1.5114660E-09,1.1563570E-09,8.8609420E-10,6.8444530E-10,5.2947110E-10,4.0459860E-10,3.1011450E-10,2.3966050E-10,1.8488780E-10,1.3891240E-10,1.0331120E-10,7.7453050E-11,5.8668330E-11,4.4359740E-11,3.4168460E-11,2.6181520E-11,2.0095010E-11
392.5,8.2898330E-01,2.5547220E-01,5.9569450E-02,1.4344276E-02,3.4916510E-03,7.7858050E-04,1.9981990E-04,6.4930150E-05,2.4313270E-05,8.5895480E-06,3.0132250E-06,1.1268054E-06,4.1631320E-07,2.0823840E-07,8.6687500E-08,5.5537140E-08,3.3245070E-08,2.0737730E-08,1.4436060E-08,1.0139900E-08,7.5011350E-09,5.5602990E-09,4.1460850E-09,3.1494530E-09,2.4154570E-09,1.8619880E-09,1.4376520E-09,1.1188470E-09,8.7195740E-10,6.7143800E-10,5.1855300E-10,4.0374380E-10,3.1382020E-10,2.3765760E-10,1.7815500E-10,1.3462700E-10,1.0275980E-10,7.8291780E-11,6.0759490E-11,4.6911530E-11,3.6278230E-11
397.5,1.0091056E+00,3.1920730E-01,7.6365580E-02,1.8837340E-02,4.6950880E-03,1.0734042E-03,2.8182880E-04,9.3368840E-05,3.5576460E-05,1.2799578E-05,4.5731070E-06,1.7401000E-06,6.5425230E-07,3.3182560E-07,1.4035450E-07,9.0905730E-08,5.5055770E-08,3.4729640E-08,2.4421950E-08,1.7326500E-08,1.2939990E-08,9.6810140E-09,7.2862400E-09,5.5858450E-09,4.3230650E-09,3.3626200E-09,2.6195930E-09,2.0570210E-09,1.6174850E-09,1.2566030E-09,9.7910500E-10,7.6911310E-10,6.0314380E-10,4.6085120E-10,3.4863820E-10,2.6587180E-10,2.0478700E-10,1.5745340E-10,1.2329050E-10,9.6042700E-11,7.4936870E-11
402.5,1.3112412E+00,4.2349780E-01,1.0334578E-01,2.5955020E-02,6.5830320E-03,1.5326000E-03,4.0917830E-04,1.3755289E-04,5.3123000E-05,1.9378330E-05,7.0202940E-06,2.7073580E-06,1.0318417E-06,5.2949870E-07,2.2684120E-07,1.4851780E-07,9.0918450E-08,5.7973610E-08,4.1204500E-08,2.9541410E-08,2.2294770E-08,1.6856110E-08,1.2818090E-08,9.9280000E-09,7.7630220E-09,6.1000470E-09,4.8004540E-09,3.8075560E-09,3.0240580E-09,2.3728680E-09,1.8674180E-09,1.4815350E-09,1.1732710E-09,9.0522200E-10,6.9160870E-10,5.3266890E-10,4.1439650E-10,3.2185560E-10,2.5454520E-10,2.0027260E-10,1.5783010E-10
407.5,1.2738527E+00,4.1422860E-01,1.0170989E-01,2.5678490E-02,6.5455370E-03,1.5319290E-03,4.1091810E-04,1.3870507E-04,5.3783280E-05,1.9699210E-05,7.1658020E-06,2.7746510E-06,1.0616097E-06,5.4709860E-07,2.3523260E-07,1.5474800E-07,9.5154650E-08,6.0953570E-08,4.3551050E-08,3.1387250E-08,2.3820290E-08,1.8109130E-08,1.3847390E-08,1.0786110E-08,8.4823380E-09,6.7034340E-09,5.3054410E-09,4.2322880E-09,3.3807530E-09,2.6673770E-09,2.1109200E-09,1.6842410E-09,1.3413070E-09,1.0405380E-09,7.9920170E-10,6.1890850E-10,4.8417400E-10,3.7810820E-10,3.0074610E-10,2.3795680E-10,1.8858940E-10
412.5,1.3721844E+00,4.4622820E-01,1.0948646E-01,2.7601490E-02,7.0256000E-03,1.6419880E-03,4.3966130E-04,1.4811640E-04,5.7340640E-05,2.0968920E-05,7.6148270E-06,2.9435430E-06,1.1241605E-06,5.7887810E-07,2.4837910E-07,1.6338670E-07,1.0044442E-07,6.4324530E-08,4.5982940E-08,3.3162580E-08,2.5198020E-08,1.9181500E-08,1.4686220E-08,1.1456650E-08,9.0243990E-09,7.1437890E-09,5.6634070E-09,4.5258920E-09,3.6218510E-09,2.8624060E-09,2.2691310E-09,1.8138040E-09,1.4472220E-09,1.1244370E-09,8.6480010E-10,6.7068800E-10,5.2552250E-10,4.1101200E-10,3.2749900E-10,2.5956960E-10,2.0606010E-10
417.5,1.3880082E+00,4.5448570E-01,1.1221843E-01,2.8424730E-02,7.2682630E-03,1.7079730E-03,4.5900110E-04,1.5484290E-04,5.9989730E-05,2.1967850E-05,7.9883620E-06,3.0902210E-06,1.1809624E-06,6.0778390E-07,2.6061620E-07,1.7113700E-07,1.0509317E-07,6.7200300E-08,4.7966790E-08,3.4549620E-08,2.6227180E-08,1.9949080E-08,1.5260770E-08,1.1896680E-08,9.3649590E-09,7.4097250E-09,5.8712430E-09,4.6902030E-09,3.7522390E-09,2.9645110E-09,2.3491620E-09,1.8772510E-09,1.4976490E-09,1.1633320E-09,8.9437720E-10,6.9321860E-10,5.4291440E-10,4.2435670E-10,3.3802220E-10,2.6779390E-10,2.1250050E-10
422.5,1.3798618E+00,4.6293870E-01,1.1702768E-01,3.0240500E-02,7.8837910E-03,1.8928440E-03,5.1763410E-04,1.7665770E-04,6.9068900E-05,2.5562270E-05,9.3959870E-06,3.6684100E-06,1.4150560E-06,7.3109020E-07,3.1551160E-07,2.0703010E-07,1.2728150E-07,8.1388820E-08,5.8016680E-08,4.1744980E-08,3.1645130E-08,2.4044260E-08,1.8371130E-08,1.4303530E-08,1.1245980E-08,8.8880210E-09,7.0352760E-09,5.6143760E-09,4.4873810E-09,3.5422130E-09,2.8043040E-09,2.2389100E-09,1.7848990E-09,1.3859290E-09,1.0648160E-09,8.2461060E-10,6.4525170E-10,5.0388770E-10,4.0099880E-10,3.1738290E-10,2.5160100E-10
427.5,1.2739328E+00,4.3386970E-01,1.1126476E-01,2.9094400E-02,7.6723340E-03,1.8659810E-03,5.1545870E-04,1.7700090E-04,6.9524380E-05,2.5877770E-05,9.5664100E-06,3.7522420E-06,1.4541550E-06,7.5226850E-07,3.2549930E-07,2.1319280E-07,1.3101570E-07,8.3670780E-08,5.9518460E-08,4.2750600E-08,3.2344980E-08,2.4536540E-08,1.8714270E-08,1.4546850E-08,1.1418450E-08,9.0106220E-09,7.1210560E-09,5.6741260E-09,4.5289660E-09,3.5699950E-09,2.8223060E-09,2.2502880E-09,1.7919670E-09,1.3900480E-09,1.0667424E-09,8.2497940E-10,6.4464920E-10,5.0261770E-10,3.9941830E-10,3.1571360E-10,2.4991650E-10
432.5,1.2599775E+00,4.3012190E-01,1.1051061E-01,2.8922840E-02,7.6335900E-03,1.8590550E-03,5.1367070E-04,1.7617330E-04,6.9101590E-05,2.5693500E-05,9.4885610E-06,3.7163400E-06,1.4379400E-06,7.4224070E-07,3.2033350E-07,2.0912850E-07,1.2819030E-07,8.1619170E-08,5.7879170E-08,4.1457190E-08,3.1284280E-08,2.3675610E-08,1.8012790E-08,1.3968720E-08,1.0939470E-08,8.6135450E-09,6.7934660E-09,5.4020300E-09,4.3034950E-09,3.3857310E-09,2.6713090E-09,2.1258310E-09,1.6899570E-09,1.3085890E-09,1.0022763E-09,7.7349040E-10,6.0319330E-10,4.6930810E-10,3.7221990E-10,2.9362410E-10,2.3195880E-10
437.5,1.4724978E+00,5.1404070E-01,1.3498424E-01,3.5977260E-02,9.6649430E-03,2.4012500E-03,6.7391480E-04,2.3330240E-04,9.2137610E-05,3.4552460E-05,1.2870639E-05,5.0758560E-06,1.9778390E-06,1.0220322E-06,4.4274680E-07,2.8778310E-07,1.7606080E-07,1.1172940E-07,7.8832220E-08,5.6210110E-08,4.2202260E-08,3.1791130E-08,2.4071380E-08,1.8577800E-08,1.4478670E-08,1.1348340E-08,8.9090150E-09,7.0519670E-09,5.5931650E-09,4.3817880E-09,3.4421190E-09,2.7274180E-09,2.1594450E-09,1.6663260E-09,1.2713690E-09,9.7706320E-10,7.5873180E-10,5.8768980E-10,4.6408150E-10,3.6452230E-10,2.8669970E-10
442.5,1.5754531E+00,5.6944430E-01,1.5476680E-01,4.2508190E-02,1.1758163E-02,3.0162480E-03,8.6948060E-04,3.0671580E-04,1.2296759E-04,4.6916200E-05,1.7781640E-05,7.1200510E-06,2.8172590E-06,1.4654790E-06,6.4194830E-07,4.1667320E-07,2.5540570E-07,1.6209820E-07,1.1403105E-07,8.1091260E-08,6.0646960E-08,4.5533360E-08,3.4348860E-08,2.6404650E-08,2.0496100E-08,1.6000930E-08,1.2512150E-08,9.8637360E-09,7.7929040E-09,6.0841780E-09,4.7618490E-09,3.7588620E-09,2.9659970E-09,2.2826160E-09,1.7371110E-09,1.3307840E-09,1.0299069E-09,7.9495830E-10,6.2537560E-10,4.8944000E-10,3.8352480E-10
447.5,1.6620924E+00,6.3989700E-01,1.8520330E-01,5.3780810E-02,1.5704290E-02,4.2720490E-03,1.2947713E-03,4.7392850E-04,1.9588630E-04,7.7322150E-05,3.0329190E-05,1.2521316E-05,5.1107140E-06,2.7013040E-06,1.2124965E-06,7.8883720E-07,4.8718080E-07,3.1068520E-07,2.1836920E-07,1.5523190E-07,1.1578497E-07,8.6748260E-08,6.5282190E-08,5.0027870E-08,3.8699560E-08,3.0113350E-08,2.3468420E-08,1.8434910E-08,1.4515930E-08,1.1300896E-08,8.8184510E-09,6.9384070E-09,5.4591680E-09,4.1962780E-09,3.1893000E-09,2.4383220E-09,1.8824830E-09,1.4493900E-09,1.1365357E-09,8.8689650E-10,6.9284640E-10
452.5,1.7336395E+00,6.9730840E-01,2.1081770E-01,6.3659030E-02,1.9309380E-02,5.4705190E-03,1.7181530E-03,6.4647330E-04,2.7352150E-04,1.1075857E-04,4.4575820E-05,1.8839870E-05,7.8734660E-06,4.2199880E-06,1.9310390E-06,1.2621120E-06,7.8591720E-07,5.0432920E-07,3.5522730E-07,2.5313950E-07,1.8892420E-07,1.4168740E-07,1.0669464E-07,8.1775090E-08,6.3248900E-08,4.9207540E-08,3.8345190E-08,3.0110570E-08,2.3703030E-08,1.8460420E-08,1.4406350E-08,1.1333319E-08,8.9185050E-09,6.8643650E-09,5.2249550E-09,3.9981560E-09,3.0882030E-09,2.3786120E-09,1.8651020E-09,1.4557930E-09,1.1373811E-09
457.5,1.7493719E+00,7.3543960E-01,2.3243460E-01,7.3075060E-02,2.3053510E-02,6.8089740E-03,2.2194030E-03,8.6041800E-04,3.7360150E-04,1.5554860E-04,6.4377410E-05,2.7923500E-05,1.1978714E-05,6.5322080E-06,3.0565930E-06,2.0162090E-06,1.2704417E-06,8.2372280E-07,5.8411770E-07,4.1909170E-07,3.1440060E-07,2.3705240E-07,1.7941690E-07,1.3815040E-07,1.0731068E-07,8.3845410E-08,6.5613130E-08,5.1728810E-08,4.0886790E-08,3.1987630E-08,2.5071240E-08,1.9804040E-08,1.5651840E-08,1.2109578E-08,9.2674880E-09,7.1271840E-09,5.5315170E-09,4.2807150E-09,3.3707780E-09,2.6426020E-09,2.0735410E-09
462.5,1.7423864E+00,7.5397020E-01,2.4525030E-01,7.9162910E-02,2.5622150E-02,7.7727600E-03,2.5963680E-03,1.0274895E-03,4.5437040E-04,1.9284890E-04,8.1373290E-05,3.5945860E-05,1.5704790E-05,8.6768780E-06,4.1254290E-06,2.7429480E-06,1.7453160E-06,1.1414599E-06,8.1451000E-07,5.8801890E-07,4.4333550E-07,3.3596700E-07,2.5554500E-07,1.9765760E-07,1.5420220E-07,1.2099060E-07,9.5083230E-08,7.5263730E-08,5.9730930E-08,4.6937400E-08,3.6945710E-08,2.9304820E-08,2.3257210E-08,1.8084820E-08,1.3910940E-08,1.0750881E-08,8.3823960E-09,6.5171070E-09,5.1532710E-09,4.0576810E-09,3.1974690E-09
467.5,1.7473990E+00,7.8285220E-01,2.6366540E-01,8.7832650E-02,2.9313380E-02,9.1856660E-03,3.1584900E-03,1.2794940E-03,5.7740920E-04,2.5045840E-04,1.0801892E-04,4.8694440E-05,2.1712300E-05,1.2159569E-05,5.8817250E-06,3.9376900E-06,2.5286850E-06,1.6668070E-06,1.1952040E-06,8.6713580E-07,6.5613780E-07,4.9916220E-07,3.8105470E-07,2.9567530E-07,2.3133470E-07,1.8204290E-07,1.4347710E-07,1.1387953E-07,9.0623370E-08,7.1433250E-08,5.6393500E-08,4.4855520E-08,3.5707220E-08,2.7869330E-08,2.1522680E-08,1.6693600E-08,1.3059520E-08,1.0187836E-08,8.0793790E-09,6.3806500E-09,5.0429250E-09
472.5,1.7694910E+00,8.2281230E-01,2.8775160E-01,9.9180480E-02,3.4218930E-02,1.1107898E-02,3.9407330E-03,1.6364310E-03,7.5445690E-04,3.3489900E-04,1.4782930E-04,6.8079150E-05,3.1013980E-05,1.7607890E-05,8.6704770E-06,5.8396310E-06,3.7829000E-06,2.5115410E-06,1.8078180E-06,1.3168150E-06,9.9885760E-07,7.6192480E-07,5.8305260E-07,4.5328820E-07,3.5528860E-07,2.8008740E-07,2.2112970E-07,1.7577600E-07,1.4010390E-07,1.1066232E-07,8.7525920E-08,6.9734750E-08,5.5617070E-08,4.3539130E-08,3.3725040E-08,2.6223810E-08,2.0560860E-08,1.6072760E-08,1.2768446E-08,1.0104066E-08,8.0006720E-09
477.5,1.8188110E+00,8.8099790E-01,3.2109640E-01,1.1483705E-01,4.1072360E-02,1.3855700E-02,5.0826230E-03,2.1651140E-03,1.0199563E-03,4.6360950E-04,2.0957830E-04,9.8622110E-05,4.5909460E-05,2.6388710E-05,1.3220340E-05,8.9329590E-06,5.8257150E-06,3.8867010E-06,2.8004410E-06,2.0425570E-06,1.5487150E-06,1.1813504E-06,9.0375910E-07,7.0211460E-07,5.4976200E-07,4.3298280E-07,3.4152110E-07,2.7116960E-07,2.1590940E-07,1.7044820E-07,1.3472290E-07,1.0723498E-07,8.5468280E-08,6.6926960E-08,5.1869630E-08,4.0331930E-08,3.1614970E-08,2.4710030E-08,1.9611630E-08,1.5508070E-08,1.2270805E-08
482.5,1.8105150E+00,9.0412630E-01,3.3985460E-01,1.2496530E-01,4.5918950E-02,1.5942100E-02,5.9974920E-03,2.6055940E-03,1.2483270E-03,5.7791540E-04,2.6611650E-04,1.2734690E-04,6.0280790E-05,3.4996010E-05,1.7769110E-05,1.2040561E-05,7.8971890E-06,5.2900400E-06,3.8154530E-06,2.7858700E-06,2.1116360E-06,1.6107880E-06,1.2320316E-06,9.5648870E-07,7.4829040E-07,5.8878120E-07,4.6389820E-07,3.6796730E-07,2.9268350E-07,2.3093970E-07,1.8241680E-07,1.4506860E-07,1.1554675E-07,9.0515580E-08,7.0179440E-08,5.4569260E-08,4.2760430E-08,3.3409930E-08,2.6496250E-08,2.0940510E-08,1.6557270E-08
487.5,1.6906410E+00,8.6676270E-01,3.3461130E-01,1.2604970E-01,4.7420370E-02,1.6876190E-02,6.4910590E-03,2.8706700E-03,1.3967430E-03,6.5746960E-04,3.0784960E-04,1.4960100E-04,7.1903760E-05,4.2145350E-05,2.1666970E-05,1.4728540E-05,9.7160570E-06,6.5370870E-06,4.7208970E-06,3.4526270E-06,2.6173200E-06,1.9974350E-06,1.5281560E-06,1.1861286E-06,9.2752590E-07,7.2947190E-07,5.7461640E-07,4.5550650E-07,3.6210240E-07,2.8566920E-07,2.2557900E-07,1.7930550E-07,1.4278520E-07,1.1192388E-07,8.6854290E-08,6.7566410E-08,5.2953430E-08,4.1375200E-08,3.2798360E-08,2.5915120E-08,2.0484120E-08
492.5,1.8016310E+00,9.4035010E-01,3.6970990E-01,1.4162930E-01,5.4160090E-02,1.9607760E-02,7.6596190E-03,3.4300670E-03,1.6870650E-03,8.0346990E-04,3.8066990E-04,1.8698360E-04,9.0817000E-05,5.3562500E-05,2.7760330E-05,1.8872610E-05,1.2482982E-05,8.4093850E-06,6.0615270E-06,4.4266180E-06,3.3457070E-06,2.5467790E-06,1.9429160E-06,1.5030330E-06,1.1711116E-06,9.1785990E-07,7.2063540E-07,5.6905900E-07,4.5078920E-07,3.5459860E-07,2.7913030E-07,2.2110510E-07,1.7550990E-07,1.3730376E-07,1.0634364E-07,8.2526760E-08,6.4494520E-08,5.0246200E-08,3.9698800E-08,3.1271540E-08,2.4639930E-08
497.5,1.7889480E+00,9.5448860E-01,3.8376070E-01,1.5000130E-01,5.8499900E-02,2.1622590E-02,8.6022820E-03,3.9058680E-03,1.9434960E-03,9.3763940E-04,4.5000890E-04,2.2359660E-04,1.0981022E-04,6.5097440E-05,3.4004790E-05,2.3045520E-05,1.5253480E-05,1.0262703E-05,7.3576390E-06,5.3474450E-06,4.0144830E-06,3.0371140E-06,2.3020720E-06,1.7685130E-06,1.3680343E-06,1.0644881E-06,8.2962960E-07,6.5034750E-07,5.1141920E-07,3.9963270E-07,3.1237880E-07,2.4567440E-07,1.9368120E-07,1.5074170E-07,1.1614013E-07,8.9590840E-08,6.9576490E-08,5.3872190E-08,4.2253990E-08,3.3061050E-08,2.5872240E-08
502.5,1.7267830E+00,9.3510390E-01,3.8165430E-01,1.5111180E-01,5.9678950E-02,2.2363020E-02,8.9958610E-03,4.1110550E-03,2.0548030E-03,9.9732140E-04,4.8153590E-04,2.4029820E-04,1.1846220E-04,7.0056090E-05,3.6604520E-05,2.4514330E-05,1.6116070E-05,1.0743680E-05,7.5958570E-06,5.4506820E-06,4.0307410E-06,3.0065880E-06,2.2460650E-06,1.6998610E-06,1.2948137E-06,9.9233100E-07,7.6179430E-07,5.8803400E-07,4.5543280E-07,3.5083110E-07,2.7029260E-07,2.0940640E-07,1.6268520E-07,1.2499192E-07,9.5090480E-08,7.2366350E-08,5.5418720E-08,4.2312680E-08,3.2704340E-08,2.5221870E-08,1.9452030E-08
507.5,1.8014880E+00,9.7754430E-01,3.9967280E-01,1.5817600E-01,6.2448770E-02,2.3424130E-02,9.4016460E-03,4.2648590E-03,2.1129190E-03,1.0184335E-03,4.8830620E-04,2.4150380E-04,1.1792722E-04,6.8654220E-05,3.5405300E-05,2.3101440E-05,1.4889610E-05,9.7093840E-06,6.6813270E-06,4.6740870E-06,3.3618910E-06,2.4422240E-06,1.7765123E-06,1.3083914E-06,9.6986470E-07,7.2342080E-07,5.4060940E-07,4.0609530E-07,3.0612190E-07,2.2973840E-07,1.7237637E-07,1.3001516E-07,9.8381470E-08,7.3761230E-08,5.4763710E-08,4.0638730E-08,3.0327660E-08,2.2562490E-08,1.6980486E-08,1.2757690E-08,9.5846380E-09
512.5,1.7587040E+00,9.4659930E-01,3.8367260E-01,1.5026230E-01,5.8731690E-02,2.1838220E-02,8.6611740E-03,3.8633890E-03,1.8802440E-03,8.9205280E-04,4.2096100E-04,2.0452470E-04,9.8056610E-05,5.5733120E-05,2.8137910E-05,1.7748700E-05,1.1134426E-05,7.0518070E-06,4.6915170E-06,3.1785570E-06,2.2095780E-06,1.5530212E-06,1.0931609E-06,7.7867410E-07,5.5816920E-07,4.0270530E-07,2.9113730E-07,2.1151617E-07,1.5424384E-07,1.1208261E-07,8.1416740E-08,5.9422400E-08,4.3527260E-08,3.1639700E-08,2.2777660E-08,1.6379072E-08,1.1838768E-08,8.5319290E-09,6.2147200E-09,4.5208940E-09,3.2886510E-09
517.5,1.6326610E+00,8.8430780E-01,3.6064410E-01,1.4184620E-01,5.5676410E-02,2.0811820E-02,8.2763420E-03,3.6859030E-03,1.7884360E-03,8.4719840E-04,3.9917440E-04,1.9334370E-04,9.2377610E-05,5.2050570E-05,2.6121380E-05,1.6204410E-05,1.0045437E-05,6.2765260E-06,4.1049060E-06,2.7363820E-06,1.8682468E-06,1.2907032E-06,8.9294530E-07,6.2485470E-07,4.3995010E-07,3.1180320E-07,2.2145715E-07,1.5801541E-07,1.1318687E-07,8.0846470E-08,5.7713290E-08,4.1382630E-08,2.9786620E-08,2.1300672E-08,1.5091601E-08,1.0673291E-08,7.5853250E-09,5.3750440E-09,3.8471380E-09,2.7510530E-09,1.9669740E-09
522.5,1.7561310E+00,9.6894220E-01,4.0270750E-01,1.6119420E-01,6.4359650E-02,2.4484480E-02,9.8967150E-03,4.4681540E-03,2.1943580E-03,1.0529332E-03,5.0253810E-04,2.4634300E-04,1.1907543E-04,6.7606310E-05,3.4255980E-05,2.1299010E-05,1.3261688E-05,8.3148600E-06,5.4421680E-06,3.6315530E-06,2.4789220E-06,1.7126057E-06,1.1847100E-06,8.2858880E-07,5.8299040E-07,4.1284500E-07,2.9302680E-07,2.0886560E-07,1.4948157E-07,1.0670990E-07,7.6129620E-08,5.4544840E-08,3.9229300E-08,2.8054660E-08,1.9884163E-08,1.4063000E-08,9.9910080E-09,7.0781010E-09,5.0624060E-09,3.6178750E-09,2.5851920E-09
527.5,1.7339120E+00,9.7638760E-01,4.1437890E-01,1.6899520E-01,6.8716450E-02,2.6653180E-02,1.0955120E-02,5.0082150E-03,2.4857000E-03,1.2068370E-03,5.8283240E-04,2.8869400E-04,1.4098510E-04,8.0464610E-05,4.1089360E-05,2.5528440E-05,1.5927201E-05,9.9937060E-06,6.5280450E-06,4.3495810E-06,2.9611090E-06,2.0408793E-06,1.4083018E-06,9.8217220E-07,6.8900530E-07,4.8643780E-07,3.4420890E-07,2.4460611E-07,1.7451276E-07,1.2425386E-07,8.8391660E-08,6.3136990E-08,4.5276780E-08,3.2312440E-08,2.2856138E-08,1.6129925E-08,1.1433916E-08,8.0813920E-09,5.7628350E-09,4.1079070E-09,2.9274310E-09
532.5,1.7582030E+00,1.0014870E+00,4.3006310E-01,1.7720700E-01,7.2787330E-02,2.8542200E-02,1.1837270E-02,5.4429910E-03,2.7135830E-03,1.3247020E-03,6.4324600E-04,3.2002650E-04,1.5693730E-04,8.9597730E-05,4.5852540E-05,2.8349510E-05,1.7645590E-05,1.1036207E-05,7.1689440E-06,4.7530160E-06,3.2158990E-06,2.2036881E-06,1.5117839E-06,1.0478742E-06,7.3050930E-07,5.1254840E-07,3.6045710E-07,2.5452672E-07,1.8044571E-07,1.2770934E-07,9.0328670E-08,6.4124010E-08,4.5706260E-08,3.2439640E-08,2.2826852E-08,1.6019918E-08,1.1289159E-08,7.9334240E-09,5.6239170E-09,3.9854650E-09,2.8235150E-09
537.5,1.7768360E+00,1.0233887E+00,4.4445840E-01,1.8485840E-01,7.6629800E-02,3.0357150E-02,1.2687330E-02,5.8564560E-03,2.9269380E-03,1.4340930E-03,6.9893380E-04,3.4857850E-04,1.7132150E-04,9.7607250E-05,4.9962330E-05,3.0665670E-05,1.9002930E-05,1.1820735E-05,7.6189940E-06,5.0151500E-06,3.3657350E-06,2.2885195E-06,1.5577776E-06,1.0711246E-06,7.4056860E-07,5.1538820E-07,3.5952610E-07,2.5182183E-07,1.7708459E-07,1.2436988E-07,8.7264680E-08,6.1453260E-08,4.3452400E-08,3.0616190E-08,2.1390544E-08,1.4900575E-08,1.0420958E-08,7.2691860E-09,5.1120920E-09,3.5949510E-09,2.5274077E-09
542.5,1.7418430E+00,1.0050141E+00,4.3716080E-01,1.8180120E-01,7.5359270E-02,2.9883080E-02,1.2470940E-02,5.7279650E-03,2.8458510E-03,1.3878520E-03,6.7323190E-04,3.3379010E-04,1.6308080E-04,9.2017160E-05,4.6750400E-05,2.8280930E-05,1.7326700E-05,1.0647967E-05,6.7677420E-06,4.3948700E-06,2.9075660E-06,1.9497018E-06,1.3089918E-06,8.8752620E-07,6.0514180E-07,4.1532960E-07,2.8579431E-07,1.9738750E-07,1.3688787E-07,9.4835720E-08,6.5638180E-08,4.5593780E-08,3.1802730E-08,2.2121253E-08,1.5257137E-08,1.0490836E-08,7.2410950E-09,4.9853670E-09,3.4597780E-09,2.4011142E-09,1.6662277E-09
547.5,1.7517700E+00,1.0041664E+00,4.3369350E-01,1.7870630E-01,7.3424360E-02,2.8901970E-02,1.1932730E-02,5.3977800E-03,2.6391710E-03,1.2687130E-03,6.0666050E-04,2.9605310E-04,1.4237870E-04,7.8719860E-05,3.9312510E-05,2.3189290E-05,1.3907622E-05,8.3599500E-06,5.1854910E-06,3.2906270E-06,2.1255125E-06,1.3924592E-06,9.1336350E-07,6.0495540E-07,4.0294880E-07,2.7014243E-07,1.8163504E-07,1.2257477E-07,8.3079000E-08,5.6274030E-08,3.8086680E-08,2.5863085E-08,1.7636816E-08,1.2003618E-08,8.1026420E-09,5.4529370E-09,3.6827340E-09,2.4824964E-09,1.6862663E-09,1.1460553E-09,7.7907030E-10
552.5,1.7551740E+00,1.0040497E+00,4.3257960E-01,1.7737790E-01,7.2542390E-02,2.8470110E-02,1.1675700E-02,5.2197760E-03,2.5193730E-03,1.1976970E-03,5.6636300E-04,2.7289810E-04,1.2960234E-04,7.0419700E-05,3.4665170E-05,1.9981660E-05,1.1756192E-05,6.9275570E-06,4.2036430E-06,2.6118271E-06,1.6504426E-06,1.0582183E-06,6.7952070E-07,4.4055490E-07,2.8724729E-07,1.8859351E-07,1.2417695E-07,8.2069080E-08,5.4473330E-08,3.6144390E-08,2.3971977E-08,1.5951989E-08,1.0664574E-08,7.1178780E-09,4.7152370E-09,3.1142760E-09,2.0651795E-09,1.3676554E-09,9.1284690E-10,6.1026710E-10,4.0841110E-10
557.5,1.7135490E+00,9.8793430E-01,4.2900330E-01,1.7682240E-01,7.2691720E-02,2.8726100E-02,1.1816670E-02,5.2715760E-03,2.5350760E-03,1.2027200E-03,5.6760670E-04,2.7253830E-04,1.2898571E-04,6.9492220E-05,3.4027700E-05,1.9352444E-05,1.1268016E-05,6.5662400E-06,3.9331610E-06,2.4136874E-06,1.5052367E-06,9.5284360E-07,6.0418070E-07,3.8672030E-07,2.4895534E-07,1.6138626E-07,1.0493950E-07,6.8498380E-08,4.4907690E-08,2.9450789E-08,1.9303506E-08,1.2694657E-08,8.3905790E-09,5.5414020E-09,3.6343400E-09,2.3773382E-09,1.5620278E-09,1.0257597E-09,6.7925980E-10,4.5094470E-10,3.0014760E-10
562.5,1.7388300E+00,1.0083171E+00,4.4046500E-01,1.8231270E-01,7.5282350E-02,2.9932600E-02,1.2344170E-02,5.4950360E-03,2.6333550E-03,1.2468260E-03,5.8723950E-04,2.8101540E-04,1.3255990E-04,7.0874240E-05,3.4536720E-05,1.9411843E-05,1.1197051E-05,6.4613300E-06,3.8267210E-06,2.3226587E-06,1.4321916E-06,8.9670050E-07,5.6238200E-07,3.5605170E-07,2.2673572E-07,1.4540922E-07,9.3549220E-08,6.0418210E-08,3.9206270E-08,2.5465561E-08,1.6530641E-08,1.0771964E-08,7.0558600E-09,4.6219160E-09,3.0087160E-09,1.9546595E-09,1.2765164E-09,8.3402680E-10,5.5008120E-10,3.6438360E-10,2.4234520E-10
567.5,1.7043440E+00,9.8091530E-01,4.2503110E-01,1.7420270E-01,7.1255090E-02,2.8099720E-02,1.1462360E-02,5.0290640E-03,2.3738520E-03,1.1085599E-03,5.1499730E-04,2.4281300E-04,1.1288664E-04,5.9276220E-05,2.8444290E-05,1.5649189E-05,8.8608530E-06,5.0178300E-06,2.9129100E-06,1.7345005E-06,1.0486784E-06,6.4402490E-07,3.9634260E-07,2.4625071E-07,1.5393051E-07,9.6939090E-08,6.1268290E-08,3.8899830E-08,2.4824111E-08,1.5869569E-08,1.0152306E-08,6.5253640E-09,4.2211140E-09,2.7349450E-09,1.7643880E-09,1.1388271E-09,7.4084260E-10,4.8378180E-10,3.2006640E-10,2.1353680E-10,1.4371930E-10
572.5,1.7067620E+00,9.5270090E-01,3.9975500E-01,1.5851140E-01,6.2781030E-02,2.4003040E-02,9.4712840E-03,4.0091400E-03,1.8262100E-03,8.2409900E-04,3.6997760E-04,1.6842610E-04,7.5654950E-05,3.8282120E-05,1.7756452E-05,9.3978350E-06,5.1357790E-06,2.8071770E-06,1.5719882E-06,9.0390860E-07,5.2791210E-07,3.1342571E-07,1.8666372E-07,1.1231774E-07,6.8076640E-08,4.1628520E-08,2.5592852E-08,1.5839008E-08,9.8802530E-09,6.1942860E-09,3.9024440E-09,2.4828690E-09,1.5984200E-09,1.0367440E-09,6.7472160E-10,4.4313210E-10,2.9584290E-10,2.0022500E-10,1.3851580E-10,9.7417600E-11,6.9624000E-11
577.5,1.6865010E+00,8.8816380E-01,3.5078860E-01,1.3092430E-01,4.8879100E-02,1.7638170E-02,6.5581510E-03,2.6115240E-03,1.1202653E-03,4.7678240E-04,2.0190970E-04,8.6644800E-05,3.6730890E-05,1.7508770E-05,7.6803360E-06,3.8299030E-06,1.9803161E-06,1.0250538E-06,5.4398110E-07,2.9718179E-07,1.6523369E-07,9.3660880E-08,5.3464080E-08,3.0976810E-08,1.8191570E-08,1.0862013E-08,6.5851520E-09,4.0669590E-09,2.5659860E-09,1.6514410E-09,1.0859670E-09,7.3306800E-10,5.0758900E-10,3.5746580E-10,2.5496310E-10,1.8488050E-10,1.3657420E-10,1.0220310E-10,7.7822900E-11,5.9801200E-11,4.6307300E-11
582.5,1.6846536E+00,8.0187160E-01,2.8540030E-01,9.6099230E-02,3.2443000E-02,1.0603814E-02,3.5665230E-03,1.2837259E-03,4.9876750E-04,1.9265530E-04,7.4085080E-05,2.8867400E-05,1.1139426E-05,4.8296210E-06,1.9397292E-06,8.8508340E-07,4.2180520E-07,2.0266788E-07,1.0078595E-07,5.2239760E-08,2.8042490E-08,1.5670530E-08,9.0589200E-09,5.4791580E-09,3.4690210E-09,2.2996420E-09,1.5870920E-09,1.1358750E-09,8.3696600E-10,6.2807300E-10,4.7850200E-10,3.6963800E-10,2.8782300E-10,2.2351460E-10,1.7299810E-10,1.3415750E-10,1.0455310E-10,8.1621100E-11,6.4219300E-11,5.0591400E-11,3.9918800E-11
587.5,1.5460113E+00,6.3864400E-01,1.9676840E-01,5.7503330E-02,1.6900680E-02,4.8193180E-03,1.4136670E-03,4.4412180E-04,1.5114136E-04,5.1345220E-05,1.7424350E-05,6.0170350E-06,2.0777740E-06,8.1285370E-07,3.0188000E-07,1.3066890E-07,6.1133040E-08,3.0278800E-08,1.6453460E-08,9.7816100E-09,6.3010300E-09,4.3151700E-09,3.0789900E-09,2.2749330E-09,1.7211280E-09,1.3234880E-09,1.0277660E-09,8.0484600E-10,6.3336200E-10,4.9786000E-10,3.9178000E-10,3.0945000E-10,2.4456420E-10,1.9171340E-10,1.4921970E-10,1.1607960E-10,9.0613100E-11,7.0777500E-11,5.5692000E-11,4.3855600E-11,3.4574500E-11
592.5,1.4959383E+00,5.1911070E-01,1.3414976E-01,3.3001860E-02,8.1976010E-03,1.9827900E-03,4.9419550E-04,1.3260872E-04,3.8963880E-05,1.1615052E-05,3.5382960E-06,1.1351090E-06,3.8373910E-07,1.5590240E-07,6.5232800E-08,3.4173550E-08,1.9849840E-08,1.2372650E-08,8.3382500E-09,5.8853700E-09,4.3162700E-09,3.2297500E-09,2.4416100E-09,1.8700410E-09,1.4453430E-09,1.1247920E-09,8.7872400E-10,6.8978300E-10,5.4295900E-10,4.2626800E-10,3.3471100E-10,2.6373400E-10,2.0794410E-10,1.6259610E-10,1.2615590E-10,9.7806400E-11,7.6106000E-11,5.9252000E-11,4.6484400E-11,3.6496600E-11,2.8682100E-11
597.5,1.5121347E+00,4.0414420E-01,8.0454890E-02,1.5353244E-02,2.9823960E-03,5.7045690E-04,1.1441101E-04,2.5702600E-05,6.7953520E-06,2.0252840E-06,6.9437900E-07,2.7667400E-07,1.2222340E-07,6.4567600E-08,3.3863300E-08,2.1109840E-08,1.3712960E-08,9.1507400E-09,6.4119300E-09,4.6190200E-09,3.4202500E-09,2.5682900E-09,1.9397990E-09,1.4815720E-09,1.1405080E-09,8.8357800E-10,6.8681300E-10,5.3634100E-10,4.2003500E-10,3.2801800E-10,2.5612300E-10,2.0076100E-10,1.5757950E-10,1.2267980E-10,9.4697200E-11,7.3011900E-11,5.6526600E-11,4.3772700E-11,3.4179300E-11,2.6706700E-11,2.0881150E-11
602.5,1.5167664E+00,3.0871260E-01,4.6922570E-02,6.9109490E-03,1.0538815E-03,1.6402090E-04,2.9040650E-05,6.7248600E-06,2.1810810E-06,8.6621800E-07,3.8375900E-07,1.8242690E-07,8.9241600E-08,4.9899800E-08,2.6806400E-08,1.6929410E-08,1.1065370E-08,7.3771400E-09,5.1474700E-09,3.6892200E-09,2.7142000E-09,2.0246260E-09,1.5171210E-09,1.1495570E-09,8.7771900E-10,6.7458800E-10,5.2011000E-10,4.0287900E-10,3.1308200E-10,2.4262200E-10,1.8794420E-10,1.4620870E-10,1.1399050E-10,8.8198600E-11,6.7610400E-11,5.1741900E-11,3.9783200E-11,3.0579900E-11,2.3720100E-11,1.8409440E-11,1.4291890E-11
607.5,1.5198628E+00,2.7229886E-01,3.6496440E-02,4.7726450E-03,6.5537950E-04,9.5231650E-05,1.7059620E-05,4.4270000E-06,1.6535290E-06,7.2113700E-07,3.3419000E-07,1.6179660E-07,7.9606100E-08,4.4555300E-08,2.3836160E-08,1.4956920E-08,9.7115900E-09,6.4171500E-09,4.4285900E-09,3.1394300E-09,2.2826300E-09,1.6834680E-09,1.2465940E-09,9.3345500E-10,7.0427500E-10,5.3505300E-10,4.0779900E-10,3.1227300E-10,2.4000100E-10,1.8401510E-10,1.4100420E-10,1.0852580E-10,8.3786200E-11,6.4266000E-11,4.8811800E-11,3.6984100E-11,2.8164300E-11,2.1430390E-11,1.6466280E-11,1.2659980E-11,9.7332200E-12
612.5,1.4795455E+00,2.5525657E-01,3.2956840E-02,4.1638200E-03,5.5532610E-04,7.9411800E-05,1.4418180E-05,3.8895100E-06,1.4991330E-06,6.6271500E-07,3.0800800E-07,1.4881900E-07,7.2878400E-08,4.0502500E-08,2.1480140E-08,1.3310680E-08,8.5406900E-09,5.5700700E-09,3.7856000E-09,2.6437700E-09,1.8922490E-09,1.3748320E-09,1.0026800E-09,7.3953000E-10,5.4957000E-10,4.1144000E-10,3.0906100E-10,2.3325700E-10,1.7679140E-10,1.3375320E-10,1.0110240E-10,7.6773800E-11,5.8546200E-11,4.4425000E-11,3.3357000E-11,2.4957800E-11,1.8777600E-11,1.4105510E-11,1.0710010E-11,8.1385600E-12,6.1816400E-12
617.5,1.4714277E+00,2.4381893E-01,3.0243800E-02,3.6808230E-03,4.7517380E-04,6.6633000E-05,1.2210210E-05,3.3979590E-06,1.3399960E-06,5.9715000E-07,2.7747000E-07,1.3350830E-07,6.4958500E-08,3.5800700E-08,1.8788180E-08,1.1475260E-08,7.2673000E-09,4.6707400E-09,3.1203700E-09,2.1432990E-09,1.5073030E-09,1.0770530E-09,7.7214400E-10,5.5982700E-10,4.0891800E-10,3.0106600E-10,2.2241740E-10,1.6508040E-10,1.2312640E-10,9.1726100E-11,6.8236100E-11,5.1003800E-11,3.8345500E-11,2.8744800E-11,2.1294170E-11,1.5690260E-11,1.1636100E-11,8.6049400E-12,6.4427400E-12,4.8288200E-12,3.6145400E-12
622.5,1.4712134E+00,2.3154109E-01,2.7302460E-02,3.1695790E-03,3.9313190E-04,5.4069190E-05,1.0114130E-05,2.9445120E-06,1.1969800E-06,5.3961500E-07,2.5124370E-07,1.2062480E-07,5.8425700E-08,3.1988600E-08,1.6644490E-08,1.0037160E-08,6.2822100E-09,3.9837600E-09,2.6186600E-09,1.7702740E-09,1.2237330E-09,8.6006100E-10,6.0603800E-10,4.3179500E-10,3.0982800E-10,2.2416700E-10,1.6272110E-10,1.1863400E-10,8.6969600E-11,6.3717200E-11,4.6576500E-11,3.4212600E-11,2.5322500E-11,1.8734290E-11,1.3672300E-11,9.8996800E-12,7.2229900E-12,5.2449600E-12,3.8653200E-12,2.8519900E-12,2.0987410E-12
627.5,1.4339876E+00,2.1448014E-01,2.4053630E-02,2.6660990E-03,3.1917450E-04,4.3691550E-05,8.5616200E-06,2.6592100E-06,1.1228440E-06,5.1431700E-07,2.4105310E-07,1.1610010E-07,5.6326300E-08,3.0791800E-08,1.6001950E-08,9.6015700E-09,5.9703000E-09,3.7589100E-09,2.4487300E-09,1.6389850E-09,1.1206500E-09,7.7883700E-10,5.4253400E-10,3.8195000E-10,2.7069900E-10,1.9342750E-10,1.3864350E-10,9.9775800E-11,7.2209800E-11,5.2244000E-11,3.7695600E-11,2.7326100E-11,1.9977790E-11,1.4622490E-11,1.0548930E-11,7.5382800E-12,5.4311700E-12,3.8892700E-12,2.8303500E-12,2.0623660E-12,1.4972360E-12
632.5,1.4318920E+00,2.0216785E-01,2.1422980E-02,2.2546591E-03,2.6009090E-04,3.5782410E-05,7.4871900E-06,2.5040200E-06,1.0994390E-06,5.1242400E-07,2.4248770E-07,1.1764200E-07,5.7441200E-08,3.1486000E-08,1.6439190E-08,9.8809200E-09,6.1336700E-09,3.8562300E-09,2.5066500E-09,1.6712790E-09,1.1377690E-09,7.8664200E-10,5.4524400E-10,3.8176000E-10,2.6903200E-10,1.9107020E-10,1.3611510E-10,9.7340000E-11,6.9986000E-11,5.0307600E-11,3.6068900E-11,2.5975000E-11,1.8858580E-11,1.3709830E-11,9.8295800E-12,6.9820000E-12,4.9981100E-12,3.5562400E-12,2.5700500E-12,1.8596530E-12,1.3406390E-12
637.5,1.4372669E+00,1.8692884E-01,1.8277559E-02,1.7888156E-03,1.9707900E-04,2.7845140E-05,6.4663400E-06,2.3635760E-06,1.0802660E-06,5.1221000E-07,2.4479490E-07,1.1969870E-07,5.8862800E-08,3.2393400E-08,1.7005920E-08,1.0255420E-08,6.3670300E-09,4.0042100E-09,2.6026500E-09,1.7325780E-09,1.1773170E-09,8.1181000E-10,5.6136000E-10,3.9196700E-10,2.7544200E-10,1.9499550E-10,1.3846840E-10,9.8703900E-11,7.0716900E-11,5.0655000E-11,3.6202800E-11,2.5983200E-11,1.8788330E-11,1.3598240E-11,9.7167900E-12,6.8838200E-12,4.9117900E-12,3.4853900E-12,2.5093400E-12,1.8088120E-12,1.2994580E-12
642.5,1.4184107E+00,1.7226912E-01,1.5755332E-02,1.4530573E-03,1.5547010E-04,2.3009060E-05,5.8881500E-06,2.2903350E-06,1.0731630E-06,5.1460900E-07,2.4773690E-07,1.2185260E-07,6.0235300E-08,3.3247900E-08,1.7513420E-08,1.0573480E-08,6.5621400E-09,4.1247900E-09,2.6780100E-09,1.7791870E-09,1.2062250E-09,8.2941800E-10,5.7206200E-10,3.9829300E-10,2.7907100E-10,1.9693900E-10,1.3941310E-10,9.9067100E-11,7.0740500E-11,5.0505800E-11,3.5988400E-11,2.5748100E-11,1.8551670E-11,1.3375770E-11,9.5287600E-12,6.7339200E-12,4.7906700E-12,3.3908800E-12,2.4333000E-12,1.7481650E-12,1.2520990E-12
647.5,1.3564745E+00,1.5422469E-01,1.3233963E-02,1.1575294E-03,1.2250710E-04,1.9586490E-05,5.5360600E-06,2.2532630E-06,1.0729930E-06,5.1837300E-07,2.5067400E-07,1.2362180E-07,6.1199700E-08,3.3839400E-08,1.7801780E-08,1.0713670E-08,6.6411500E-09,4.1644400E-09,2.6937900E-09,1.7837550E-09,1.2047410E-09,8.2539700E-10,5.6713100E-10,3.9334800E-10,2.7452900E-10,1.9298160E-10,1.3608090E-10,9.6320600E-11,6.8514100E-11,4.8736100E-11,3.4599900E-11,2.4662200E-11,1.7704950E-11,1.2723550E-11,9.0353300E-12,6.3638100E-12,4.5125000E-12,3.1832400E-12,2.2768100E-12,1.6304110E-12,1.1638690E-12
652.5,1.3510459E+00,1.3280009E-01,9.9170890E-03,7.7959340E-04,8.3718300E-05,1.6206680E-05,5.3028400E-06,2.2328010E-06,1.0752040E-06,5.2205600E-07,2.5252700E-07,1.2387800E-07,6.0785100E-08,3.3692200E-08,1.7442960E-08,1.0339760E-08,6.4094600E-09,3.9944600E-09,2.5574800E-09,1.6850270E-09,1.1306910E-09,7.7161600E-10,5.2722300E-10,3.6384000E-10,2.5260500E-10,1.7681270E-10,1.2413060E-10,8.7456800E-11,6.1973100E-11,4.3937500E-11,3.1059600E-11,2.2052050E-11,1.5800370E-11,1.1359500E-11,8.0505100E-12,5.6434600E-12,3.9905100E-12,2.8017400E-12,2.0008180E-12,1.4304290E-12,1.0179200E-12
657.5,1.2845549E+00,9.9526220E-02,6.0108650E-03,4.3447470E-04,6.1087700E-05,1.7226560E-05,6.2799800E-06,2.5535600E-06,1.2228900E-06,5.9408800E-07,2.8501600E-07,1.3638930E-07,6.4584700E-08,3.6135300E-08,1.7637830E-08,9.9171900E-09,6.1965800E-09,3.8020300E-09,2.3597900E-09,1.5423160E-09,1.0208820E-09,6.9515000E-10,4.7040200E-10,3.2246900E-10,2.2221200E-10,1.5504920E-10,1.0843690E-10,7.6031300E-11,5.3822000E-11,3.8187900E-11,2.6887100E-11,1.9049110E-11,1.3741530E-11,1.0041640E-11,7.1502600E-12,4.9751800E-12,3.5228700E-12,2.4552500E-12,1.7656900E-12,1.2701990E-12,9.0355800E-13
662.5,1.3718200E+00,8.5055500E-02,4.4468790E-03,3.8634180E-04,8.8540000E-05,3.0976400E-05,1.1184190E-05,4.1379600E-06,1.9474630E-06,9.4432800E-07,4.4638500E-07,2.0425650E-07,9.0442300E-08,5.1841900E-08,2.2365520E-08,1.1083910E-08,7.1391800E-09,4.2390200E-09,2.4279500E-09,1.5674660E-09,1.0065840E-09,6.8978100E-10,4.5838900E-10,3.1171000E-10,2.1246470E-10,1.4878140E-10,1.0417630E-10,7.2873200E-11,5.2096700E-11,3.7531300E-11,2.6419800E-11,1.8824450E-11,1.4026450E-11,1.0853360E-11,7.9022700E-12,5.4369300E-12,3.8991000E-12,2.6883700E-12,1.9875550E-12,1.4644360E-12,1.0487190E-12
667.5,1.3669450E+00,7.4670150E-02,4.2157470E-03,5.9067500E-04,1.8591150E-04,6.8963500E-05,2.4441870E-05,8.5378300E-06,3.9783400E-06,1.9267840E-06,9.0192800E-07,3.9974500E-07,1.6795100E-07,9.8642300E-08,3.8063600E-08,1.6332210E-08,1.1016400E-08,6.3032900E-09,3.2234500E-09,2.0558100E-09,1.2630770E-09,8.8309600E-10,5.7301800E-10,3.8741100E-10,2.6111600E-10,1.8570340E-10,1.3142710E-10,9.2322000E-11,6.7666200E-11,5.0355400E-11,3.5689700E-11,2.5837800E-11,2.0315340E-11,1.7016280E-11,1.2775100E-11,8.7150500E-12,6.3682900E-12,4.3578600E-12,3.3358600E-12,2.5284200E-12,1.8290390E-12
672.5,1.3554650E+00,7.0912710E-02,5.0540000E-03,1.0129230E-03,3.5366400E-04,1.3279650E-04,4.6700300E-05,1.5955450E-05,7.4149300E-06,3.5907100E-06,1.6745860E-06,7.3220700E-07,3.0053000E-07,1.7901480E-07,6.5384000E-08,2.5828800E-08,1.7989730E-08,1.0081000E-08,4.7709600E-09,3.0242700E-09,1.7986500E-09,1.2824610E-09,8.1847300E-10,5.5245000E-10,3.6999900E-10,2.6730100E-10,1.9132150E-10,1.3516090E-10,1.0115520E-10,7.7180800E-11,5.5059900E-11,4.0358500E-11,3.2855300E-11,2.8782900E-11,2.1965200E-11,1.4930700E-11,1.1020470E-11,7.5190700E-12,5.8567700E-12,4.4979000E-12,3.2691500E-12
677.5,1.3520617E+00,7.0129080E-02,6.0137800E-03,1.4028850E-03,5.0476500E-04,1.9026580E-04,6.6570000E-05,2.2446210E-05,1.0426420E-05,5.0523600E-06,2.3529590E-06,1.0214910E-06,4.1455300E-07,2.4922800E-07,8.8537300E-08,3.3621200E-08,2.3817400E-08,1.3226420E-08,6.0236000E-09,3.8105100E-09,2.2295600E-09,1.6064710E-09,1.0163310E-09,6.8545600E-10,4.5748800E-10,3.3309900E-10,2.3970300E-10,1.6970330E-10,1.2818150E-10,9.8877000E-11,7.0690700E-11,5.2071800E-11,4.3013900E-11,3.8380900E-11,2.9467800E-11,1.9967290E-11,1.4781820E-11,1.0060680E-11,7.8904600E-12,6.0861900E-12,4.4253100E-12
682.5,1.3351130E+00,6.7164170E-02,5.9643600E-03,1.4324110E-03,5.1932100E-04,1.9636900E-04,6.8210900E-05,2.2614270E-05,1.0501730E-05,5.0963900E-06,2.3712400E-06,1.0219290E-06,4.1038500E-07,2.4916300E-07,8.6317700E-08,3.1854200E-08,2.2804390E-08,1.2586440E-08,5.5929200E-09,3.5307200E-09,2.0440870E-09,1.4777800E-09,9.2786300E-10,6.2388700E-10,4.1437200E-10,3.0211600E-10,2.1742900E-10,1.5359500E-10,1.1623080E-10,8.9970600E-11,6.4201000E-11,4.7299200E-11,3.9344900E-11,3.5494100E-11,2.7314600E-11,1.8398060E-11,1.3616150E-11,9.2186900E-12,7.2574800E-12,5.6046000E-12,4.0645000E-12
687.5,1.1668626E+00,5.4752810E-02,4.4485300E-03,1.0313720E-03,3.7388000E-04,1.4197640E-04,4.8843700E-05,1.5843940E-05,7.3571700E-06,3.5775900E-06,1.6630530E-06,7.1046400E-07,2.8219600E-07,1.7328850E-07,5.8483000E-08,2.1140940E-08,1.5187390E-08,8.3380200E-09,3.6523400E-09,2.2956360E-09,1.3189620E-09,9.4852700E-10,5.9043100E-10,3.9417900E-10,2.5966600E-10,1.8821260E-10,1.3466700E-10,9.4426300E-11,7.1102900E-11,5.4880900E-11,3.8921000E-11,2.8554800E-11,2.3806100E-11,2.1650400E-11,1.6662440E-11,1.1114250E-11,8.2016000E-12,5.5042800E-12,4.3438300E-12,3.3528500E-12,2.4183400E-12
692.5,1.1699599E+00,4.5805770E-02,2.7342610E-03,5.5386200E-04,1.9891200E-04,7.5833400E-05,2.5984400E-05,8.3495900E-06,3.8867500E-06,1.8905800E-06,8.7828000E-07,3.7352400E-07,1.4807110E-07,9.1580300E-08,3.0726200E-08,1.1319850E-08,8.0120900E-09,4.4027200E-09,1.9601160E-09,1.2243480E-09,7.0502000E-10,4.9795800E-10,3.0809400E-10,2.0359270E-10,1.3287630E-10,9.4895800E-11,6.7062500E-11,4.6473400E-11,3.4515100E-11,2.6327000E-11,1.8499670E-11,1.3461700E-11,1.1144680E-11,1.0105360E-11,7.7516300E-12,5.1225500E-12,3.7614500E-12,2.5054000E-12,1.9786140E-12,1.5234340E-12,1.0924100E-12
697.5,1.1980341E+00,3.4781180E-02,1.4144320E-03,2.5036600E-04,9.0031000E-05,3.4503600E-05,1.1878780E-05,3.8506100E-06,1.8003400E-06,8.7290200E-07,4.0506500E-07,1.7241520E-07,6.8987000E-08,4.2615600E-08,1.4582650E-08,5.7118300E-09,3.8923600E-09,2.1498720E-09,1.0011110E-09,6.1869700E-10,3.5944900E-10,2.4601200E-10,1.5147910E-10,9.8630900E-11,6.3627300E-11,4.4314700E-11,3.0680000E-11,2.0892130E-11,1.5138480E-11,1.1281210E-11,7.8184800E-12,5.6095500E-12,4.5555100E-12,4.0612300E-12,3.0910300E-12,2.0226230E-12,1.4729600E-12,9.7411700E-13,7.6761500E-13,5.8799100E-13,4.1873300E-13
702.5,1.1721238E+00,2.2711136E-02,6.0074200E-04,9.8785100E-05,3.6142000E-05,1.3896580E-05,4.9002500E-06,1.6710400E-06,7.8231400E-07,3.7482100E-07,1.7337180E-07,7.4801900E-08,3.0858000E-08,1.8506520E-08,6.7948500E-09,2.9525500E-09,1.8902830E-09,1.0518130E-09,5.2411500E-10,3.1911700E-10,1.8760430E-10,1.2352450E-10,7.5842500E-11,4.8575000E-11,3.0982000E-11,2.0934380E-11,1.4137820E-11,9.4451100E-12,6.6326300E-12,4.7848000E-12,3.2658600E-12,2.3014800E-12,1.8072660E-12,1.5503660E-12,1.1632280E-12,7.5853000E-13,5.4676400E-13,3.6167100E-13,2.8289700E-13,2.1502700E-13,1.5257600E-13
707.5,1.1990210E+00,1.3320715E-02,2.1176760E-04,3.6307000E-05,1.3637820E-05,5.2198700E-06,1.9242580E-06,7.2063000E-07,3.3347100E-07,1.5565530E-07,7.1220400E-08,3.1468800E-08,1.3585970E-08,7.6011200E-09,3.1260600E-09,1.5162440E-09,9.0022400E-10,5.0179800E-10,2.6778100E-10,1.5981590E-10,9.4636800E-11,5.9765900E-11,3.6530000E-11,2.2955600E-11,1.4454370E-11,9.4426300E-12,6.1966100E-12,4.0540800E-12,2.7448300E-12,1.9004650E-12,1.2746110E-12,8.7792000E-13,6.5565200E-13,5.2635400E-13,3.8552100E-13,2.5282800E-13,1.7994190E-13,1.2030120E-13,9.2559500E-14,6.9568700E-14,4.9490000E-14
712.5,1.1871181E+00,5.7974620E-03,6.6174200E-05,1.6527860E-05,6.2723600E-06,2.3458100E-06,8.9037200E-07,3.5807600E-07,1.6113410E-07,7.2546500E-08,3.2445300E-08,1.4503700E-08,6.4269200E-09,3.3218100E-09,1.4911630E-09,7.6691700E-10,4.2933000E-10,2.3697400E-10,1.3104170E-10,7.6588300E-11,4.5192400E-11,2.7617500E-11,1.6737950E-11,1.0337240E-11,6.4294800E-12,4.0936500E-12,2.6279800E-12,1.6939400E-12,1.1178690E-12,7.5106200E-13,4.9883100E-13,3.3884600E-13,2.4307500E-13,1.8307220E-13,1.3133510E-13,8.7997900E-14,6.2448600E-14,4.2900400E-14,3.2574400E-14,2.4394800E-14,1.7660390E-14
717.5,9.7985828E-01,1.6162559E-03,3.0426300E-05,1.0343110E-05,3.8151000E-06,1.3769140E-06,5.1281100E-07,2.0497060E-07,8.9412300E-08,3.8994800E-08,1.6970100E-08,7.4670200E-09,3.2691000E-09,1.6231370E-09,7.3433000E-10,3.7703800E-10,2.0526850E-10,1.1151090E-10,6.1382700E-11,3.5320900E-11,2.0616490E-11,1.2417050E-11,7.4609800E-12,4.5713000E-12,2.8293700E-12,1.7947470E-12,1.1522760E-12,7.4552100E-13,4.9495000E-13,3.3561400E-13,2.2616100E-13,1.5639420E-13,1.1404120E-13,8.6666100E-14,6.3281300E-14,4.3511600E-14,3.1494600E-14,2.2288800E-14,1.7227630E-14,1.3122960E-14,9.7086700E-15
722.5,9.7723751E-01,4.5871190E-04,2.0064210E-05,6.9105000E-06,2.4408000E-06,8.4556500E-07,3.0306800E-07,1.1677560E-07,4.9320700E-08,2.0857210E-08,8.8160800E-09,3.7698900E-09,1.6047020E-09,7.8180500E-10,3.4335800E-10,1.7202850E-10,9.2230600E-11,4.9279900E-11,2.6533500E-11,1.5095660E-11,8.7096500E-12,5.2387500E-12,3.1348000E-12,1.9270090E-12,1.2006890E-12,7.7546900E-13,5.0975100E-13,3.3785100E-13,2.3198800E-13,1.6388080E-13,1.1437220E-13,8.2369800E-14,6.3103700E-14,5.0281700E-14,3.8052200E-14,2.6657900E-14,1.9725080E-14,1.4264940E-14,1.1309250E-14,8.7699500E-15,6.5702600E-15
727.5,9.5750677E-01,1.2275930E-04,1.3680400E-05,4.4700500E-06,1.4968580E-06,4.9358900E-07,1.6880590E-07,6.2142700E-08,2.5286300E-08,1.0328100E-08,4.2253900E-09,1.7475360E-09,7.1987600E-10,3.4607700E-10,1.4622920E-10,7.1191900E-11,3.7886500E-11,2.0026930E-11,1.0526420E-11,5.9852800E-12,3.4477400E-12,2.1132200E-12,1.2795520E-12,8.0600400E-13,5.1674600E-13,3.4884100E-13,2.4064500E-13,1.6654630E-13,1.2025280E-13,8.9539800E-14,6.5083500E-14,4.8859400E-14,3.9109000E-14,3.2308400E-14,2.5112300E-14,1.7799140E-14,1.3334330E-14,9.7809600E-15,7.8691700E-15,6.1595900E-15,4.6407100E-15
732.5,1.0386345E+00,4.4726000E-05,9.2085900E-06,2.8068900E-06,8.8352700E-07,2.7538800E-07,8.9297800E-08,3.1204100E-08,1.2201350E-08,4.8057900E-09,1.9013380E-09,7.5847400E-10,3.0149100E-10,1.4486400E-10,5.8283500E-11,2.7490800E-11,1.4777470E-11,7.8365900E-12,4.0209700E-12,2.3358000E-12,1.3702440E-12,8.8434600E-13,5.5495000E-13,3.6768500E-13,2.4804900E-13,1.7836180E-13,1.3058120E-13,9.4691900E-14,7.1636000E-14,5.5692300E-14,4.1733100E-14,3.2224700E-14,2.6486500E-14,2.2290600E-14,1.7586050E-14,1.2525810E-14,9.4244700E-15,6.9676300E-15,5.6440600E-15,4.4344700E-15,3.3461900E-15
737.5,1.0888342E+00,2.5129800E-05,6.2713000E-06,1.7622230E-06,5.1683700E-07,1.5123440E-07,4.6208100E-08,1.5221130E-08,5.7201800E-09,2.1777900E-09,8.3678200E-10,3.2248600E-10,1.2391760E-10,6.1473800E-11,2.3325700E-11,1.0715960E-11,6.0655700E-12,3.3324900E-12,1.6895710E-12,1.0418100E-12,6.4147600E-13,4.4941100E-13,2.9743800E-13,2.0908700E-13,1.4847300E-13,1.1244170E-13,8.5878800E-14,6.4115600E-14,4.9752000E-14,3.9512400E-14,3.0024100E-14,2.3462100E-14,1.9483320E-14,1.6489610E-14,1.3085510E-14,9.3239100E-15,7.0132500E-15,5.2013000E-15,4.2225000E-15,3.3197400E-15,2.5035100E-15
742.5,1.1133694E+00,1.8634500E-05,4.4706400E-06,1.1475900E-06,3.1206900E-07,8.5631300E-08,2.4678200E-08,7.6705700E-09,2.8063800E-09,1.0499730E-09,3.9942100E-10,1.5105190E-10,5.6987500E-11,3.0625400E-11,1.1002910E-11,5.0138900E-12,3.1208100E-12,1.8215500E-12,9.2822700E-13,6.1484900E-13,3.9850500E-13,2.9817700E-13,2.0501700E-13,1.4936260E-13,1.0900030E-13,8.4550800E-14,6.5726800E-14,4.9608700E-14,3.8829500E-14,3.1048000E-14,2.3685400E-14,1.8568690E-14,1.5462980E-14,1.3101110E-14,1.0412640E-14,7.4099800E-15,5.5658600E-15,4.1290100E-15,3.3533200E-15,2.6352200E-15,1.9845430E-15
747.5,1.1287303E+00,1.5431230E-05,3.3087800E-06,7.6947300E-07,1.9343000E-07,4.9899800E-08,1.3649190E-08,4.0306000E-09,1.4724640E-09,5.5744400E-10,2.1648600E-10,8.2481700E-11,3.1348700E-11,1.8851170E-11,6.5586700E-12,3.0329700E-12,2.0789300E-12,1.2795520E-12,6.6104200E-13,4.5855200E-13,3.0602200E-13,2.3592900E-13,1.6478440E-13,1.2158240E-13,8.9482800E-14,6.9863600E-14,5.4533300E-14,4.1237900E-14,3.2317000E-14,2.5860400E-14,1.9722390E-14,1.5457530E-14,1.2875400E-14,1.0910410E-14,8.6695100E-15,6.1567200E-15,4.6169800E-15,3.4199800E-15,2.7769300E-15,2.1803300E-15,1.6388740E-15
752.5,1.1200955E+00,1.2982290E-05,2.4640100E-06,5.1696800E-07,1.2045170E-07,2.9698700E-08,7.8717000E-09,2.2641200E-09,8.6035500E-10,3.4150300E-10,1.3908370E-10,5.4554200E-11,2.1253600E-11,1.3908670E-11,4.8036900E-12,2.2610300E-12,1.6272740E-12,1.0256020E-12,5.3397100E-13,3.7626200E-13,2.5334500E-13,1.9680830E-13,1.3789810E-13,1.0194350E-13,7.5077900E-14,5.8630400E-14,4.5749600E-14,3.4554800E-14,2.7051100E-14,2.1628200E-14,1.6467920E-14,1.2890320E-14,1.0735440E-14,9.0992600E-15,7.2265300E-15,5.1172200E-15,3.8295300E-15,2.8303000E-15,2.2977000E-15,1.8020860E-15,1.3512770E-15
757.5,9.7586625E-01,1.0940000E-05,1.8785490E-06,3.5717600E-07,7.7889900E-08,1.8549660E-08,4.8866400E-09,1.4071290E-09,5.6969900E-10,2.3921900E-10,1.0192840E-10,4.1062000E-11,1.6330370E-11,1.1148960E-11,3.8555000E-12,1.8343870E-12,1.3424830E-12,8.5271000E-13,4.4528600E-13,3.1481900E-13,2.1225000E-13,1.6494870E-13,1.1548100E-13,8.5259800E-14,6.2684000E-14,4.8875200E-14,3.8077500E-14,2.8695300E-14,2.2422800E-14,1.7904670E-14,1.3603030E-14,1.0630290E-14,8.8520600E-15,7.5059500E-15,5.9583200E-15,4.2041500E-15,3.1382800E-15,2.3132900E-15,1.8778880E-15,1.4710720E-15,1.0998770E-15
762.5,5.1675266E-01,9.3183700E-06,1.4963640E-06,2.6140000E-07,5.4145400E-08,1.2748570E-08,3.4077000E-09,1.0016050E-09,4.2977300E-10,1.8796410E-10,8.2277400E-11,3.3646800E-11,1.3524060E-11,9.3583600E-12,3.2460500E-12,1.5521690E-12,1.1389570E-12,7.2431500E-13,3.7862300E-13,2.6745300E-13,1.8008990E-13,1.3970190E-13,9.7598100E-14,7.1889200E-14,5.2718900E-14,4.1015300E-14,3.1886500E-14,2.3965100E-14,1.8686500E-14,1.4898410E-14,1.1290620E-14,8.8063200E-15,7.3323100E-15,6.2214000E-15,4.9359100E-15,3.4691700E-15,2.5828000E-15,1.8979850E-15,1.5407760E-15,1.2055000E-15,8.9851700E-16
767.5,9.2716516E-01,9.0590300E-06,1.2724320E-06,2.0921290E-07,4.1934000E-08,9.8685900E-09,2.6840700E-09,8.0429100E-10,3.5617200E-10,1.5866160E-10,7.0173200E-11,2.8866900E-11,1.1651410E-11,8.0718900E-12,2.8097700E-12,1.3472790E-12,9.8683200E-13,6.2699100E-13,3.2800400E-13,2.3118400E-13,1.5533980E-13,1.2018510E-13,8.3742200E-14,6.1513400E-14,4.4974500E-14,3.4902300E-14,2.7066700E-14,2.0283800E-14,1.5780040E-14,1.2560180E-14,9.4929100E-15,7.3886800E-15,6.1510800E-15,5.2242600E-15,4.1418300E-15,2.8996800E-15,2.1534600E-15,1.5770740E-15,1.2803400E-15,1.0005620E-15,7.4346800E-16
772.5,1.0620974E+00,8.6863900E-06,1.1388820E-06,1.7955080E-07,3.5189900E-08,8.2780200E-09,2.2751000E-09,6.8968900E-10,3.0929000E-10,1.3861750E-10,6.1469000E-11,2.5340700E-11,1.0246630E-11,7.0748400E-12,2.4726600E-12,1.1879820E-12,8.6727100E-13,5.5002700E-13,2.8793300E-13,2.0236050E-13,1.3561180E-13,1.0459970E-13,7.2661300E-14,5.3211200E-14,3.8773800E-14,3.0008300E-14,2.3207500E-14,1.7338990E-14,1.3458050E-14,1.0693520E-14,8.0592000E-15,6.2590300E-15,5.2105000E-15,4.4314300E-15,3.5105900E-15,2.4482100E-15,1.8140350E-15,1.3236230E-15,1.0748090E-15,8.3908000E-16,6.2161200E-16
777.5,1.0645476E+00,8.8818200E-06,1.0557150E-06,1.6143120E-07,3.1068100E-08,7.2753400E-09,2.0046380E-09,6.1064800E-10,2.7471300E-10,1.2325330E-10,5.4655100E-11,2.2558700E-11,9.1339800E-12,6.2749900E-12,2.2037100E-12,1.0607240E-12,7.7131300E-13,4.8804900E-13,2.5570700E-13,1.7912720E-13,1.1968630E-13,9.2002700E-14,6.3701500E-14,4.6499000E-14,3.3761600E-14,2.6053900E-14,2.0090350E-14,1.4963940E-14,1.1588050E-14,9.1915200E-15,6.9073400E-15,5.3526500E-15,4.4561500E-15,3.7961400E-15,3.0048700E-15,2.0877800E-15,1.5439760E-15,1.1223110E-15,9.1163600E-16,7.1109600E-16,5.2535700E-16
782.5,1.0578149E+00,9.6811700E-06,9.9703500E-07,1.4841800E-07,2.8076600E-08,6.5331600E-09,1.7995340E-09,5.4968500E-10,2.4738800E-10,1.1097790E-10,4.9182300E-11,2.0326320E-11,8.2433100E-12,5.6289400E-12,1.9885260E-12,9.5930700E-13,6.9446200E-13,4.3830900E-13,2.2999700E-13,1.6055220E-13,1.0695360E-13,8.1906700E-14,5.6524800E-14,4.1123500E-14,2.9749000E-14,2.2887800E-14,1.7593550E-14,1.3064810E-14,1.0094360E-14,7.9920100E-15,5.9889900E-15,4.6305700E-15,3.8547800E-15,3.2894800E-15,2.6013300E-15,1.8014850E-15,1.3302110E-15,9.6331600E-16,7.8272600E-16,6.1013500E-16,4.4970600E-16
787.5,1.0245909E+00,1.1174070E-05,9.4636800E-07,1.3723720E-07,2.5535000E-08,5.9055900E-09,1.6259220E-09,4.9806100E-10,2.2414600E-10,1.0052940E-10,4.4529700E-11,1.8436610E-11,7.4940300E-12,5.0822400E-12,1.8090570E-12,8.7566000E-13,6.3066900E-13,3.9705400E-13,2.0896400E-13,1.4534240E-13,9.6562700E-14,7.3636200E-14,5.0663500E-14,3.6737400E-14,2.6481200E-14,2.0306700E-14,1.5557040E-14,1.1519100E-14,8.8791000E-15,7.0150400E-15,5.2424900E-15,4.0440900E-15,3.3648400E-15,2.8750400E-15,2.2708900E-15,1.5684450E-15,1.1568080E-15,8.3481100E-16,6.7836200E-16,5.2846100E-16,3.8875200E-16
792.5,9.9112054E-01,1.2837630E-05,8.8792800E-07,1.2536850E-07,2.2962600E-08,5.2864500E-09,1.4567430E-09,4.4796200E-10,2.0168120E-10,9.0458700E-11,4.0064200E-11,1.6627540E-11,6.7808800E-12,4.5654200E-12,1.6406210E-12,7.9833800E-13,5.7155700E-13,3.5910600E-13,1.8993240E-13,1.3163240E-13,8.7286800E-14,6.6244000E-14,4.5465600E-14,3.2862300E-14,2.3610700E-14,1.8040110E-14,1.3771540E-14,1.0168780E-14,7.8178300E-15,6.1609200E-15,4.5923300E-15,3.5341000E-15,2.9368000E-15,2.5097800E-15,1.9796230E-15,1.3644920E-15,1.0053430E-15,7.2344300E-16,5.8766400E-16,4.5748800E-16,3.3602100E-16
797.5,9.8616359E-01,1.4152750E-05,8.1867500E-07,1.1247440E-07,2.0309650E-08,4.6654200E-09,1.2892470E-09,3.9854900E-10,1.7963050E-10,8.0602100E-11,3.5712800E-11,1.4867540E-11,6.0902600E-12,4.0701800E-12,1.4798100E-12,7.2559700E-13,5.1591300E-13,3.2370000E-13,1.7246010E-13,1.1911490E-13,7.8909700E-14,5.9563700E-14,4.0810100E-14,2.9407200E-14,2.1068400E-14,1.6033480E-14,1.2193820E-14,8.9799500E-15,6.8834000E-15,5.4077200E-15,4.0211000E-15,3.0866900E-15,2.5591200E-15,2.1841100E-15,1.7198300E-15,1.1838000E-15,8.7131200E-16,6.2565500E-16,5.0775600E-16,3.9492000E-16,2.8969900E-16
802.5,9.6668048E-01,1.4850400E-05,7.4588200E-07,9.9640300E-08,1.7766750E-08,4.0826300E-09,1.1335940E-09,3.5278400E-10,1.5927410E-10,7.1528400E-11,3.1722100E-11,1.3258450E-11,5.4624100E-12,3.6220000E-12,1.3354980E-12,6.6123000E-13,4.6657000E-13,2.9250700E-13,1.5732630E-13,1.0831040E-13,7.1748300E-14,5.3839200E-14,3.6850400E-14,2.6477600E-14,1.8923620E-14,1.4338810E-14,1.0861760E-14,7.9790100E-15,6.0957800E-15,4.7712300E-15,3.5396400E-15,2.7096500E-15,2.2388400E-15,1.9052980E-15,1.4971090E-15,1.0297940E-15,7.5717800E-16,5.4287400E-16,4.3984500E-16,3.4168700E-16,2.5039700E-16
807.5,9.6839171E-01,1.3903240E-05,6.6478700E-07,8.6333800E-08,1.5228270E-08,3.5086500E-09,9.8062400E-10,3.0759700E-10,1.3919000E-10,6.2582500E-11,2.7795300E-11,1.1670450E-11,4.8410000E-12,3.1853500E-12,1.1929670E-12,5.9744600E-13,4.1810800E-13,2.6207600E-13,1.4250150E-13,9.7803600E-14,6.4829200E-14,4.8345000E-14,3.3073800E-14,2.3698300E-14,1.6901970E-14,1.2748210E-14,9.6177300E-15,7.0476300E-15,5.3642500E-15,4.1811700E-15,3.0950000E-15,2.3624300E-15,1.9435130E-15,1.6468960E-15,1.2910400E-15,8.8773700E-16,6.5182200E-16,4.6694600E-16,3.7749300E-16,2.9280500E-16,2.1437200E-16
812.5,8.8024207E-01,9.4222100E-06,5.6519900E-07,7.1389700E-08,1.2490480E-08,2.8937800E-09,8.1582200E-10,2.5820400E-10,1.1718870E-10,5.2762200E-11,2.3478900E-11,9.9048200E-12,4.1393500E-12,2.7058400E-12,1.0294490E-12,5.2200400E-13,3.6220500E-13,2.2714600E-13,1.2486970E-13,8.5453300E-14,5.6698300E-14,4.2014000E-14,2.8735900E-14,2.0532400E-14,1.4616610E-14,1.0972380E-14,8.2454100E-15,6.0260200E-15,4.5679000E-15,3.5448100E-15,2.6181900E-15,1.9927470E-15,1.6316800E-15,1.3750350E-15,1.0757370E-15,7.3922100E-16,5.4159700E-16,3.8797400E-16,3.1293600E-16,2.4230800E-16,1.7718400E-16
817.5,7.6615071E-01,5.6730600E-06,4.6002700E-07,5.6578500E-08,9.8563400E-09,2.3038300E-09,6.5640200E-10,2.0977300E-10,9.5527900E-11,4.3075200E-11,1.9211890E-11,8.1440500E-12,3.4298300E-12,2.2288700E-12,8.6110700E-13,4.4203200E-13,3.0411300E-13,1.9084550E-13,1.0599570E-13,7.2329200E-14,4.8035400E-14,3.5372700E-14,2.4187400E-14,1.7232860E-14,1.2245490E-14,9.1489500E-15,6.8491900E-15,4.9915900E-15,3.7675000E-15,2.9108200E-15,2.1452500E-15,1.6282140E-15,1.3268160E-15,1.1112570E-15,8.6787100E-16,5.9579700E-16,4.3528100E-16,3.1198500E-16,2.5108000E-16,1.9405160E-16,1.4168480E-16
822.5,8.0585746E-01,4.0718300E-06,3.5421500E-07,4.3076300E-08,7.5183700E-09,1.7815310E-09,5.1404500E-10,1.6595470E-10,7.5831700E-11,3.4253000E-11,1.5315430E-11,6.5234800E-12,2.7677400E-12,1.7883780E-12,7.0082800E-13,3.6361400E-13,2.4814000E-13,1.5577840E-13,8.7278100E-14,5.9380800E-14,3.9454600E-14,2.8880200E-14,1.9737750E-14,1.4020960E-14,9.9443200E-15,7.3954300E-15,5.5165000E-15,4.0087000E-15,3.0127100E-15,2.3178700E-15,1.7045780E-15,1.2902670E-15,1.0466730E-15,8.7122700E-16,6.7948900E-16,4.6585700E-16,3.3923000E-16,2.4337100E-16,1.9545250E-16,1.5078120E-16,1.0991250E-16
827.5,8.4624160E-01,2.8840000E-06,2.8336100E-07,3.2216100E-08,5.9549900E-09,1.4384510E-09,4.0912700E-10,1.3569500E-10,6.0829300E-11,2.7910300E-11,1.2578190E-11,5.3229200E-12,2.2562200E-12,1.4480910E-12,5.7463500E-13,3.0025800E-13,2.0341420E-13,1.2759990E-13,7.1961600E-14,4.8800600E-14,3.2411300E-14,2.3591700E-14,1.6107310E-14,1.1407280E-14,8.0734200E-15,5.9779000E-15,4.4433300E-15,3.2197600E-15,2.4103400E-15,1.8472080E-15,1.3555220E-15,1.0233490E-15,8.2675400E-16,6.8449100E-16,5.3311800E-16,3.6503800E-16,2.6503100E-16,1.9025610E-16,1.5249380E-16,1.1744300E-16,8.5481700E-17
832.5,8.3870165E-01,1.9172280E-06,1.7598610E-07,2.2044780E-08,3.7102580E-09,9.7021900E-10,2.7963780E-10,1.0094700E-10,4.6915900E-11,2.1777970E-11,1.0217070E-11,4.5071100E-12,1.9922200E-12,1.2190600E-12,4.8968600E-13,2.5608000E-13,1.7244060E-13,1.0786180E-13,6.1030600E-14,4.1673900E-14,2.7331000E-14,1.9792270E-14,1.3489190E-14,9.5226700E-15,6.7224800E-15,4.9577200E-15,3.6721000E-15,2.6538300E-15,1.9800920E-15,1.5123440E-15,1.1073830E-15,8.3388100E-16,6.7142000E-16,5.5378400E-16,4.3066300E-16,2.9457700E-16,2.1341900E-16,1.5317640E-16,1.2254040E-16,9.4244600E-17,6.8516000E-17
837.5,8.9246468E-01,1.6467841E-06,1.3486897E-07,1.4377914E-08,2.8076580E-09,6.9290320E-10,2.0330430E-10,7.1603700E-11,3.2938380E-11,1.5521270E-11,7.0671100E-12,3.2540150E-12,1.4875400E-12,7.7547600E-13,3.6816400E-13,2.0333140E-13,1.3002560E-13,7.8010000E-14,4.8490700E-14,3.1465400E-14,2.1297820E-14,1.5045900E-14,1.0367110E-14,7.3745300E-15,5.2837300E-15,3.8742500E-15,2.8237200E-15,2.0928100E-15,1.5855340E-15,1.1928280E-15,8.6629100E-16,6.5483600E-16,5.2146900E-16,4.3431700E-16,3.2925400E-16,2.3157000E-16,1.7978450E-16,1.2098060E-16,9.7123100E-17,7.5273500E-17,5.5009900E-17
842.5,9.0768759E-01,1.7024682E-06,1.1475265E-07,1.3232506E-08,2.1606624E-09,6.0667130E-10,1.7020115E-10,5.8324780E-11,2.5429010E-11,1.1071385E-11,5.3784000E-12,2.3209350E-12,1.1057190E-12,5.4117400E-13,2.8267460E-13,1.3329160E-13,9.0462800E-14,5.4746700E-14,3.3153910E-14,2.3014460E-14,1.5270750E-14,1.0851930E-14,7.5077100E-15,5.4014300E-15,3.8491000E-15,2.7783400E-15,2.0599520E-15,1.5776600E-15,1.1777830E-15,8.8048900E-16,6.6037000E-16,5.1368400E-16,4.2441400E-16,3.4046200E-16,2.5221100E-16,1.8519480E-16,1.3872090E-16,9.9898700E-17,7.8535600E-17,6.1157500E-17,4.5858600E-17
847.5,8.9666308E-01,1.6270031E-06,9.7984967E-08,1.0926037E-08,2.0918445E-09,6.0563320E-10,1.8540951E-10,6.0739481E-11,2.3627492E-11,1.1592709E-11,5.0933284E-12,2.3498164E-12,1.0923114E-12,5.0857550E-13,2.5157250E-13,1.1354170E-13,7.5601880E-14,4.6955590E-14,2.7857730E-14,1.8044340E-14,1.1941850E-14,8.6259300E-15,6.0131600E-15,4.2792900E-15,3.0720070E-15,2.2502350E-15,1.7110990E-15,1.2502890E-15,9.2618200E-16,7.1004900E-16,5.3678300E-16,4.2256800E-16,3.3831500E-16,2.8097200E-16,2.0684300E-16,1.5483000E-16,1.1522050E-16,8.5496200E-17,6.7007100E-17,5.2670900E-17,4.0114300E-17
852.5,8.3096740E-01,1.3833684E-06,1.0510742E-07,1.0396126E-08,2.1828268E-09,6.4744633E-10,1.9724604E-10,6.5992438E-11,2.6675716E-11,1.3196731E-11,5.9110051E-12,2.6633892E-12,1.1525463E-12,5.5795880E-13,2.7741212E-13,1.1154233E-13,7.5268860E-14,4.4844820E-14,2.4611780E-14,1.6303960E-14,1.0291070E-14,7.5261100E-15,5.1464560E-15,3.5482870E-15,2.5614290E-15,1.9227530E-15,1.4156490E-15,1.0582150E-15,7.8867800E-16,6.1403300E-16,4.6373900E-16,3.6621700E-16,2.9069800E-16,2.3918150E-16,1.8033020E-16,1.4062010E-16,1.0028660E-16,7.6785000E-17,5.9632400E-17,4.7298100E-17,3.6347100E-17
857.5,8.8243059E-01,1.2853357E-06,8.4598088E-08,9.4504273E-09,2.3529112E-09,7.2377872E-10,2.2887255E-10,8.0298610E-11,3.1275729E-11,1.4780895E-11,6.7314251E-12,3.1153555E-12,1.3247495E-12,6.2987791E-13,3.2037854E-13,1.2136702E-13,7.7948110E-14,4.6828130E-14,2.4845570E-14,1.5780650E-14,9.8858700E-15,6.8783680E-15,4.8414500E-15,3.3929860E-15,2.4122190E-15,1.7506520E-15,1.3019200E-15,9.6511400E-16,7.2480300E-16,5.7373700E-16,4.4589300E-16,3.4395400E-16,2.7331000E-16,2.2632820E-16,1.7250750E-16,1.3241830E-16,9.6572200E-17,7.2933300E-17,5.7257500E-17,4.5865200E-17,3.5047600E-17
862.5,8.9434600E-01,1.1966129E-06,7.6091464E-08,9.9209066E-09,2.3837782E-09,7.7668128E-10,2.8299976E-10,8.7876820E-11,3.5644871E-11,1.7371278E-11,7.7732506E-12,3.5639669E-12,1.5814247E-12,7.4173390E-13,3.4429134E-13,1.3695286E-13,8.2831920E-14,4.9731340E-14,2.5617510E-14,1.6090000E-14,1.0028007E-14,6.9337470E-15,4.7753830E-15,3.3057590E-15,2.2811490E-15,1.6993010E-15,1.2551630E-15,9.1588000E-16,6.9844600E-16,5.5772700E-16,4.4191200E-16,3.3379800E-16,2.6555130E-16,2.2075980E-16,1.7514370E-16,1.2905580E-16,9.5607000E-17,7.2639900E-17,5.7257100E-17,4.5633500E-17,3.5176300E-17
