,0,5,10,15,20,25,30,35,40,45,50,55,60,65,70,75,80,85,90,95,100,105,110,115,120,125,130,135,140,145,150,155,160,165,170,175,180,185,190,195,200
352.5,6.2550600E-01,1.0535300E-01,1.5531000E-02,2.5067600E-03,4.1544700E-04,6.1750800E-05,1.0962300E-05,2.6161100E-06,7.4849700E-07,1.9895200E-07,5.2372900E-08,1.4926700E-08,4.1582500E-09,1.7068600E-09,5.4478700E-10,2.9945300E-10,1.5182700E-10,8.0424000E-11,4.8715900E-11,2.9860500E-11,1.9525700E-11,1.2816400E-11,8.4539600E-12,5.7103200E-12,3.9022800E-12,2.6858600E-12,1.8514500E-12,1.2895600E-12,9.0088000E-13,6.1954600E-13,4.2736200E-13,2.9814500E-13,2.0800700E-13,1.4054600E-13,9.3571100E-14,6.2819000E-14,4.2735100E-14,2.8947200E-14,2.0103000E-14,1.3862700E-14,9.5714700E-15
357.5,5.5472000E-01,1.0841200E-01,1.8542200E-02,3.4352900E-03,6.5158900E-04,1.1174700E-04,2.2573400E-05,5.9932600E-06,1.8818100E-06,5.5198000E-07,1.6046800E-07,5.0206000E-08,1.5382300E-08,6.7474000E-09,2.3448000E-09,1.3488100E-09,7.1984000E-10,4.0011400E-10,2.5194300E-10,1.6042100E-10,1.0848700E-10,7.3631600E-11,5.0200000E-11,3.4990500E-11,2.4657700E-11,1.7491500E-11,1.2426300E-11,8.9127600E-12,6.4107700E-12,4.5437700E-12,3.2298700E-12,2.3201800E-12,1.6668600E-12,1.1621400E-12,7.9915600E-13,5.5383800E-13,3.8862200E-13,2.7157200E-13,1.9425400E-13,1.3804300E-13,9.8207300E-14
362.5,6.2165100E-01,1.3327600E-01,2.5003400E-02,5.0485200E-03,1.0416000E-03,1.9524000E-04,4.2755800E-05,1.2143800E-05,4.0466200E-06,1.2636900E-06,3.9129300E-07,1.2994300E-07,4.2303100E-08,1.9391600E-08,7.1187600E-09,4.2290600E-09,2.3381800E-09,1.3441100E-09,8.7077400E-10,5.7009400E-10,3.9546600E-10,2.7527100E-10,1.9244400E-10,1.3741800E-10,9.9157700E-11,7.2003800E-11,5.2360100E-11,3.8431200E-11,2.8282600E-11,2.0520400E-11,1.4929200E-11,1.0972500E-11,8.0646600E-12,5.7596900E-12,4.0590300E-12,2.8822500E-12,2.0711600E-12,1.4824300E-12,1.0852600E-12,7.8937400E-13,5.7479700E-13
367.5,7.3200100E-01,1.6583900E-01,3.2866500E-02,6.9837100E-03,1.5146500E-03,2.9924000E-04,6.8752300E-05,2.0342500E-05,7.0310400E-06,2.2813000E-06,7.3411000E-07,2.5288800E-07,8.5450200E-08,4.0307500E-08,1.5310600E-08,9.3059700E-09,5.2715700E-09,3.1022100E-09,2.0525200E-09,1.3719400E-09,9.7049000E-10,6.8879400E-10,4.9092400E-10,3.5726600E-10,2.6268600E-10,1.9433400E-10,1.4396200E-10,1.0762000E-10,8.0657900E-11,5.9614300E-11,4.4180800E-11,3.3069700E-11,2.4753400E-11,1.8011800E-11,1.2936500E-11,9.3609100E-12,6.8531900E-12,4.9979400E-12,3.7262900E-12,2.7609100E-12,2.0478200E-12
372.5,6.3466000E-01,1.4870000E-01,3.0467600E-02,6.6761400E-03,1.4920700E-03,3.0428700E-04,7.1954300E-05,2.1806000E-05,7.6980400E-06,2.5540700E-06,8.4052000E-07,2.9576200E-07,1.0212400E-07,4.8944700E-08,1.8960000E-08,1.1663700E-08,6.6947300E-09,3.9896600E-09,2.6685600E-09,1.8031400E-09,1.2884400E-09,9.2368500E-10,6.6498700E-10,4.8865600E-10,3.6273800E-10,2.7092600E-10,2.0259700E-10,1.5287500E-10,1.1564900E-10,8.6301100E-11,6.4567900E-11,4.8784800E-11,3.6860100E-11,2.7080500E-11,1.9642800E-11,1.4353200E-11,1.0609900E-11,7.8131800E-12,5.8802500E-12,4.3982300E-12,3.2932100E-12
377.5,7.0932800E-01,1.6827100E-01,3.4881000E-02,7.7220500E-03,1.7430300E-03,3.5928100E-04,8.5757600E-05,2.6180200E-05,9.3007100E-06,3.1067500E-06,1.0293700E-06,3.6451100E-07,1.2668600E-07,6.0984800E-08,2.3760400E-08,1.4661600E-08,8.4456000E-09,5.0500300E-09,3.3874400E-09,2.2954200E-09,1.6445900E-09,1.1821900E-09,8.5335300E-10,6.2872000E-10,4.6796700E-10,3.5042100E-10,2.6274800E-10,1.9878200E-10,1.5076800E-10,1.1280000E-10,8.4623800E-11,6.4101300E-11,4.8560600E-11,3.5776100E-11,2.6023000E-11,1.9066800E-11,1.4132100E-11,1.0435200E-11,7.8741800E-12,5.9052600E-12,4.4333800E-12
382.5,5.8859600E-01,1.4281800E-01,3.0266000E-02,6.8385300E-03,1.5746400E-03,3.3144300E-04,8.0640300E-05,2.5024600E-05,9.0223700E-06,3.0605800E-06,1.0299500E-06,3.7013300E-07,1.3059100E-07,6.3629300E-08,2.5139100E-08,1.5671900E-08,9.1243800E-09,5.5128300E-09,3.7338800E-09,2.5546300E-09,1.8474300E-09,1.3404200E-09,9.7653500E-10,7.2612600E-10,5.4536300E-10,4.1208800E-10,3.1180000E-10,2.3802700E-10,1.8216400E-10,1.3752500E-10,1.0409800E-10,7.9567700E-11,6.0821200E-11,4.5220900E-11,3.3194600E-11,2.4545200E-11,1.8358300E-11,1.3679200E-11,1.0415000E-11,7.8822100E-12,5.9711300E-12
387.5,6.4247000E-01,1.6076500E-01,3.5127300E-02,8.1666000E-03,1.9336900E-03,4.1909300E-04,1.0474800E-04,3.3270600E-05,1.2249700E-05,4.2471200E-06,1.4609700E-06,5.3620500E-07,1.9326200E-07,9.5773200E-08,3.8593900E-08,2.4402100E-08,1.4419700E-08,8.8388500E-09,6.0667600E-09,4.2057800E-09,3.0801100E-09,2.2629900E-09,1.6693600E-09,1.2566300E-09,9.5540100E-10,7.3075900E-10,5.5964200E-10,4.3237900E-10,3.3489400E-10,2.5590000E-10,1.9604800E-10,1.5165500E-10,1.1731700E-10,8.8288400E-11,6.5605700E-11,4.9104700E-11,3.7177000E-11,2.8042700E-11,2.1609900E-11,1.6551500E-11,1.2690600E-11
392.5,6.9285900E-01,1.7840200E-01,4.0103100E-02,9.5711000E-03,2.3250000E-03,5.1771000E-04,1.3260500E-04,4.2985000E-05,1.6113600E-05,5.6936900E-06,1.9962900E-06,7.4602600E-07,2.7387400E-07,1.3755200E-07,5.6358500E-08,3.5992300E-08,2.1503200E-08,1.3318900E-08,9.2238400E-09,6.4509600E-09,4.7630200E-09,3.5277300E-09,2.6235600E-09,1.9904200E-09,1.5249600E-09,1.1752600E-09,9.0692300E-10,7.0597100E-10,5.5085600E-10,4.2415900E-10,3.2743600E-10,2.5518800E-10,1.9888400E-10,1.5084800E-10,1.1298900E-10,8.5242400E-11,6.5033500E-11,4.9433500E-11,3.8380400E-11,2.9620400E-11,2.2883300E-11
397.5,8.4198700E-01,2.2226400E-01,5.1251400E-02,1.2530700E-02,3.1169600E-03,7.1163600E-04,1.8648600E-04,6.1638700E-05,2.3511800E-05,8.4605000E-06,3.0212700E-06,1.1488700E-06,4.2926800E-07,2.1857000E-07,9.1019100E-08,5.8765000E-08,3.5518500E-08,2.2247900E-08,1.5563300E-08,1.0993600E-08,8.1938300E-09,6.1246500E-09,4.5972000E-09,3.5196900E-09,2.7210200E-09,2.1158900E-09,1.6474000E-09,1.2938800E-09,1.0186000E-09,7.9131400E-10,6.1630100E-10,4.8458400E-10,3.8102600E-10,2.9159300E-10,2.2042100E-10,1.6781500E-10,1.2919400E-10,9.9101900E-11,7.7629500E-11,6.0446800E-11,4.7115200E-11
402.5,1.0946800E+00,2.9461600E-01,6.9242200E-02,1.7233000E-02,4.3618400E-03,1.0140900E-03,2.7023400E-04,9.0635300E-05,3.5040200E-05,1.2784400E-05,4.6291300E-06,1.7840200E-06,6.7575300E-07,3.4805600E-07,1.4680800E-07,9.5787700E-08,5.8514900E-08,3.7040100E-08,2.6179100E-08,1.8681800E-08,1.4066100E-08,1.0623100E-08,8.0545400E-09,6.2289300E-09,4.8641900E-09,3.8206600E-09,3.0046100E-09,2.3833600E-09,1.8950900E-09,1.4869800E-09,1.1696900E-09,9.2886900E-10,7.3761500E-10,5.7008600E-10,4.3522900E-10,3.3463800E-10,2.6018600E-10,2.0158700E-10,1.5947800E-10,1.2541500E-10,9.8728100E-11
407.5,1.0648100E+00,2.8832100E-01,6.8153400E-02,1.7050100E-02,4.3370200E-03,1.0136600E-03,2.7141000E-04,9.1416600E-05,3.5483900E-05,1.2999200E-05,4.7263300E-06,1.8289100E-06,6.9557700E-07,3.5974800E-07,1.5234800E-07,9.9874200E-08,6.1283900E-08,3.8971300E-08,2.7685800E-08,1.9858900E-08,1.5033600E-08,1.1415600E-08,8.7025000E-09,6.7674500E-09,5.3145100E-09,4.1979600E-09,3.3199300E-09,2.6485700E-09,2.1180400E-09,1.6711200E-09,1.3218700E-09,1.0556800E-09,8.4309600E-10,6.5520100E-10,5.0287600E-10,3.8875600E-10,3.0393900E-10,2.3676400E-10,1.8837200E-10,1.4896700E-10,1.1792700E-10
412.5,1.1491500E+00,3.1103000E-01,7.3444000E-02,1.8347000E-02,4.6600400E-03,1.0876200E-03,2.9074700E-04,9.7763000E-05,3.7887300E-05,1.3857600E-05,5.0301700E-06,1.9433700E-06,7.3800100E-07,3.8135100E-07,1.6128300E-07,1.0575400E-07,6.4885800E-08,4.1263700E-08,2.9336300E-08,2.1061100E-08,1.5964500E-08,1.2138700E-08,9.2665600E-09,7.2172400E-09,5.6772600E-09,4.4920900E-09,3.5586500E-09,2.8440400E-09,2.2784700E-09,1.8007100E-09,1.4268300E-09,1.1415700E-09,9.1332100E-10,7.1087400E-10,5.4637000E-10,4.2301400E-10,3.3124000E-10,2.5844000E-10,2.0598700E-10,1.6317900E-10,1.2939700E-10
417.5,1.1634800E+00,3.1687900E-01,7.5272200E-02,1.8894200E-02,4.8208300E-03,1.1312600E-03,3.0359000E-04,1.0226800E-04,3.9665700E-05,1.4528000E-05,5.2808600E-06,2.0420600E-06,7.7636600E-07,4.0091400E-07,1.6963700E-07,1.1110700E-07,6.8109300E-08,4.3274200E-08,3.0737900E-08,2.2048200E-08,1.6702200E-08,1.2691800E-08,9.6830100E-09,7.5378500E-09,5.9266100E-09,4.6875500E-09,3.7119300E-09,2.9655400E-09,2.3750700E-09,1.8764900E-09,1.4863900E-09,1.1888500E-09,9.5091100E-10,7.3986100E-10,5.6842300E-10,4.3988600E-10,3.4432300E-10,2.6851600E-10,2.1394700E-10,1.6942200E-10,1.3430200E-10
422.5,1.1567900E+00,3.2228600E-01,7.8312000E-02,2.0052900E-02,5.2160500E-03,1.2504800E-03,3.4160100E-04,1.1649000E-04,4.5601400E-05,1.6879600E-05,6.2023700E-06,2.4211400E-06,9.2967800E-07,4.8190700E-07,2.0551800E-07,1.3463700E-07,8.2649100E-08,5.2555900E-08,3.7315100E-08,2.6754600E-08,2.0249500E-08,1.5374600E-08,1.1720600E-08,9.1153800E-09,7.1601500E-09,5.6576800E-09,4.4762400E-09,3.5729100E-09,2.8587900E-09,2.2567200E-09,1.7860400E-09,1.4272100E-09,1.1404900E-09,8.8679100E-10,6.8086500E-10,5.2652100E-10,4.1181000E-10,3.2093200E-10,2.5548600E-10,2.0213400E-10,1.6009600E-10
427.5,1.0685200E+00,3.0186600E-01,7.4364700E-02,1.9269800E-02,5.0697200E-03,1.2311000E-03,3.3981200E-04,1.1666000E-04,4.5883900E-05,1.7080800E-05,6.3125400E-06,2.4760300E-06,9.5571100E-07,4.9601100E-07,2.1235300E-07,1.3897800E-07,8.5296300E-08,5.4211000E-08,3.8441100E-08,2.7528600E-08,2.0804700E-08,1.5774600E-08,1.2008700E-08,9.3267800E-09,7.3160800E-09,5.7729000E-09,4.5608000E-09,3.6351600E-09,2.9046100E-09,2.2897100E-09,1.8097200E-09,1.4441800E-09,1.1525600E-09,8.9508900E-10,6.8643600E-10,5.3017900E-10,4.1412700E-10,3.2229300E-10,2.5621600E-10,2.0245700E-10,1.6014000E-10
432.5,1.0578900E+00,2.9945500E-01,7.3894300E-02,1.9166300E-02,5.0466800E-03,1.2271400E-03,3.3887000E-04,1.1624100E-04,4.5657300E-05,1.6978500E-05,6.2685300E-06,2.4555700E-06,9.4672100E-07,4.9023500E-07,2.0956100E-07,1.3679600E-07,8.3759100E-08,5.3106200E-08,3.7566600E-08,2.6839800E-08,2.0238800E-08,1.5312200E-08,1.1631600E-08,9.0147800E-09,7.0565500E-09,5.5565900E-09,4.3815700E-09,3.4854900E-09,2.7796300E-09,2.1869700E-09,1.7251800E-09,1.3741000E-09,1.0945700E-09,8.4837400E-10,6.4933700E-10,5.0053300E-10,3.9020600E-10,3.0310300E-10,2.4049800E-10,1.8966300E-10,1.4973100E-10
437.5,1.2364800E+00,3.5739200E-01,9.0062600E-02,2.3789600E-02,6.3751200E-03,1.5812600E-03,4.4370300E-04,1.5375500E-04,6.0814400E-05,2.2807800E-05,8.4941100E-06,3.3513400E-06,1.3021500E-06,6.7498300E-07,2.9011700E-07,1.8879500E-07,1.1540600E-07,7.3006200E-08,5.1446800E-08,3.6619400E-08,2.7493100E-08,2.0712000E-08,1.5667200E-08,1.2089500E-08,9.4213800E-09,7.3865200E-09,5.7989000E-09,4.5926400E-09,3.6464400E-09,2.8568900E-09,2.2440500E-09,1.7796500E-09,1.4115400E-09,1.0898300E-09,8.3090200E-10,6.3793900E-10,4.9528300E-10,3.8312200E-10,3.0268300E-10,2.3770900E-10,1.8686600E-10
442.5,1.3213600E+00,3.9463200E-01,1.0281700E-01,2.7985100E-02,7.7208800E-03,1.9771100E-03,5.7004500E-04,2.0144100E-04,8.0895300E-05,3.0865600E-05,1.1696700E-05,4.6868900E-06,1.8505900E-06,9.6561600E-07,4.2040100E-07,2.7357100E-07,1.6759400E-07,1.0614700E-07,7.4680300E-08,5.3061900E-08,3.9715900E-08,2.9832400E-08,2.2497100E-08,1.7299500E-08,1.3433700E-08,1.0493100E-08,8.2075800E-09,6.4751400E-09,5.1212500E-09,3.9985800E-09,3.1297100E-09,2.4726700E-09,1.9539700E-09,1.5040000E-09,1.1436200E-09,8.7545800E-10,6.7746800E-10,5.2241100E-10,4.1120100E-10,3.2179700E-10,2.5208500E-10
447.5,1.3892900E+00,4.4036200E-01,1.2194500E-01,3.5083300E-02,1.0215700E-02,2.7736800E-03,8.4125700E-04,3.0880700E-04,1.2787500E-04,5.0476000E-05,1.9798000E-05,8.1823900E-06,3.3359900E-06,1.7685800E-06,7.9075500E-07,5.1672000E-07,3.1904500E-07,2.0332000E-07,1.4317400E-07,1.0180100E-07,7.6072700E-08,5.7050600E-08,4.2953600E-08,3.2948000E-08,2.5512200E-08,1.9869400E-08,1.5494600E-08,1.2183600E-08,9.6041500E-09,7.4776800E-09,5.8364600E-09,4.5963800E-09,3.6205100E-09,2.7818300E-09,2.1122900E-09,1.6141000E-09,1.2462300E-09,9.5899000E-10,7.5250100E-10,5.8725200E-10,4.5873900E-10
452.5,1.4457500E+00,4.7751600E-01,1.3793000E-01,4.1252300E-02,1.2475400E-02,3.5274300E-03,1.1090000E-03,4.1870700E-04,1.7749900E-04,7.1873800E-05,2.8926500E-05,1.2241500E-05,5.1134200E-06,2.7487500E-06,1.2547600E-06,8.2464600E-07,5.1348100E-07,3.2957400E-07,2.3284000E-07,1.6608400E-07,1.2426900E-07,9.3318800E-08,7.0344100E-08,5.3988600E-08,4.1814900E-08,3.2568400E-08,2.5400800E-08,1.9969800E-08,1.5737900E-08,1.2258200E-08,9.5697300E-09,7.5355200E-09,5.9351500E-09,4.5645300E-09,3.4708700E-09,2.6550700E-09,2.0511300E-09,1.5794500E-09,1.2394100E-09,9.6754600E-10,7.5601100E-10
457.5,1.4544300E+00,5.0083200E-01,1.5101800E-01,4.7010100E-02,1.4783900E-02,4.3576500E-03,1.4221100E-03,5.5343300E-04,2.4078200E-04,1.0024600E-04,4.1491200E-05,1.8022300E-05,7.7310600E-06,4.2278700E-06,1.9756200E-06,1.3113000E-06,8.2634400E-07,5.3621100E-07,3.8166300E-07,2.7422300E-07,2.0633300E-07,1.5580300E-07,1.1808400E-07,9.1071300E-08,7.0856000E-08,5.5431500E-08,4.3421300E-08,3.4277500E-08,2.7123900E-08,2.1222500E-08,1.6641300E-08,1.3157800E-08,1.0406500E-08,8.0432000E-09,6.1490600E-09,4.7279800E-09,3.6702600E-09,2.8401800E-09,2.2382400E-09,1.7550600E-09,1.3774300E-09
462.5,1.4462900E+00,5.1169600E-01,1.5863300E-01,5.0683300E-02,1.6350800E-02,4.9501000E-03,1.6555900E-03,6.5776300E-04,2.9144500E-04,1.2369300E-04,5.2196800E-05,2.3091300E-05,1.0091000E-05,5.5906700E-06,2.6561700E-06,1.7777500E-06,1.1313500E-06,7.4080400E-07,5.3083900E-07,3.8389300E-07,2.9037800E-07,2.2041100E-07,1.6792000E-07,1.3011600E-07,1.0169100E-07,7.9897600E-08,6.2858500E-08,4.9824700E-08,3.9586800E-08,3.1111300E-08,2.4501100E-08,1.9452700E-08,1.5447600E-08,1.1997800E-08,9.2189600E-09,7.1238900E-09,5.5559600E-09,4.3199800E-09,3.4187700E-09,2.6925500E-09,2.1223900E-09
467.5,1.4470600E+00,5.2893200E-01,1.6957400E-01,5.5896500E-02,1.8591300E-02,5.8137000E-03,2.0019100E-03,8.1442100E-04,3.6826600E-04,1.5973200E-04,6.8897900E-05,3.1108300E-05,1.3880200E-05,7.7941300E-06,3.7712400E-06,2.5431000E-06,1.6336300E-06,1.0787500E-06,7.7732300E-07,5.6519000E-07,4.2923300E-07,3.2713800E-07,2.5021800E-07,1.9455300E-07,1.5252700E-07,1.2020500E-07,9.4857600E-08,7.5401600E-08,6.0072000E-08,4.7357600E-08,3.7409000E-08,2.9784400E-08,2.3720600E-08,1.8487900E-08,1.4262000E-08,1.1061800E-08,8.6565400E-09,6.7548600E-09,5.3615300E-09,4.2354700E-09,3.3488900E-09
472.5,1.4608100E+00,5.5300500E-01,1.8385500E-01,6.2687500E-02,2.1550700E-02,6.9808400E-03,2.4807300E-03,1.0350000E-03,4.7814500E-04,2.1223100E-04,9.3697700E-05,4.3226100E-05,1.9716400E-05,1.1222900E-05,5.5350300E-06,3.7581500E-06,2.4357700E-06,1.6212100E-06,1.1737100E-06,8.5728200E-07,6.5301200E-07,4.9915200E-07,3.8287100E-07,2.9836700E-07,2.3440400E-07,1.8509600E-07,1.4634100E-07,1.1651600E-07,9.2978400E-08,7.3450800E-08,5.8134500E-08,4.6364000E-08,3.6988200E-08,2.8907100E-08,2.2365600E-08,1.7393100E-08,1.3642600E-08,1.0670000E-08,8.4842300E-09,6.7161500E-09,5.3209200E-09
477.5,1.4961800E+00,5.8855200E-01,2.0362300E-01,7.2019000E-02,2.5660200E-02,8.6376600E-03,3.1751100E-03,1.3599100E-03,6.4199900E-04,2.9178700E-04,1.3193800E-04,6.2212400E-05,2.9020200E-05,1.6723200E-05,8.4060700E-06,5.7333100E-06,3.7419800E-06,2.5052500E-06,1.8177200E-06,1.3304300E-06,1.0137300E-06,7.7514700E-07,5.9473100E-07,4.6332800E-07,3.6377700E-07,2.8704800E-07,2.2678800E-07,1.8039900E-07,1.4381000E-07,1.1354800E-07,8.9821500E-08,7.1569900E-08,5.7047300E-08,4.4581600E-08,3.4509400E-08,2.6841000E-08,2.1050200E-08,1.6465100E-08,1.3081200E-08,1.0348700E-08,8.1940800E-09
482.5,1.4853300E+00,6.0124200E-01,2.1428000E-01,7.7900000E-02,2.8511100E-02,9.8767200E-03,3.7244500E-03,1.6276800E-03,7.8152100E-04,3.6176900E-04,1.6664000E-04,7.9921900E-05,3.7934400E-05,2.2077900E-05,1.1263900E-05,7.7120500E-06,5.0633200E-06,3.4064600E-06,2.4766400E-06,1.8158400E-06,1.3840400E-06,1.0586600E-06,8.1246700E-07,6.3276400E-07,4.9654900E-07,3.9153200E-07,3.0906900E-07,2.4563700E-07,1.9562700E-07,1.5438500E-07,1.2206000E-07,9.7174200E-08,7.7391500E-08,6.0484000E-08,4.6835600E-08,3.6433500E-08,2.8566000E-08,2.2341500E-08,1.7737700E-08,1.4025600E-08,1.1099100E-08
487.5,1.3835400E+00,5.7403100E-01,2.0989000E-01,7.8150300E-02,2.9279900E-02,1.0397400E-02,4.0093200E-03,1.7842400E-03,8.7005400E-04,4.0950000E-04,1.9181600E-04,9.3436800E-05,4.5056100E-05,2.6474700E-05,1.3693200E-05,9.4136000E-06,6.2173500E-06,4.2044400E-06,3.0636100E-06,2.2511900E-06,1.7170500E-06,1.3143500E-06,1.0094100E-06,7.8624900E-07,6.1691700E-07,4.8631200E-07,3.8386700E-07,3.0494700E-07,2.4273000E-07,1.9153400E-07,1.5140000E-07,1.2047800E-07,9.5914800E-08,7.4987700E-08,5.8112900E-08,4.5232800E-08,3.5473900E-08,2.7751000E-08,2.2024200E-08,1.7412200E-08,1.3776700E-08
492.5,1.4719600E+00,6.2103900E-01,2.3109800E-01,8.7483800E-02,3.3313600E-02,1.2034100E-02,4.7135600E-03,2.1245600E-03,1.0472700E-03,4.9870300E-04,2.3638000E-04,1.1640500E-04,5.6753700E-05,3.3555600E-05,1.7519800E-05,1.2057800E-05,7.9867000E-06,5.4123700E-06,3.9408300E-06,2.8935700E-06,2.2020400E-06,1.6818400E-06,1.2886500E-06,1.0008500E-06,7.8280800E-07,6.1509900E-07,4.8403000E-07,3.8312900E-07,3.0391000E-07,2.3911000E-07,1.8843600E-07,1.4944200E-07,1.1857200E-07,9.2485400E-08,7.1526600E-08,5.5546300E-08,4.3443000E-08,3.3895800E-08,2.6814200E-08,2.1136200E-08,1.6672800E-08
497.5,1.4584900E+00,6.2815500E-01,2.3881200E-01,9.2221300E-02,3.5809500E-02,1.3206700E-02,5.2694900E-03,2.4094500E-03,1.2016300E-03,5.7964100E-04,2.7833900E-04,1.3868800E-04,6.8429900E-05,4.0668500E-05,2.1441600E-05,1.4733700E-05,9.7683300E-06,6.6189400E-06,4.8010400E-06,3.5115400E-06,2.6569600E-06,2.0177700E-06,1.5371700E-06,1.1862200E-06,9.2160100E-07,7.1918200E-07,5.6197100E-07,4.4168900E-07,3.4783800E-07,2.7186700E-07,2.1279100E-07,1.6756700E-07,1.3201800E-07,1.0239200E-07,7.8764000E-08,6.0812700E-08,4.7269700E-08,3.6665500E-08,2.8799800E-08,2.2550500E-08,1.7670500E-08
502.5,1.4060400E+00,6.1401300E-01,2.3680900E-01,9.2630300E-02,3.6419800E-02,1.3617300E-02,5.4962200E-03,2.5315700E-03,1.2684000E-03,6.1552100E-04,2.9738400E-04,1.4888300E-04,7.3826200E-05,4.3773900E-05,2.3141800E-05,1.5750100E-05,1.0374300E-05,6.9751000E-06,4.9998400E-06,3.6146300E-06,2.6975100E-06,2.0209000E-06,1.5186500E-06,1.1553100E-06,8.8444500E-07,6.8005600E-07,5.2362200E-07,4.0539500E-07,3.1448100E-07,2.4230000E-07,1.8696600E-07,1.4505700E-07,1.1259900E-07,8.6160100E-08,6.5430300E-08,4.9847800E-08,3.8213000E-08,2.9237300E-08,2.2633800E-08,1.7470600E-08,1.3494700E-08
507.5,1.4679600E+00,6.4212600E-01,2.4803600E-01,9.7010700E-02,3.8127700E-02,1.4270100E-02,5.7512600E-03,2.6334500E-03,1.3082100E-03,6.3041700E-04,3.0251100E-04,1.5019500E-04,7.3885000E-05,4.3134300E-05,2.2573600E-05,1.5016300E-05,9.6992300E-06,6.3886000E-06,4.4683900E-06,3.1530400E-06,2.2920800E-06,1.6733500E-06,1.2254400E-06,9.0788200E-07,6.7682800E-07,5.0671500E-07,3.7993700E-07,2.8637000E-07,2.1626100E-07,1.6233600E-07,1.2201200E-07,9.2177400E-08,6.9683100E-08,5.2002700E-08,3.8527500E-08,2.8625200E-08,2.1386900E-08,1.5949100E-08,1.2024400E-08,9.0426800E-09,6.8052800E-09
512.5,1.4356500E+00,6.2310500E-01,2.3868100E-01,9.2435600E-02,3.5967300E-02,1.3344500E-02,5.3191800E-03,2.3990700E-03,1.1711900E-03,5.5549100E-04,2.6239200E-04,1.2806600E-04,6.1949600E-05,3.5316600E-05,1.8141500E-05,1.1705900E-05,7.3597500E-06,4.7140200E-06,3.1950500E-06,2.1854400E-06,1.5374200E-06,1.0865200E-06,7.7043900E-07,5.5237100E-07,3.9842200E-07,2.8861300E-07,2.0941100E-07,1.5270600E-07,1.1157900E-07,8.1096500E-08,5.9015400E-08,4.3151100E-08,3.1576200E-08,2.2835500E-08,1.6400300E-08,1.1808400E-08,8.5452100E-09,6.1739100E-09,4.5057000E-09,3.2808400E-09,2.3908600E-09
517.5,1.3324600E+00,5.8168700E-01,2.2412900E-01,8.7186700E-02,3.4066600E-02,1.2706500E-02,5.0813100E-03,2.2905600E-03,1.1150600E-03,5.2804400E-04,2.4906900E-04,1.2124400E-04,5.8507400E-05,3.3068500E-05,1.6914500E-05,1.0756300E-05,6.6831100E-06,4.2263300E-06,2.8198200E-06,1.8988000E-06,1.3129600E-06,9.1232200E-07,6.3607000E-07,4.4815300E-07,3.1760200E-07,2.2604200E-07,1.6115500E-07,1.1543600E-07,8.2859700E-08,5.9194800E-08,4.2336800E-08,3.0415000E-08,2.1869900E-08,1.5554900E-08,1.0992700E-08,7.7844700E-09,5.5389700E-09,3.9350300E-09,2.8219800E-09,2.0198900E-09,1.4468000E-09
522.5,1.4305800E+00,6.3540000E-01,2.4929000E-01,9.8659900E-02,3.9208200E-02,1.4884200E-02,6.0505400E-03,2.7655400E-03,1.3626500E-03,6.5363300E-04,3.1232400E-04,1.5389000E-04,7.5171000E-05,4.2811100E-05,2.2133400E-05,1.4118400E-05,8.8117500E-06,5.5945800E-06,3.7382500E-06,2.5207700E-06,1.7433700E-06,1.2116200E-06,8.4486100E-07,5.9506500E-07,4.2150800E-07,2.9978900E-07,2.1360900E-07,1.5287100E-07,1.0964000E-07,7.8284200E-08,5.5958600E-08,4.0171000E-08,2.8861100E-08,2.0526000E-08,1.4510100E-08,1.0276000E-08,7.3095700E-09,5.1923100E-09,3.7211100E-09,2.6619500E-09,1.9056700E-09
527.5,1.4089800E+00,6.3789700E-01,2.5534000E-01,1.0294500E-01,4.1658800E-02,1.6124300E-02,6.6677700E-03,3.0878300E-03,1.5377200E-03,7.4633200E-04,3.6088900E-04,1.7973000E-04,8.8763500E-05,5.0817000E-05,2.6512000E-05,1.6916600E-05,1.0580800E-05,6.7265500E-06,4.4892200E-06,3.0236600E-06,2.0864400E-06,1.4468700E-06,1.0066500E-06,7.0713800E-07,4.9949900E-07,3.5421900E-07,2.5165300E-07,1.7956500E-07,1.2839200E-07,9.1432900E-08,6.5173700E-08,4.6646300E-08,3.3415200E-08,2.3711700E-08,1.6727900E-08,1.1821400E-08,8.3903500E-09,5.9462400E-09,4.2490100E-09,3.0318000E-09,2.1646600E-09
532.5,1.4268100E+00,6.5294100E-01,2.6433400E-01,1.0767100E-01,4.4010400E-02,1.7222100E-02,7.1883400E-03,3.3502500E-03,1.6760100E-03,8.1790400E-04,3.9769300E-04,1.9898600E-04,9.8749000E-05,5.6552100E-05,2.9602600E-05,1.8817900E-05,1.1743300E-05,7.4449200E-06,4.9447000E-06,3.3150000E-06,2.2743400E-06,1.5683200E-06,1.0849900E-06,7.5762700E-07,5.3190900E-07,3.7490700E-07,2.6473000E-07,1.8771500E-07,1.3338000E-07,9.4417300E-08,6.6914600E-08,4.7599700E-08,3.3891100E-08,2.3914900E-08,1.6782000E-08,1.1794100E-08,8.3217400E-09,5.8639900E-09,4.1654200E-09,2.9547300E-09,2.0972400E-09
537.5,1.4404200E+00,6.6600000E-01,2.7253900E-01,1.1206100E-01,4.6222100E-02,1.8273600E-02,7.6898800E-03,3.6007400E-03,1.8060300E-03,8.8456700E-04,4.3173800E-04,2.1661300E-04,1.0781900E-04,6.1620900E-05,3.2301400E-05,2.0409400E-05,1.2681000E-05,7.9993900E-06,5.2757400E-06,3.5125600E-06,2.3912600E-06,1.6364100E-06,1.1235300E-06,7.7836300E-07,5.4204400E-07,3.7898300E-07,2.6546200E-07,1.8672700E-07,1.3160900E-07,9.2447300E-08,6.4997900E-08,4.5867200E-08,3.2396000E-08,2.2691100E-08,1.5808400E-08,1.1027300E-08,7.7216900E-09,5.4006400E-09,3.8058000E-09,2.6787300E-09,1.8866900E-09
542.5,1.4127400E+00,6.5417500E-01,2.6807600E-01,1.1024000E-01,4.5467200E-02,1.7993000E-02,7.5650100E-03,3.5281500E-03,1.7595600E-03,8.5776500E-04,4.1672900E-04,2.0792900E-04,1.0295800E-04,5.8280600E-05,3.0354000E-05,1.8930300E-05,1.1628800E-05,7.2495600E-06,4.7181600E-06,3.0997800E-06,2.0810000E-06,1.4046400E-06,9.5126900E-07,6.4993600E-07,4.4638000E-07,3.0780000E-07,2.1267600E-07,1.4752000E-07,1.0254000E-07,7.1047200E-08,4.9271000E-08,3.4294500E-08,2.3893600E-08,1.6518600E-08,1.1358700E-08,7.8200700E-09,5.4034400E-09,3.7294100E-09,2.5929600E-09,1.8007400E-09,1.2515200E-09
547.5,1.4235700E+00,6.5498500E-01,2.6654800E-01,1.0867000E-01,4.4424200E-02,1.7450700E-02,7.2645800E-03,3.3416800E-03,1.6406400E-03,7.8835200E-04,3.7757900E-04,1.8551700E-04,9.0494900E-05,5.0204800E-05,2.5725700E-05,1.5673800E-05,9.4245000E-06,5.7482400E-06,3.6539300E-06,2.3461100E-06,1.5383100E-06,1.0144700E-06,6.7126300E-07,4.4803200E-07,3.0060600E-07,2.0247000E-07,1.3668300E-07,9.2630600E-08,6.2920500E-08,4.2615200E-08,2.8892500E-08,1.9655800E-08,1.3386000E-08,9.0514900E-09,6.0886400E-09,4.1005400E-09,2.7709200E-09,1.8710800E-09,1.2723900E-09,8.6454300E-10,5.8795300E-10
552.5,1.4279800E+00,6.5559800E-01,2.6614600E-01,1.0803300E-01,4.3958000E-02,1.7216100E-02,7.1248400E-03,3.2438000E-03,1.5726800E-03,7.4727700E-04,3.5397800E-04,1.7180200E-04,8.2821900E-05,4.5160900E-05,2.2831300E-05,1.3616700E-05,8.0315800E-06,4.8032500E-06,2.9888900E-06,1.8791800E-06,1.2057200E-06,7.7825600E-07,5.0410600E-07,3.2933700E-07,2.1628400E-07,1.4264300E-07,9.4283200E-08,6.2561600E-08,4.1606500E-08,2.7594500E-08,1.8325100E-08,1.2210800E-08,8.1478500E-09,5.3992500E-09,3.5610700E-09,2.3512100E-09,1.5580400E-09,1.0320100E-09,6.8833300E-10,4.5904700E-10,3.0653600E-10
557.5,1.3932400E+00,6.4430000E-01,2.6353700E-01,1.0756200E-01,4.3990300E-02,1.7348100E-02,7.2069500E-03,3.2782300E-03,1.5839600E-03,7.5110000E-04,3.5511400E-04,1.7181400E-04,8.2602900E-05,4.4664300E-05,2.2481200E-05,1.3246100E-05,7.7320000E-06,4.5737800E-06,2.8109300E-06,1.7457100E-06,1.1056100E-06,7.0457700E-07,4.5064200E-07,2.9064400E-07,1.8844000E-07,1.2269000E-07,8.0067600E-08,5.2459500E-08,3.4449400E-08,2.2571600E-08,1.4805900E-08,9.7441100E-09,6.4234200E-09,4.2081200E-09,2.7448100E-09,1.7924500E-09,1.1750000E-09,7.7018800E-10,5.0844600E-10,3.3576600E-10,2.2222200E-10
562.5,1.4114700E+00,6.5634500E-01,2.7012700E-01,1.1077200E-01,4.5503900E-02,1.8055900E-02,7.5254100E-03,3.4195500E-03,1.6468900E-03,7.7933800E-04,3.6776000E-04,1.7739000E-04,8.5055800E-05,4.5643900E-05,2.2879600E-05,1.3337700E-05,7.7128000E-06,4.5187300E-06,2.7469000E-06,1.6873700E-06,1.0567600E-06,6.6606800E-07,4.2133800E-07,2.6875900E-07,1.7234000E-07,1.1098200E-07,7.1639200E-08,4.6424300E-08,3.0160900E-08,1.9560600E-08,1.2698100E-08,8.2731200E-09,5.3992400E-09,3.5040100E-09,2.2650300E-09,1.4662600E-09,9.5314300E-10,6.1985300E-10,4.0618500E-10,2.6657300E-10,1.7545800E-10
567.5,1.3862300E+00,6.3991000E-01,2.6128800E-01,1.0615300E-01,4.3194900E-02,1.6998600E-02,7.0118700E-03,3.1438100E-03,1.4917800E-03,6.9623700E-04,3.2407200E-04,1.5406000E-04,7.2831700E-05,3.8391400E-05,1.8955300E-05,1.0828900E-05,6.1462200E-06,3.5335000E-06,2.1058900E-06,1.2688900E-06,7.7912100E-07,4.8157700E-07,2.9881300E-07,1.8696200E-07,1.1761500E-07,7.4320500E-08,4.7084500E-08,2.9958400E-08,1.9112900E-08,1.2177700E-08,7.7723500E-09,4.9804200E-09,3.1991100E-09,2.0456000E-09,1.3041900E-09,8.3378500E-10,5.3604300E-10,3.4542200E-10,2.2477000E-10,1.4687300E-10,9.6562400E-11
572.5,1.3961800E+00,6.2595100E-01,2.4776200E-01,9.7471800E-02,3.8409200E-02,1.4651400E-02,5.8493000E-03,2.5332700E-03,1.1604800E-03,5.2332500E-04,2.3538500E-04,1.0807100E-04,4.9363000E-05,2.5083800E-05,1.1964000E-05,6.5830400E-06,3.6047600E-06,1.9992800E-06,1.1491600E-06,6.6817000E-07,3.9601800E-07,2.3640400E-07,1.4174600E-07,8.5735400E-08,5.2171100E-08,3.1913600E-08,1.9589700E-08,1.2088900E-08,7.4915400E-09,4.6446100E-09,2.8906000E-09,1.8113200E-09,1.1416300E-09,7.1939000E-10,4.5430000E-10,2.8925600E-10,1.8637500E-10,1.2131400E-10,8.0386600E-11,5.3997900E-11,3.6836600E-11
577.5,1.3923100E+00,5.9064100E-01,2.2048800E-01,8.1754900E-02,3.0374800E-02,1.0931600E-02,4.1138800E-03,1.6780900E-03,7.2428300E-04,3.0798500E-04,1.3064100E-04,5.6549200E-05,2.4363400E-05,1.1667700E-05,5.2537300E-06,2.7256300E-06,1.4105500E-06,7.3956400E-07,4.0206800E-07,2.2146100E-07,1.2447800E-07,7.0588000E-08,4.0280800E-08,2.3240500E-08,1.3531600E-08,7.9525800E-09,4.7149100E-09,2.8289700E-09,1.7190500E-09,1.0562200E-09,6.5950500E-10,4.2054100E-10,2.7411500E-10,1.8168000E-10,1.2254700E-10,8.4491300E-11,5.9622100E-11,4.2873300E-11,3.1522900E-11,2.3542900E-11,1.7814900E-11
582.5,1.4086800E+00,5.4301100E-01,1.8327000E-01,6.1422100E-02,2.0644000E-02,6.7248200E-03,2.2895400E-03,8.4503000E-04,3.3046700E-04,1.2746500E-04,4.9057900E-05,1.9272800E-05,7.5425600E-06,3.2838300E-06,1.3470100E-06,6.3729400E-07,3.0208700E-07,1.4555600E-07,7.3049100E-08,3.7392700E-08,1.9702400E-08,1.0603400E-08,5.8343100E-09,3.3122200E-09,1.9463100E-09,1.1887000E-09,7.5586300E-10,5.0145900E-10,3.4618800E-10,2.4658700E-10,1.8043600E-10,1.3519900E-10,1.0312900E-10,7.9148000E-11,6.0841900E-11,4.6919600E-11,3.6373500E-11,2.8268500E-11,2.2124400E-11,1.7371800E-11,1.3668400E-11
587.5,1.3100600E+00,4.4161300E-01,1.2957900E-01,3.7767600E-02,1.1054500E-02,3.1382700E-03,9.3121800E-04,2.9990500E-04,1.0261400E-04,3.4714800E-05,1.1743400E-05,4.0663400E-06,1.4093700E-06,5.4683500E-07,2.0227200E-07,8.7312500E-08,3.8699800E-08,1.7959900E-08,9.0183700E-09,4.8501900E-09,2.8280900E-09,1.7707900E-09,1.1777200E-09,8.2493800E-10,6.0108400E-10,4.5044500E-10,3.4387800E-10,2.6619300E-10,2.0806100E-10,1.6304600E-10,1.2798700E-10,1.0085400E-10,7.9723000E-11,6.2704200E-11,4.8973700E-11,3.8136100E-11,2.9744200E-11,2.3202100E-11,1.8198700E-11,1.4309600E-11,1.1264300E-11
592.5,1.2833000E+00,3.6666800E-01,9.0650700E-02,2.2278700E-02,5.5098400E-03,1.3239500E-03,3.3285900E-04,9.1119400E-05,2.6685800E-05,7.8059000E-06,2.3157200E-06,7.1875100E-07,2.3095400E-07,8.6721500E-08,3.3264000E-08,1.5709900E-08,8.2281100E-09,4.7329600E-09,2.9984200E-09,2.0232700E-09,1.4378600E-09,1.0550000E-09,7.8815600E-10,5.9773800E-10,4.5882100E-10,3.5525400E-10,2.7656000E-10,2.1644400E-10,1.7015000E-10,1.3364000E-10,1.0488800E-10,8.2538200E-11,6.5126000E-11,5.1113700E-11,3.9797100E-11,3.0879400E-11,2.4004100E-11,1.8666300E-11,1.4597300E-11,1.1448400E-11,8.9869900E-12
597.5,1.3138900E+00,2.9276200E-01,5.6072200E-02,1.0699300E-02,2.0637800E-03,3.8914300E-04,7.7492100E-05,1.7163100E-05,4.2498000E-06,1.1367900E-06,3.4379000E-07,1.2238200E-07,4.9511000E-08,2.4214500E-08,1.2291600E-08,7.2339600E-09,4.5665600E-09,2.9853400E-09,2.0491100E-09,1.4532600E-09,1.0621700E-09,7.9155100E-10,5.9529400E-10,4.5223100E-10,3.4678500E-10,2.6783200E-10,2.0775900E-10,1.6189600E-10,1.2668700E-10,9.9023900E-11,7.7299300E-11,6.0505400E-11,4.7511000E-11,3.7117500E-11,2.8742700E-11,2.2172500E-11,1.7144400E-11,1.3265500E-11,1.0324900E-11,8.0624100E-12,6.2993700E-12
602.5,1.3300700E+00,2.2832100E-01,3.3535600E-02,4.9301300E-03,7.3954000E-04,1.1059200E-04,1.8302400E-05,3.7278500E-06,1.0034900E-06,3.4566000E-07,1.4203900E-07,6.5203400E-08,3.1212600E-08,1.6814500E-08,9.0163900E-09,5.4401400E-09,3.5002800E-09,2.3042300E-09,1.5827800E-09,1.1216300E-09,8.1691300E-10,6.0609500E-10,4.5299800E-10,3.4176400E-10,2.6018300E-10,1.9948500E-10,1.5357400E-10,1.1874600E-10,9.2209900E-11,7.1532400E-11,5.5402800E-11,4.3035200E-11,3.3551400E-11,2.6040000E-11,2.0017900E-11,1.5325900E-11,1.1766800E-11,9.0418200E-12,6.9906000E-12,5.4237500E-12,4.2093200E-12
607.5,1.3375200E+00,2.0309800E-01,2.6347200E-02,3.4321000E-03,4.5959000E-04,6.2598900E-05,9.9411300E-06,2.1375300E-06,6.6275100E-07,2.6288400E-07,1.1731200E-07,5.5893300E-08,2.7142200E-08,1.4699700E-08,7.8798100E-09,4.7355200E-09,3.0343400E-09,1.9839900E-09,1.3502800E-09,9.4775200E-10,6.8287700E-10,5.0119700E-10,3.7038000E-10,2.7624500E-10,2.0787300E-10,1.5756500E-10,1.1993100E-10,9.1679600E-11,7.0395300E-11,5.4027100E-11,4.1396000E-11,3.1810800E-11,2.4546100E-11,1.8877200E-11,1.4375800E-11,1.0898500E-11,8.2862900E-12,6.3062200E-12,4.8282000E-12,3.7111600E-12,2.8530800E-12
612.5,1.3035700E+00,1.9086400E-01,2.3860700E-02,3.0004800E-03,3.8898300E-04,5.1661000E-05,8.1721200E-06,1.8068600E-06,5.8391900E-07,2.3798000E-07,1.0727500E-07,5.1174100E-08,2.4770100E-08,1.3346600E-08,7.0999200E-09,4.2233600E-09,2.6749900E-09,1.7280400E-09,1.1594800E-09,8.0213200E-10,5.6914000E-10,4.1148600E-10,2.9956200E-10,2.2008400E-10,1.6313000E-10,1.2183700E-10,9.1398500E-11,6.8859500E-11,5.2120700E-11,3.9468000E-11,2.9835100E-11,2.2616800E-11,1.7225000E-11,1.3098900E-11,9.8614500E-12,7.3852500E-12,5.5458700E-12,4.1696800E-12,3.1525000E-12,2.3948000E-12,1.8195200E-12
617.5,1.2979900E+00,1.8279100E-01,2.1965300E-02,2.6591500E-03,3.3272900E-04,4.2950000E-05,6.7472900E-06,1.5269800E-06,5.1004400E-07,2.1189400E-07,9.6020800E-08,4.5728600E-08,2.2022500E-08,1.1782800E-08,6.2127000E-09,3.6497900E-09,2.2823000E-09,1.4545200E-09,9.6038700E-10,6.5383000E-10,4.5599700E-10,3.2420900E-10,2.3208600E-10,1.6763400E-10,1.2214000E-10,8.9702000E-11,6.6184200E-11,4.9033600E-11,3.6505400E-11,2.7220000E-11,2.0255400E-11,1.5110900E-11,1.1334500E-11,8.5110000E-12,6.3220500E-12,4.6653500E-12,3.4512500E-12,2.5574900E-12,1.9044400E-12,1.4267600E-12,1.0689500E-12
622.5,1.2991400E+00,1.7410300E-01,1.9902800E-02,2.2964100E-03,2.7487800E-04,3.4341500E-05,5.3872200E-06,1.2669300E-06,4.4286500E-07,1.8864300E-07,8.6176400E-08,4.1054900E-08,1.9708700E-08,1.0490500E-08,5.4921800E-09,3.1923600E-09,1.9739300E-09,1.2426700E-09,8.0830400E-10,5.4199400E-10,3.7176200E-10,2.6000100E-10,1.8302200E-10,1.2993900E-10,9.3023600E-11,6.7137700E-11,4.8680900E-11,3.5428800E-11,2.5912700E-11,1.9003100E-11,1.3900500E-11,1.0189000E-11,7.5152700E-12,5.5665600E-12,4.0737800E-12,2.9564700E-12,2.1499700E-12,1.5670800E-12,1.1466100E-12,8.4555600E-13,6.2340400E-13
627.5,1.2678900E+00,1.6175900E-01,1.7594600E-02,1.9352700E-03,2.2205900E-04,2.7080800E-05,4.3341100E-06,1.0872300E-06,4.0318900E-07,1.7697800E-07,8.1830500E-08,3.9191400E-08,1.8851800E-08,1.0047200E-08,5.2499300E-09,3.0444200E-09,1.8713200E-09,1.1707000E-09,7.5560000E-10,5.0193900E-10,3.4079700E-10,2.3576500E-10,1.6411500E-10,1.1516900E-10,8.1460000E-11,5.8072800E-11,4.1586400E-11,2.9880200E-11,2.1572600E-11,1.5623100E-11,1.1282800E-11,8.1619700E-12,5.9431100E-12,4.3533100E-12,3.1491100E-12,2.2566000E-12,1.6197200E-12,1.1655400E-12,8.4126600E-13,6.1261000E-13,4.4588600E-13
632.5,1.2677500E+00,1.5297200E-01,1.5728900E-02,1.6393900E-03,1.7957300E-04,2.1450700E-05,3.5655300E-06,9.7128400E-07,3.8363800E-07,1.7353400E-07,8.1364500E-08,3.9314600E-08,1.9023800E-08,1.0205800E-08,5.3451400E-09,3.1141700E-09,1.9124100E-09,1.1953500E-09,7.7067100E-10,5.1019400E-10,3.4517400E-10,2.3765500E-10,1.6461800E-10,1.1493100E-10,8.0850100E-11,5.7302200E-11,4.0787100E-11,2.9127400E-11,2.0896500E-11,1.5033900E-11,1.0788000E-11,7.7543800E-12,5.6085700E-12,4.0797000E-12,2.9322600E-12,2.0883700E-12,1.4896900E-12,1.0649800E-12,7.6362900E-13,5.5221700E-13,3.9911600E-13
637.5,1.2746400E+00,1.4206000E-01,1.3485300E-02,1.3023200E-03,1.3397400E-04,1.5763600E-05,2.8294100E-06,8.6403300E-07,3.6575400E-07,1.7039700E-07,8.0990400E-08,3.9494300E-08,1.9239500E-08,1.0398900E-08,5.4651100E-09,3.2029200E-09,1.9689000E-09,1.2317500E-09,7.9483900E-10,5.2558400E-10,3.5519400E-10,2.4400600E-10,1.6862600E-10,1.1744400E-10,8.2400100E-11,5.8226800E-11,4.1316200E-11,2.9414800E-11,2.1035200E-11,1.5078700E-11,1.0784600E-11,7.7271600E-12,5.5691100E-12,4.0327000E-12,2.8878600E-12,2.0507300E-12,1.4586900E-12,1.0394000E-12,7.4309400E-13,5.3535700E-13,3.8548000E-13
642.5,1.2596100E+00,1.3137500E-01,1.1667700E-02,1.0575200E-03,1.0368000E-04,1.2279500E-05,2.4077500E-06,8.0526900E-07,3.5632900E-07,1.6903300E-07,8.1083200E-08,3.9800800E-08,1.9491300E-08,1.0586000E-08,5.5787300E-09,3.2789900E-09,2.0161200E-09,1.2612500E-09,8.1356700E-10,5.3705000E-10,3.6231800E-10,2.4828100E-10,1.7114900E-10,1.1888500E-10,8.3180600E-11,5.8602200E-11,4.1454600E-11,2.9425200E-11,2.0977600E-11,1.4986300E-11,1.0685200E-11,7.6331000E-12,5.4835400E-12,3.9553300E-12,2.8231800E-12,1.9993800E-12,1.4183900E-12,1.0076800E-12,7.1852200E-13,5.1595300E-13,3.7031400E-13
647.5,1.2060500E+00,1.1798100E-01,9.8287300E-03,8.3970300E-04,7.9339800E-05,9.7415500E-06,2.1315300E-06,7.7011200E-07,3.5110300E-07,1.6854200E-07,8.1320700E-08,4.0041600E-08,1.9667800E-08,1.0684900E-08,5.6388500E-09,3.3047100E-09,2.0302900E-09,1.2677900E-09,8.1517100E-10,5.3651600E-10,3.6069500E-10,2.4630800E-10,1.6916600E-10,1.1707500E-10,8.1603600E-11,5.7272100E-11,4.0359200E-11,2.8537100E-11,2.0266200E-11,1.4424200E-11,1.0246900E-11,7.2929200E-12,5.2202000E-12,3.7527100E-12,2.6696300E-12,1.8842700E-12,1.3323300E-12,9.4338600E-13,6.7050300E-13,4.7990600E-13,3.4330800E-13
652.5,1.2037800E+00,1.0222300E-01,7.4011600E-03,5.5792700E-04,4.9841400E-05,6.9893700E-06,1.8789900E-06,7.3849500E-07,3.4428800E-07,1.6691700E-07,8.0727700E-08,3.9557500E-08,1.9401400E-08,1.0415900E-08,5.4990300E-09,3.1568100E-09,1.9414500E-09,1.2063700E-09,7.6762700E-10,5.0315400E-10,3.3597900E-10,2.2850900E-10,1.5616500E-10,1.0753100E-10,7.4566200E-11,5.2106400E-11,3.6563400E-11,2.5733600E-11,1.8195700E-11,1.2911200E-11,9.1360200E-12,6.4755200E-12,4.6215900E-12,3.3236000E-12,2.3592800E-12,1.6584200E-12,1.1681600E-12,8.2457700E-13,5.8413100E-13,4.1739500E-13,2.9795000E-13
657.5,1.1472000E+00,7.7185500E-02,4.4686700E-03,2.8703700E-04,2.8464800E-05,6.1857400E-06,2.0911600E-06,8.2759600E-07,3.8107200E-07,1.8573000E-07,8.9425100E-08,4.2745300E-08,2.0726800E-08,1.0641600E-08,5.6171200E-09,2.9845100E-09,1.8565400E-09,1.1390100E-09,7.0049400E-10,4.5677300E-10,3.0001300E-10,2.0338000E-10,1.3794900E-10,9.4274600E-11,6.4879300E-11,4.5166200E-11,3.1587200E-11,2.2115500E-11,1.5577200E-11,1.1077900E-11,7.8201500E-12,5.5245100E-12,3.9521100E-12,2.8902900E-12,2.0608600E-12,1.4421800E-12,1.0125500E-12,7.1462600E-13,5.0575000E-13,3.6366600E-13,2.6059800E-13
662.5,1.2268700E+00,6.6051200E-02,3.1635000E-03,2.0488700E-04,3.2226600E-05,1.0365300E-05,3.6626300E-06,1.3375600E-06,5.9179400E-07,2.8951400E-07,1.3806400E-07,6.3059100E-08,2.9903000E-08,1.4102100E-08,7.4381800E-09,3.2890200E-09,2.1303500E-09,1.2720600E-09,7.1481500E-10,4.6418700E-10,2.9279100E-10,1.9898600E-10,1.3336800E-10,9.0103200E-11,6.1282000E-11,4.2716200E-11,2.9948500E-11,2.0887900E-11,1.4720000E-11,1.0683800E-11,7.5795300E-12,5.3649000E-12,3.9143500E-12,3.0429800E-12,2.2174800E-12,1.5469000E-12,1.0865800E-12,7.7330800E-13,5.5121700E-13,4.0637400E-13,2.9639700E-13
667.5,1.2210600E+00,5.7081900E-02,2.6243900E-03,2.3945100E-04,6.1120600E-05,2.2642500E-05,7.9484200E-06,2.7546100E-06,1.1899400E-06,5.8380200E-07,2.7657600E-07,1.2227400E-07,5.6976400E-08,2.5144800E-08,1.3239200E-08,4.7796300E-09,3.2909700E-09,1.9069800E-09,9.4324400E-10,6.1343400E-10,3.6362000E-10,2.5051900E-10,1.6566600E-10,1.1056100E-10,7.4207600E-11,5.2326300E-11,3.7173800E-11,2.5968800E-11,1.8470000E-11,1.3990600E-11,1.0078500E-11,7.2090900E-12,5.4601200E-12,4.6409200E-12,3.4885400E-12,2.4352100E-12,1.7194400E-12,1.2409100E-12,8.9639600E-13,6.8167000E-13,5.0806200E-13
672.5,1.2063100E+00,5.2400600E-02,2.6484700E-03,3.5839800E-04,1.1295400E-04,4.3282900E-05,1.5108300E-05,5.1296300E-06,2.1991800E-06,1.0809600E-06,5.1080400E-07,2.2270000E-07,1.0294500E-07,4.4195700E-08,2.3216900E-08,7.4748400E-09,5.3751800E-09,3.0627700E-09,1.3882600E-09,9.0725200E-10,5.1316700E-10,3.5893200E-10,2.3534500E-10,1.5597500E-10,1.0383400E-10,7.4178200E-11,5.3422900E-11,3.7465400E-11,2.6909700E-11,2.1084200E-11,1.5379900E-11,1.1103100E-11,8.6336200E-12,7.7389300E-12,5.9145300E-12,4.1322300E-12,2.9284500E-12,2.1289700E-12,1.5503200E-12,1.1967100E-12,9.0086800E-13
677.5,1.1987700E+00,5.0155000E-02,2.8217500E-03,4.7292800E-04,1.5961200E-04,6.1811200E-05,2.1466800E-05,7.1932300E-06,3.0746700E-06,1.5142700E-06,7.1498200E-07,3.0939600E-07,1.4242600E-07,6.0450400E-08,3.1657300E-08,9.6421600E-09,7.1068500E-09,4.0169800E-09,1.7430700E-09,1.1439000E-09,6.3199700E-10,4.4609400E-10,2.9100700E-10,1.9223100E-10,1.2740400E-10,9.1654800E-11,6.6450000E-11,4.6675600E-11,3.3665500E-11,2.6784600E-11,1.9632200E-11,1.4227100E-11,1.1193800E-11,1.0261000E-11,7.8829500E-12,5.4997000E-12,3.8993300E-12,2.8388000E-12,2.0744000E-12,1.6095200E-12,1.2147100E-12
682.5,1.1832200E+00,4.7636800E-02,2.7125000E-03,4.7601400E-04,1.6344600E-04,6.3737700E-05,2.1962800E-05,7.2313400E-06,3.0799400E-06,1.5213900E-06,7.1816900E-07,3.0829300E-07,1.4139600E-07,5.9427700E-08,3.0981500E-08,9.0606300E-09,6.7940500E-09,3.8146700E-09,1.6099800E-09,1.0585800E-09,5.7680300E-10,4.0860300E-10,2.6489300E-10,1.7428900E-10,1.1489300E-10,8.2765000E-11,6.0044300E-11,4.2081700E-11,3.0321900E-11,2.4262600E-11,1.7772000E-11,1.2874400E-11,1.0186300E-11,9.4633300E-12,7.2733200E-12,5.0510800E-12,3.5721900E-12,2.5948500E-12,1.8984300E-12,1.4752100E-12,1.1125700E-12
687.5,1.0369900E+00,3.9396300E-02,2.0626700E-03,3.4227600E-04,1.1725100E-04,4.6088200E-05,1.5710900E-05,5.0552000E-06,2.1445300E-06,1.0633800E-06,5.0191300E-07,2.1339500E-07,9.7478600E-08,4.0610600E-08,2.1013800E-08,5.9709600E-09,4.5180800E-09,2.5183500E-09,1.0467800E-09,6.8652900E-10,3.7140800E-10,2.6205900E-10,1.6832300E-10,1.1000200E-10,7.1914300E-11,5.1521200E-11,3.7155000E-11,2.5853600E-11,1.8505200E-11,1.4773400E-11,1.0759200E-11,7.7592500E-12,6.1467800E-12,5.7671500E-12,4.4191200E-12,3.0438000E-12,2.1406700E-12,1.5465100E-12,1.1307300E-12,8.7841900E-13,6.6045000E-13
692.5,1.0465800E+00,3.4347900E-02,1.3856700E-03,1.8568300E-04,6.1963900E-05,2.4490000E-05,8.2976300E-06,2.6388900E-06,1.1240700E-06,5.5817800E-07,2.6324800E-07,1.1135900E-07,5.0649600E-08,2.1321800E-08,1.0866700E-08,3.1750900E-09,2.3713000E-09,1.3179100E-09,5.5896700E-10,3.6328300E-10,1.9838300E-10,1.3790800E-10,8.7669300E-11,5.6852400E-11,3.6838800E-11,2.6036500E-11,1.8520700E-11,1.2746400E-11,9.0140200E-12,7.0918200E-12,5.1088600E-12,3.6566400E-12,2.8811600E-12,2.6942300E-12,2.0490000E-12,1.3985900E-12,9.7761400E-13,7.0118500E-13,5.1300900E-13,3.9736300E-13,2.9733800E-13
697.5,1.0773300E+00,2.6961200E-02,7.7075300E-04,8.3173400E-05,2.7639200E-05,1.0993000E-05,3.7327400E-06,1.1945400E-06,5.1583500E-07,2.5524900E-07,1.2007100E-07,5.0840100E-08,2.3003200E-08,1.0012100E-08,4.9757400E-09,1.5956400E-09,1.1415000E-09,6.3452700E-10,2.8414300E-10,1.8127800E-10,1.0116500E-10,6.8438700E-11,4.2992000E-11,2.7591300E-11,1.7689600E-11,1.2217100E-11,8.4949500E-12,5.7526100E-12,3.9915900E-12,3.0493400E-12,2.1582000E-12,1.5255000E-12,1.1843300E-12,1.0856400E-12,8.1506200E-13,5.5034200E-13,3.8180400E-13,2.7097500E-13,1.9842900E-13,1.5272700E-13,1.1346800E-13
702.5,1.0575200E+00,1.8036200E-02,3.4104300E-04,3.1776300E-05,1.0892500E-05,4.3304700E-06,1.5038200E-06,5.0536300E-07,2.2301300E-07,1.0860800E-07,5.0742600E-08,2.1810000E-08,9.8319600E-09,4.5282300E-09,2.1888300E-09,8.2620000E-10,5.4712600E-10,3.0515000E-10,1.4820000E-10,9.2071900E-11,5.2778400E-11,3.4494200E-11,2.1436500E-11,1.3599400E-11,8.6323600E-12,5.7977300E-12,3.9230700E-12,2.6101900E-12,1.7724300E-12,1.2998300E-12,9.0066700E-13,6.2698700E-13,4.7453700E-13,4.1617900E-13,3.0672100E-13,2.0561800E-13,1.4187100E-13,9.9690900E-14,7.3138700E-14,5.5745200E-14,4.1103400E-14
707.5,1.0848900E+00,1.0795000E-02,1.2055500E-04,1.1146600E-05,4.0343400E-06,1.5769000E-06,5.7375100E-07,2.1209600E-07,9.5112700E-08,4.4783200E-08,2.0589400E-08,9.0835000E-09,4.0875800E-09,1.9900800E-09,9.4236400E-10,4.2610400E-10,2.5665900E-10,1.4309400E-10,7.5450500E-11,4.5400800E-11,2.6571300E-11,1.6713900E-11,1.0269300E-11,6.4208700E-12,4.0302400E-12,2.6229800E-12,1.7212800E-12,1.1230300E-12,7.4450800E-13,5.1938900E-13,3.5109300E-13,2.3969900E-13,1.7451700E-13,1.4196900E-13,1.0207700E-13,6.8310400E-14,4.7000800E-14,3.2780500E-14,2.4043900E-14,1.8070200E-14,1.3237800E-14
712.5,1.0768400E+00,4.7645100E-03,3.0947000E-05,4.8335400E-06,1.8228600E-06,6.8599200E-07,2.5838300E-07,1.0301900E-07,4.5821700E-08,2.0681800E-08,9.2572100E-09,4.1374500E-09,1.8478800E-09,9.1574500E-10,4.2819600E-10,2.1495600E-10,1.2057400E-10,6.6536900E-11,3.6654800E-11,2.1448700E-11,1.2604500E-11,7.6866300E-12,4.6652900E-12,2.8740400E-12,1.7838700E-12,1.1330000E-12,7.2649800E-13,4.6724700E-13,3.0477200E-13,2.0510300E-13,1.3651200E-13,9.2143900E-14,6.5101200E-14,4.9312100E-14,3.4845300E-14,2.3602500E-14,1.6389500E-14,1.1509600E-14,8.4883700E-15,6.3433700E-15,4.6722200E-15
717.5,8.9080400E-01,1.3241400E-03,9.7980300E-06,2.9545500E-06,1.0902600E-06,3.9409300E-07,1.4599800E-07,5.7981800E-08,2.5129900E-08,1.0968500E-08,4.7722300E-09,2.0997800E-09,9.1942800E-10,4.4927600E-10,2.0622000E-10,1.0459400E-10,5.6908600E-11,3.0908700E-11,1.6983400E-11,9.7713900E-12,5.6889700E-12,3.4200900E-12,2.0558300E-12,1.2566200E-12,7.7589700E-13,4.9084000E-13,3.1450500E-13,2.0293000E-13,1.3323800E-13,9.0359400E-14,6.0919800E-14,4.1863000E-14,3.0142200E-14,2.3025500E-14,1.6571900E-14,1.1491300E-14,8.1739800E-15,5.8748200E-15,4.4447700E-15,3.3794700E-15,2.5337400E-15
722.5,8.9005000E-01,3.6153400E-04,5.7286500E-06,1.9455200E-06,6.8755100E-07,2.3841600E-07,8.5053800E-08,3.2595800E-08,1.3689300E-08,5.7917100E-09,2.4471400E-09,1.0464000E-09,4.4561700E-10,2.1357000E-10,9.5266200E-11,4.7194300E-11,2.5302400E-11,1.3514400E-11,7.2609200E-12,4.1326100E-12,2.3760200E-12,1.4256300E-12,8.5304700E-13,5.2250400E-13,3.2427300E-13,2.0863200E-13,1.3675000E-13,9.0324100E-14,6.1110000E-14,4.3225000E-14,3.0206900E-14,2.1616700E-14,1.6362000E-14,1.3152700E-14,9.7988700E-15,6.9356200E-15,5.0476800E-15,3.7065200E-15,2.8845700E-15,2.2347600E-15,1.6968100E-15
727.5,8.7337000E-01,8.2881800E-05,3.8133500E-06,1.2443400E-06,4.1681800E-07,1.3753200E-07,4.6833500E-08,1.7160300E-08,6.9453700E-09,2.8372400E-09,1.1601400E-09,4.7977700E-10,1.9790300E-10,9.3193400E-11,4.0192000E-11,1.9325500E-11,1.0293300E-11,5.4366300E-12,2.8478900E-12,1.6208700E-12,9.2836800E-13,5.6692600E-13,3.4304400E-13,2.1491500E-13,1.3696000E-13,9.2034900E-14,6.3302100E-14,4.3672600E-14,3.0995900E-14,2.3171900E-14,1.6895700E-14,1.2618900E-14,1.0001100E-14,8.3583200E-15,6.3968100E-15,4.5849300E-15,3.3839600E-15,2.5176100E-15,1.9940200E-15,1.5601300E-15,1.1903400E-15
732.5,9.4848600E-01,2.1687300E-05,2.5444900E-06,7.7464800E-07,2.4384100E-07,7.6032600E-08,2.4552200E-08,8.5430600E-09,3.3222000E-09,1.3082800E-09,5.1721500E-10,2.0629700E-10,8.2216000E-11,3.8374700E-11,1.5902500E-11,7.3793400E-12,3.9747500E-12,2.1042100E-12,1.0731500E-12,6.2444900E-13,3.6291100E-13,2.3307300E-13,1.4611700E-13,9.6148500E-14,6.4404400E-14,4.6146900E-14,3.3740000E-14,2.4430400E-14,1.8173600E-14,1.4224500E-14,1.0709000E-14,8.2394200E-15,6.7211200E-15,5.7270400E-15,4.4535000E-15,3.2070000E-15,2.3814100E-15,1.7828800E-15,1.4252200E-15,1.1195100E-15,8.5443600E-16
737.5,9.9514100E-01,8.9457700E-06,1.7261300E-06,4.8403800E-07,1.4191400E-07,4.1534900E-08,1.2635100E-08,4.1440900E-09,1.5473400E-09,5.8870300E-10,2.2592800E-10,8.7034000E-11,3.3598600E-11,1.5942300E-11,6.3318000E-12,2.8361100E-12,1.6124900E-12,8.8333600E-13,4.4314800E-13,2.7423700E-13,1.6668100E-13,1.1631100E-13,7.6999100E-14,5.3794800E-14,3.7967100E-14,2.8720400E-14,2.1953300E-14,1.6393000E-14,1.2529200E-14,1.0029800E-14,7.6609100E-15,5.9707200E-15,4.9277400E-15,4.2210200E-15,3.3051300E-15,2.3794500E-15,1.7687400E-15,1.3265600E-15,1.0644500E-15,8.3671300E-16,6.3754200E-16
742.5,1.0180200E+00,5.9864200E-06,1.2319200E-06,3.1519400E-07,8.5635200E-08,2.3499200E-08,6.7364800E-09,2.0828800E-09,7.5537200E-10,2.8221800E-10,1.0715400E-10,4.0484500E-11,1.5394100E-11,7.7376200E-12,2.9775700E-12,1.3040100E-12,8.1979200E-13,4.7706000E-13,2.3946800E-13,1.5980000E-13,1.0210100E-13,7.6298600E-14,5.2569000E-14,3.8116400E-14,2.7681600E-14,2.1481200E-14,1.6730700E-14,1.2639900E-14,9.7543500E-15,7.8638500E-15,6.0307200E-15,4.7171300E-15,3.9063000E-15,3.3484300E-15,2.6274200E-15,1.8884000E-15,1.4025500E-15,1.0515900E-15,8.4471200E-16,6.6369300E-16,5.0477000E-16
747.5,1.0322800E+00,4.9544400E-06,9.1630900E-07,2.1203300E-07,5.3205500E-08,1.3723100E-08,3.7269100E-09,1.0924600E-09,3.9398400E-10,1.4884300E-10,5.7662300E-11,2.1937000E-11,8.4417000E-12,4.6407300E-12,1.7711900E-12,7.7571700E-13,5.4134200E-13,3.3260300E-13,1.6886400E-13,1.1842100E-13,7.7919000E-14,6.0108300E-14,4.2114200E-14,3.0948000E-14,2.2679800E-14,1.7724300E-14,1.3866700E-14,1.0498400E-14,8.1133600E-15,6.5465300E-15,5.0193000E-15,3.9251700E-15,3.2515700E-15,2.7875700E-15,2.1869100E-15,1.5685100E-15,1.1630700E-15,8.7071300E-16,6.9929000E-16,5.4894200E-16,4.1672100E-16
752.5,1.0242500E+00,4.2211100E-06,6.8909800E-07,1.4352600E-07,3.3330900E-08,8.1784600E-09,2.1459300E-09,6.1070100E-10,2.2806800E-10,9.0391400E-11,3.6751200E-11,1.4400400E-11,5.7029600E-12,3.3726100E-12,1.2944900E-12,5.7311800E-13,4.2200100E-13,2.6576400E-13,1.3592200E-13,9.6956100E-14,6.4386800E-14,5.0080200E-14,3.5211000E-14,2.5931700E-14,1.9019200E-14,1.4868900E-14,1.1629900E-14,8.7950200E-15,6.7897300E-15,5.4741500E-15,4.1904000E-15,3.2727700E-15,2.7106100E-15,2.3246000E-15,1.8225100E-15,1.3035100E-15,9.6443200E-16,7.2048200E-16,5.7843000E-16,4.5356800E-16,3.4354000E-16
757.5,8.9251600E-01,3.4782300E-06,5.2565000E-07,9.8980300E-08,2.1470100E-08,5.1042600E-09,1.3265900E-09,3.7669800E-10,1.4950000E-10,6.2815800E-11,2.6765500E-11,1.0782000E-11,4.3682600E-12,2.6878100E-12,1.0367800E-12,4.6341100E-13,3.4749800E-13,2.2065300E-13,1.1322000E-13,8.1047100E-14,5.3910900E-14,4.1955200E-14,2.9475800E-14,2.1681800E-14,1.5875900E-14,1.2392400E-14,9.6776400E-15,7.3023800E-15,5.6269200E-15,4.5308200E-15,3.4607900E-15,2.6984500E-15,2.2345700E-15,1.9172800E-15,1.5022500E-15,1.0707300E-15,7.9007400E-16,5.8874500E-16,4.7256800E-16,3.7010700E-16,2.7956700E-16
762.5,4.7268400E-01,2.8206200E-06,4.2060700E-07,7.2592500E-08,1.4920200E-08,3.5026900E-09,9.2095700E-10,2.6634000E-10,1.1200400E-10,4.9133500E-11,2.1539300E-11,8.8146800E-12,3.6121200E-12,2.2531700E-12,8.7192600E-13,3.9182000E-13,2.9463400E-13,1.8734000E-13,9.6250600E-14,6.8834100E-14,4.5738700E-14,3.5531300E-14,2.4909800E-14,1.8281000E-14,1.3351700E-14,1.0399200E-14,8.1040400E-15,6.0986200E-15,4.6885300E-15,3.7697600E-15,2.8724800E-15,2.2353400E-15,1.8506300E-15,1.5892200E-15,1.2441800E-15,8.8351700E-16,6.5002900E-16,4.8303400E-16,3.8759900E-16,3.0318000E-16,2.2837200E-16
767.5,8.4819000E-01,3.0537200E-06,3.5930300E-07,5.8252300E-08,1.1560000E-08,2.7098900E-09,7.2370700E-10,2.1318500E-10,9.2569600E-11,4.1418500E-11,1.8359200E-11,7.5600400E-12,3.1119800E-12,1.9431700E-12,7.5479400E-13,3.4015400E-13,2.5532500E-13,1.6220100E-13,8.3403700E-14,5.9515300E-14,3.9462900E-14,3.0575000E-14,2.1379500E-14,1.5646500E-14,1.1392700E-14,8.8511000E-15,6.8806700E-15,5.1631700E-15,3.9589200E-15,3.1784400E-15,2.4157200E-15,1.8758100E-15,1.5524100E-15,1.3349300E-15,1.0438900E-15,7.3865500E-16,5.4186300E-16,4.0145800E-16,3.2199100E-16,2.5156000E-16,1.8899900E-16
772.5,9.7166300E-01,3.0619500E-06,3.2313900E-07,5.0164200E-08,9.7169800E-09,2.2752000E-09,6.1338100E-10,1.8272300E-10,8.0360900E-11,3.6198700E-11,1.6092300E-11,6.6412000E-12,2.7395300E-12,1.7032100E-12,6.6487800E-13,3.0009700E-13,2.2454300E-13,1.4238600E-13,7.3253300E-14,5.2130900E-14,3.4468400E-14,2.6622700E-14,1.8561000E-14,1.3541400E-14,9.8257600E-15,7.6129300E-15,5.9022400E-15,4.4156900E-15,3.3761300E-15,2.7067000E-15,2.0518200E-15,1.5895800E-15,1.3150900E-15,1.1329700E-15,8.8478700E-16,6.2392900E-16,4.5637000E-16,3.3709400E-16,2.7024000E-16,2.1090600E-16,1.5808100E-16
777.5,9.7388600E-01,3.4263200E-06,3.0114300E-07,4.5299700E-08,8.6048000E-09,2.0043700E-09,5.4133200E-10,1.6197400E-10,7.1441000E-11,3.2226100E-11,1.4327600E-11,5.9197800E-12,2.4463500E-12,1.5105300E-12,5.9355900E-13,2.6815300E-13,1.9991700E-13,1.2647400E-13,6.5104100E-14,4.6192800E-14,3.0442200E-14,2.3432500E-14,1.6285400E-14,1.1841400E-14,8.5604000E-15,6.6134000E-15,5.1127100E-15,3.8133600E-15,2.9069200E-15,2.3273600E-15,1.7597400E-15,1.3601000E-15,1.1248300E-15,9.7128100E-16,7.5737900E-16,5.3241700E-16,3.8837700E-16,2.8602000E-16,2.2917000E-16,1.7870000E-16,1.3367600E-16
782.5,9.6766500E-01,4.2570400E-06,2.8621600E-07,4.1877100E-08,7.8088000E-09,1.8062400E-09,4.8724700E-10,1.4611400E-10,6.4433800E-11,2.9069000E-11,1.2917300E-11,5.3434200E-12,2.2132200E-12,1.3548000E-12,5.3686300E-13,2.4275200E-13,1.8026600E-13,1.1374400E-13,5.8616600E-14,4.1459300E-14,2.7229100E-14,2.0879700E-14,1.4465900E-14,1.0482100E-14,7.5486800E-15,5.8140300E-15,4.4810300E-15,3.3322400E-15,2.5323400E-15,2.0246800E-15,1.5270900E-15,1.1774300E-15,9.7322800E-16,8.4244200E-16,6.5578100E-16,4.5979000E-16,3.3459100E-16,2.4571900E-16,1.9673900E-16,1.5330500E-16,1.1451100E-16
787.5,9.3719200E-01,5.6755900E-06,2.7359300E-07,3.8959500E-08,7.1352900E-09,1.6392800E-09,4.4160300E-10,1.3272000E-10,5.8485400E-11,2.6386500E-11,1.1720300E-11,4.8563100E-12,2.0174900E-12,1.2233000E-12,4.8964000E-13,2.2184900E-13,1.6397600E-13,1.0319800E-13,5.3318700E-14,3.7587600E-14,2.4610500E-14,1.8790800E-14,1.2981100E-14,9.3738900E-15,6.7255300E-15,5.1628800E-15,3.9660800E-15,2.9407900E-15,2.2278700E-15,1.7782800E-15,1.3380400E-15,1.0291300E-15,8.4978100E-16,7.3705000E-16,5.7264600E-16,4.0067900E-16,2.9098400E-16,2.1315700E-16,1.7050300E-16,1.3277700E-16,9.9073300E-17
792.5,9.0652700E-01,7.2775100E-06,2.5833300E-07,3.5780600E-08,6.4413300E-09,1.4720600E-09,3.9660300E-10,1.1960000E-10,5.2701200E-11,2.3783100E-11,1.0563000E-11,4.3866900E-12,1.8290100E-12,1.0997400E-12,4.4475300E-13,2.0251500E-13,1.4879300E-13,9.3443300E-14,4.8515600E-14,3.4080800E-14,2.2269000E-14,1.6920000E-14,1.1660900E-14,8.3929200E-15,6.0017200E-15,4.5903300E-15,3.5138100E-15,2.5982000E-15,1.9622500E-15,1.5627000E-15,1.1730700E-15,8.9997800E-16,7.4191600E-16,6.4393200E-16,4.9934300E-16,3.4884300E-16,2.5291400E-16,1.8487900E-16,1.4771000E-16,1.1494700E-16,8.5694500E-17
797.5,9.0199800E-01,8.6236300E-06,2.3938900E-07,3.2227600E-08,5.7113000E-09,1.3015000E-09,3.5145300E-10,1.0651600E-10,4.6983000E-11,2.1213800E-11,9.4255900E-12,3.9259300E-12,1.6439200E-12,9.8202100E-13,4.0125200E-13,1.8429800E-13,1.3439300E-13,8.4279100E-14,4.4092600E-14,3.0858100E-14,2.0148700E-14,1.5224700E-14,1.0473900E-14,7.5158100E-15,5.3595300E-15,4.0825100E-15,3.1132500E-15,2.2958000E-15,1.7286000E-15,1.3723700E-15,1.0277600E-15,7.8645500E-16,6.4671800E-16,5.6066500E-16,4.3395400E-16,3.0280400E-16,2.1922900E-16,1.5998100E-16,1.2764000E-16,9.9236400E-17,7.3915500E-17
802.5,8.8421400E-01,9.4509500E-06,2.1903100E-07,2.8636700E-08,5.0037000E-09,1.1399500E-09,3.0919300E-10,9.4325000E-11,4.1683500E-11,1.8837700E-11,8.3773900E-12,3.5027500E-12,1.4742800E-12,8.7586500E-13,3.6185500E-13,1.6817000E-13,1.2156700E-13,7.6169600E-14,4.0256000E-14,2.8064900E-14,1.8333600E-14,1.3769800E-14,9.4620800E-15,6.7709800E-15,4.8173200E-15,3.6532400E-15,2.7745800E-15,2.0408300E-15,1.5319200E-15,1.2114700E-15,9.0509700E-16,6.9069300E-16,5.6600600E-16,4.8924800E-16,3.7789400E-16,2.6350700E-16,1.9056500E-16,1.3886900E-16,1.1059400E-16,8.5878000E-17,6.3909300E-17
807.5,8.8564000E-01,8.8900100E-06,1.9559100E-07,2.4832600E-08,4.2864100E-09,9.7869900E-10,2.6720000E-10,8.2174400E-11,3.6420300E-11,1.6476900E-11,7.3374900E-12,3.0818000E-12,1.3043600E-12,7.7261600E-13,3.2246300E-13,1.5211500E-13,1.0887400E-13,6.8203400E-14,3.6479200E-14,2.5329500E-14,1.6571900E-14,1.2367800E-14,8.4923200E-15,6.0615200E-15,4.3045200E-15,3.2490800E-15,2.4572200E-15,1.8028000E-15,1.3491800E-15,1.0620000E-15,7.9145500E-16,6.0226800E-16,4.9149800E-16,4.2286200E-16,3.2594900E-16,2.2715400E-16,1.6410400E-16,1.1944400E-16,9.4937700E-17,7.3606300E-17,5.4713900E-17
812.5,8.0528300E-01,5.3341000E-06,1.6571500E-07,2.0450000E-08,3.4987200E-09,8.0315400E-10,2.2135300E-10,6.8741500E-11,3.0604600E-11,1.3859600E-11,6.1827000E-12,2.6092100E-12,1.1100600E-12,6.5892800E-13,2.7676300E-13,1.3296000E-13,9.4109900E-14,5.8987800E-14,3.1951900E-14,2.2089700E-14,1.4486900E-14,1.0742100E-14,7.3712400E-15,5.2484100E-15,3.7214400E-15,2.7954600E-15,2.1053500E-15,1.5404300E-15,1.1495400E-15,9.0015600E-16,6.6901300E-16,5.0774200E-16,4.1264000E-16,3.5273800E-16,2.7155800E-16,1.8899900E-16,1.3635700E-16,9.9148100E-17,7.8702100E-17,6.0910000E-17,4.5186600E-17
817.5,7.0124100E-01,2.4709300E-06,1.3383900E-07,1.6076300E-08,2.7380300E-09,6.3422700E-10,1.7690800E-10,5.5548100E-11,2.4867300E-11,1.1271900E-11,5.0386000E-12,2.1369000E-12,9.1355300E-13,5.4523500E-13,2.2979600E-13,1.1256000E-13,7.8752900E-14,4.9402300E-14,2.7091000E-14,1.8644400E-14,1.2259500E-14,9.0328700E-15,6.1937300E-15,4.3992500E-15,3.1150300E-15,2.3286700E-15,1.7466800E-15,1.2743300E-15,9.4841100E-16,7.3863400E-16,5.4739600E-16,4.1439000E-16,3.3542400E-16,2.8461300E-16,2.1898000E-16,1.5210700E-16,1.0956700E-16,7.9598100E-17,6.3133400E-17,4.8768400E-17,3.6082300E-17
822.5,7.3800400E-01,1.5140100E-06,1.0329200E-07,1.2106000E-08,2.0662900E-09,4.8542400E-10,1.3739700E-10,4.3660600E-11,1.9659800E-11,8.9206500E-12,3.9964900E-12,1.7032400E-12,7.3141300E-13,4.3955100E-13,1.8547200E-13,9.2517900E-14,6.4004100E-14,4.0171900E-14,2.2270200E-14,1.5256000E-14,1.0053300E-14,7.3622800E-15,5.0432200E-15,3.5730400E-15,2.5264100E-15,1.8797700E-15,1.4044800E-15,1.0215900E-15,7.5844300E-16,5.8754200E-16,4.3415400E-16,3.2788100E-16,2.6443200E-16,2.2265900E-16,1.7132600E-16,1.1870700E-16,8.5361000E-17,6.1966100E-17,4.9128400E-17,3.7879700E-17,2.7940700E-17
827.5,7.7538400E-01,9.9976800E-07,9.3053300E-08,9.6717200E-09,1.7449100E-09,4.0073900E-10,1.0929100E-10,3.6227700E-11,1.5714200E-11,7.3296600E-12,3.3245600E-12,1.3932100E-12,5.9222200E-13,3.5747000E-13,1.5100900E-13,7.6342900E-14,5.2289600E-14,3.2798500E-14,1.8335200E-14,1.2502500E-14,8.2468300E-15,6.0048200E-15,4.1076600E-15,2.9024800E-15,2.0487600E-15,1.5175900E-15,1.1295800E-15,8.1923400E-16,6.0679200E-16,4.6778200E-16,3.4468800E-16,2.5969900E-16,2.0874200E-16,1.7458700E-16,1.3434300E-16,9.2856500E-17,6.6669100E-17,4.8356000E-17,3.8319500E-17,2.9496400E-17,2.1695600E-17
832.5,7.6877100E-01,1.0054600E-06,8.4479600E-08,9.8593100E-09,1.4397700E-09,3.5240800E-10,9.2983200E-11,3.1166800E-11,1.3568600E-11,6.1568100E-12,2.9299200E-12,1.2189000E-12,5.4420800E-13,3.0160100E-13,1.2810000E-13,6.5103400E-14,4.4230200E-14,2.7671300E-14,1.5537100E-14,1.0767100E-14,6.9479100E-15,5.0325700E-15,3.4355900E-15,2.4204900E-15,1.7047200E-15,1.2575800E-15,9.3258300E-16,6.7450300E-16,4.9852100E-16,3.8274100E-16,2.8128100E-16,2.1142000E-16,1.6944700E-16,1.4103900E-16,1.0848900E-16,7.4844500E-17,5.3679500E-17,3.8885800E-17,3.0788800E-17,2.3667600E-17,1.7370900E-17
837.5,8.1844300E-01,9.1220300E-07,7.0350200E-08,7.2235400E-09,1.3378300E-09,3.1446300E-10,8.7037500E-11,2.7779300E-11,1.2420000E-11,5.7975600E-12,2.5984400E-12,1.1640700E-12,5.0673700E-13,2.4838500E-13,1.2356500E-13,5.5888800E-14,3.8311900E-14,2.3655300E-14,1.3541500E-14,9.0112100E-15,5.9109200E-15,4.2046500E-15,2.8791400E-15,2.0090700E-15,1.4306900E-15,1.0492200E-15,7.7205900E-16,5.6398600E-16,4.0790400E-16,3.1216500E-16,2.2920300E-16,1.7391300E-16,1.3762500E-16,1.1443400E-16,8.7457900E-17,6.0983200E-17,4.4357300E-17,3.1294300E-17,2.4757900E-17,1.9006300E-17,1.3931600E-17
842.5,8.3254800E-01,9.6677600E-07,6.0467300E-08,6.8670200E-09,1.0933100E-09,3.0195300E-10,8.3191300E-11,2.7964500E-11,1.1982300E-11,5.2286800E-12,2.4663300E-12,1.0629800E-12,5.0599200E-13,2.3090500E-13,1.1764700E-13,5.2285600E-14,3.5377500E-14,2.0769300E-14,1.1964800E-14,8.0047000E-15,5.1450000E-15,3.6636200E-15,2.4768400E-15,1.7564100E-15,1.2253200E-15,8.8569000E-16,6.4492000E-16,4.7553700E-16,3.5006100E-16,2.6436500E-16,1.9415300E-16,1.4418900E-16,1.1362000E-16,9.7805000E-17,7.2000000E-17,5.1644600E-17,3.6482500E-17,2.7058200E-17,2.0364800E-17,1.5621100E-17,1.1765800E-17
847.5,8.2340000E-01,9.2737300E-07,5.1603800E-08,5.6591000E-09,1.0637700E-09,3.0585400E-10,9.3276200E-11,3.0477600E-11,1.1714800E-11,5.7718900E-12,2.5271900E-12,1.1525800E-12,5.3078400E-13,2.4275900E-13,1.1784400E-13,5.0685500E-14,3.3624400E-14,2.0227100E-14,1.1530100E-14,7.2987900E-15,4.6687200E-15,3.3534400E-15,2.2672100E-15,1.5627300E-15,1.1046400E-15,7.8510100E-16,5.7489700E-16,4.1189400E-16,3.0721900E-16,2.3210900E-16,1.7006600E-16,1.2732200E-16,9.7707900E-17,8.4223200E-17,6.1683400E-17,4.5182700E-17,3.3211400E-17,2.3922100E-17,1.7706600E-17,1.3590900E-17,1.0508300E-17
852.5,7.6312500E-01,7.6532300E-07,5.5333800E-08,5.3627300E-09,1.1104600E-09,3.2729800E-10,9.9516500E-11,3.3335800E-11,1.3410900E-11,6.6252500E-12,2.9624500E-12,1.3322000E-12,5.7470500E-13,2.7443300E-13,1.3586100E-13,5.2937500E-14,3.5369300E-14,2.0715800E-14,1.0993800E-14,7.1640800E-15,4.3829200E-15,3.1606700E-15,2.1016000E-15,1.4070500E-15,9.9164200E-16,7.1979600E-16,5.1632100E-16,3.7940600E-16,2.7767100E-16,2.1385500E-16,1.5267200E-16,1.1457100E-16,8.9168800E-17,7.7643700E-17,5.7372500E-17,4.1638400E-17,3.0282900E-17,2.2195000E-17,1.6195100E-17,1.2490900E-17,9.5307800E-18
857.5,8.1067900E-01,7.0700000E-07,4.4451300E-08,4.8558400E-09,1.1935200E-09,3.6692800E-10,1.1577600E-10,4.0556300E-11,1.5744700E-11,7.4410300E-12,3.3881200E-12,1.5659700E-12,6.6572200E-13,3.1314500E-13,1.5889900E-13,5.9014800E-14,3.7587300E-14,2.2297200E-14,1.1561300E-14,7.1959500E-15,4.3809000E-15,2.9868700E-15,2.0718200E-15,1.4187400E-15,9.6909600E-16,6.8447400E-16,4.9939700E-16,3.6040500E-16,2.6555200E-16,2.0403500E-16,1.5037800E-16,1.0975400E-16,8.5565300E-17,7.4172200E-17,5.6277000E-17,4.0405200E-17,2.9657300E-17,2.1249400E-17,1.5901800E-17,1.2263500E-17,9.2100200E-18
862.5,8.2197700E-01,6.5504700E-07,3.9825500E-08,5.0909200E-09,1.2094300E-09,3.9291300E-10,1.4315200E-10,4.4417500E-11,1.7967800E-11,8.7528800E-12,3.9156800E-12,1.7953300E-12,7.9690800E-13,3.7011000E-13,1.7181800E-13,6.7554200E-14,4.0459700E-14,2.4073400E-14,1.2148000E-14,7.4890100E-15,4.5600900E-15,3.1042000E-15,2.0958900E-15,1.4144700E-15,9.4038200E-16,6.8166400E-16,4.9633700E-16,3.5208400E-16,2.6227100E-16,2.0233900E-16,1.4911400E-16,1.0799800E-16,8.5651200E-17,7.3254500E-17,5.8078000E-17,4.0741100E-17,2.9903000E-17,2.1310000E-17,1.6161500E-17,1.2354100E-17,9.2964800E-18
