PROSOFT : ProSoft 7.6
CRUISE-ID : Missing
STATION-ID : Missing
OPERATOR : Missing
LATITUDE : Missing
LONGITUDE : Missing
PRESSURE-TARE : 0.000000
CAST : A
PROFILER : DRY
REFERENCE : DRY
TIME-STAMP : Fri Apr 23 17:27:23 1999
PRO-DARK : OFF
REF-DARK : OFF
COMMENT : Missing
PROCESSING_LEVEL : 3a
FILE_CREATION_TIME : 10-Feb-2004 10:51:32
DEGLITCH_PRODAT : ON
PRO_NOISE_THRESH : 5
UPPER_PRES_LEVEL : 30
LOWER_PRES_LEVEL : 200
DEGLITCH_REFDAT : OFF
PRES_TARE_CORRECTED : 0
DEPTH_RESOLUTION : 0.1m
BIN_INTERVAL : 1m
BIN_WIDTH : 0.5m
TIME_INTERVAL : 2sec
TIME_WIDTH : 1sec
WAVEL_INTERP : 0nm
 : 
REFLECTION_ALBEDO : 0.043
REFLECTANCE_INDEX : 0.021

Lu	Lu	Lu	Lu	Lu	Lu	Lu	Lu	Lu	Lu	Lu	Lu	Lu	Lu	Lu	Lu	Ed	Ed	Ed	Ed	Ed	Ed	Ed	Ed	Ed	Ed	Ed	Ed	Ed	Ed	Ed	Ed	
#Datetag	Timetag2	Depth	399.8	412.2	442.0	470.1	490.4	509.8	531.7	554.5	590.2	619.0	665.6	683.3	700.4	Datetag	Timetag2	Depth	399.8	411.5	442.6	469.8	490.9	509.6	531.5	554.9	589.4	619.4	665.7	682.5	700.2	
NaN	NaN	3.00000000	0.39312695	0.54100690	0.64167670	0.67243244	0.53432768	0.33521717	0.20896434	0.12615677	0.03675992	0.00927844	0.00401386	0.00398099	0.00201861	1999113.00000000	172724138.00000000	3.00000000	27.34274198	33.56735667	36.90778257	40.86912845	42.62649733	38.06604841	36.40554906	30.02161803	18.89576656	10.82930678	6.53878346	5.14502367	1.65475880
1999113.00000000	172723998.00000000	4.00000000	0.38306691	0.52864888	0.62936379	0.66196849	0.52514753	0.32645954	0.20187970	0.12027015	0.03291252	0.00767763	0.00324748	0.00330150	0.00180681	1999113.00000000	172725037.00000000	4.00000000	30.00213611	37.03815320	41.88247151	46.88529203	48.60019823	43.16041571	40.63282434	32.71132591	18.11992232	8.07797222	3.97839184	2.90972796	0.67351399
1999113.00000000	172724912.00000000	5.00000000	0.37157965	0.51407700	0.61488256	0.64734145	0.51379300	0.31727449	0.19410651	0.11418667	0.02940259	0.00625389	0.00267498	0.00286327	0.00166113	1999113.00000000	172725991.00000000	5.00000000	32.58525162	41.01588813	47.38846398	54.04666414	57.08506971	49.79960179	46.84074140	37.31350779	18.91082790	6.83525507	2.81351148	2.05560488	0.41094390
1999113.00000000	172725878.00000000	6.00000000	0.35134753	0.48739123	0.58553666	0.61784589	0.48883815	0.29858263	0.18180603	0.10601065	0.02654197	0.00547169	0.00238541	0.00268946	0.00156786	1999113.00000000	172726972.00000000	6.00000000	27.28980683	34.38198377	39.41890268	44.63118660	46.76756789	39.66399690	36.51578919	28.43218040	13.29580155	4.22288497	1.56131893	1.14321089	0.22069045
1999113.00000000	172726831.00000000	7.00000000	0.31981702	0.44504634	0.54018196	0.57040520	0.45096419	0.26917145	0.15907603	0.09048412	0.02126014	0.00428908	0.00192689	0.00218978	0.00136453	1999113.00000000	172727897.00000000	7.00000000	24.70119944	31.18461854	35.98618241	40.67876239	42.74806082	35.57075305	32.19290551	24.64024625	10.60627175	2.86107367	0.92421758	0.72024858	0.13224368
1999113.00000000	172727768.00000000	8.00000000	0.30756628	0.43002679	0.52838167	0.56084705	0.44551068	0.26445438	0.15466461	0.08699905	0.01946010	0.00384712	0.00178124	0.00208028	0.00131000	1999113.00000000	172728801.00000000	8.00000000	24.57478789	31.00849518	36.42349857	41.00617676	42.58629125	35.25957770	31.46609721	23.41873514	9.00684094	1.94298752	0.44842101	0.43926662	0.08994843
1999113.00000000	172728656.00000000	9.00000000	0.29278241	0.41074656	0.50778099	0.54072719	0.42883318	0.25171760	0.14571244	0.08086522	0.01727294	0.00340582	0.00164128	0.00199006	0.00124501	1999113.00000000	172729718.00000000	9.00000000	25.19162367	32.20367519	37.93038339	42.99343752	45.15926050	36.42465979	32.06456534	23.45153238	8.05711363	1.37406048	0.29436957	0.28816693	0.07815223
1999113.00000000	172729597.00000000	10.00000000	0.27197677	0.38191472	0.47373673	0.50431516	0.39874891	0.23068209	0.13163645	0.07217903	0.01510129	0.00304895	0.00151418	0.00191134	0.00116634	1999113.00000000	172730684.00000000	10.00000000	24.41165717	31.26476921	37.23897027	42.34894555	44.30535451	35.34884186	30.81079032	22.20252448	7.09994626	1.05469104	0.20962909	0.22489528	0.06993529
1999113.00000000	172730553.00000000	11.00000000	0.25569215	0.36023349	0.45116548	0.48147801	0.38189925	0.21886250	0.12329360	0.06703187	0.01359476	0.00275729	0.00139728	0.00179375	0.00108696	1999113.00000000	172731623.00000000	11.00000000	21.22707698	27.17393393	32.28358094	36.55922914	38.22084057	29.78662863	25.44499884	17.99957864	5.31527784	0.69476799	0.12555287	0.15992790	0.05773067
1999113.00000000	172731475.00000000	12.00000000	0.24202655	0.34279786	0.43373212	0.46518727	0.36917413	0.20916954	0.11628984	0.06224335	0.01213614	0.00251103	0.00128824	0.00166335	0.00102168	1999113.00000000	172732530.00000000	12.00000000	19.52256842	24.92378877	29.71529290	33.45223972	34.62085514	26.45066432	24.02675918	15.18150927	4.02059452	0.47455311	0.07070767	0.11910731	0.04980217
1999113.00000000	172732405.00000000	13.00000000	0.22985910	0.32679349	0.41704402	0.44885968	0.35658664	0.20021290	0.10997934	0.05823019	0.01107298	0.00236421	0.00123752	0.00163548	0.00098300	1999113.00000000	172733466.00000000	13.00000000	20.05892598	25.84065661	31.34024882	35.76075112	37.22489011	27.96572434	109.78238699	15.65591866	3.75505556	0.34441701	0.04749922	0.11063585	0.05201660
1999113.00000000	172733347.00000000	14.00000000	0.21465443	0.30615137	0.39379629	0.42480817	0.33692877	0.18648337	0.10103172	0.05272752	0.00982879	0.00217474	0.00115262	0.00155412	0.00092435	1999113.00000000	172734430.00000000	14.00000000	17.40670291	22.34923430	26.80787880	30.16105805	31.05817663	22.77471029	18.62060595	12.21315944	2.70733743	0.22244957	0.02853825	0.08542601	0.04278857
1999113.00000000	172734301.00000000	15.00000000	0.19828571	0.28367966	0.36748208	0.39680609	0.31459258	0.17127482	0.09095154	0.04674743	0.00849940	0.00192609	0.00102591	0.00138274	0.00083826	1999113.00000000	172735378.00000000	15.00000000	17.18227500	22.18112481	27.13536128	30.81280330	31.79886164	23.09469888	20.28158722	12.10044145	2.47857359	0.17739938	0.02154803	0.08216266	0.04280219
1999113.00000000	172735253.00000000	16.00000000	0.18964693	0.27224319	0.35548568	0.38516687	0.30640703	0.16630942	0.08774784	0.04496248	0.00813344	0.00188985	0.00101860	0.00141230	0.00082366	1999113.00000000	172736314.00000000	16.00000000	16.06225558	20.81028671	25.59736913	29.10080868	29.99311409	21.29028679	73.02089876	10.72282252	2.00329259	0.13035954	0.01561976	0.07411151	0.03982284
1999113.00000000	172736164.00000000	17.00000000	0.17861139	0.25749227	0.33885618	0.36850078	0.29271203	0.15679946	0.08176460	0.04131071	0.00733689	0.00175807	0.00094817	0.00132299	0.00077360	1999113.00000000	172737257.00000000	17.00000000	15.18663323	19.73261270	24.49750347	27.90172007	28.67809703	19.99544883	19.99077735	9.72280983	1.66717175	0.09867888	0.01198821	0.06842162	0.03742194
1999113.00000000	172737122.00000000	18.00000000	0.16619857	0.24031419	0.31860629	0.34700797	0.27560586	0.14557227	0.07454812	0.03716884	0.00654407	0.00161123	0.00086943	0.00122022	0.00071651	1999113.00000000	172738263.00000000	18.00000000	13.95302029	18.15154791	22.52670764	25.56608777	26.14851216	17.82138813	46.84057554	8.33572363	1.32004360	0.07429753	0.00937123	0.06087414	0.03374841
1999113.00000000	172738084.00000000	19.00000000	0.15605335	0.22659692	0.30316566	0.33128836	0.26348101	0.13780419	0.06972416	0.03444030	0.00601963	0.00151492	0.00081497	0.00114583	0.00067479	1999113.00000000	172739171.00000000	19.00000000	13.23006613	17.23740423	21.58714102	24.51180364	24.99629944	16.78288409	282.46838166	7.59669775	1.11204113	0.05910993	0.00787437	0.05695606	0.03175089
1999113.00000000	172739038.00000000	20.00000000	0.14708479	0.21446041	0.28928493	0.31727327	0.25258639	0.13092215	0.06554749	0.03210419	0.00558857	0.00143545	0.00077181	0.00109111	0.00064012	1999113.00000000	172740113.00000000	20.00000000	12.71651224	16.67000536	21.10994316	24.07891550	24.55668632	16.19728515	245.23999427	7.10935811	0.95638673	0.04917769	0.00699918	0.05496510	0.03080024
1999113.00000000	172739974.00000000	21.00000000	0.13863011	0.20289835	0.27613656	0.30391425	0.24232854	0.12461629	0.06174454	0.03000000	0.00521389	0.00136307	0.00073230	0.00104466	0.00060929	1999113.00000000	172741122.00000000	21.00000000	11.88125840	15.59604281	19.82580015	22.58275168	22.92218523	14.80411796	29.45285310	6.24987785	0.78054788	0.04014914	0.00612657	0.05050675	0.02840737
1999113.00000000	172740968.00000000	22.00000000	0.12953324	0.19018161	0.26047623	0.28745846	0.22902221	0.11641720	0.05705056	0.02747992	0.00478207	0.00127565	0.00068558	0.00099062	0.00057099	1999113.00000000	172742130.00000000	22.00000000	11.25097737	14.79655322	18.94608433	21.60305414	21.85663075	13.87321399	9.97715521	5.66705795	0.65750523	0.03440837	0.00558460	0.04748022	0.02673413
1999113.00000000	172741981.00000000	23.00000000	0.12028827	0.17709599	0.24428111	0.27013037	0.21531380	0.10806018	0.05210933	0.02483839	0.00433537	0.00117329	0.00063123	0.00091540	0.00053128	1999113.00000000	172743084.00000000	23.00000000	10.70998559	14.15753781	18.37256452	21.07396939	21.34681088	13.33289345	9.22083987	5.27831761	0.56617886	0.03037839	0.00520855	0.04570360	0.02574997
1999113.00000000	172742956.00000000	24.00000000	0.11389679	0.16859659	0.23521454	0.26148795	0.20927391	0.10462715	0.05011722	0.02380496	0.00418338	0.00114396	0.00061624	0.00090841	0.00051367	1999113.00000000	172744050.00000000	24.00000000	10.01669730	13.27571619	17.32524414	19.87650826	20.10592871	12.29815195	8.57499691	4.68565082	0.46536781	0.02644816	0.00479009	0.04257047	0.02405714
1999113.00000000	172743915.00000000	25.00000000	0.10671663	0.15874274	0.22366067	0.24999610	0.20018205	0.09923632	0.04718229	0.02225425	0.00392950	0.00109324	0.00058876	0.00088002	0.00048966	1999113.00000000	172744953.00000000	25.00000000	9.45908155	12.55515371	16.46849626	18.87503197	19.00312384	11.42696116	7.58852258	4.21020114	0.39120007	0.02363898	0.00445867	0.03985766	0.02246365
1999113.00000000	172744810.00000000	26.00000000	0.09869651	0.14722127	0.20892557	0.23408566	0.18742668	0.09176210	0.04299212	0.02009453	0.00357596	0.00100572	0.00054183	0.00081560	0.00045419	1999113.00000000	172745933.00000000	26.00000000	9.00183252	11.98583506	15.86658040	18.22514767	18.32422026	10.83670446	7.11746220	3.86237246	0.33375051	0.02161903	0.00422585	0.03802486	0.02142211
1999113.00000000	172745802.00000000	27.00000000	0.09160831	0.13711082	0.19618641	0.22050640	0.17686602	0.08575010	0.03968157	0.01842597	0.00330916	0.00093741	0.00050709	0.00077148	0.00042442	1999113.00000000	172746871.00000000	27.00000000	8.65811841	11.59070037	15.56903512	17.99877207	18.12894929	10.56397629	7.33863199	3.65519939	0.29365038	0.02039150	0.00410662	0.03715850	0.02093229
1999113.00000000	172746741.00000000	28.00000000	0.08616542	0.12955392	0.18710568	0.21132872	0.16993995	0.08197264	0.03769561	0.01745745	0.00317126	0.00090779	0.00049108	0.00076145	0.00040812	1999113.00000000	172747805.00000000	28.00000000	8.14483728	10.95170522	14.83032094	17.18894256	17.30024436	9.89678286	6.68114862	3.31504173	0.25023582	0.01889923	0.00388100	0.03515671	0.01981506
1999113.00000000	172747680.00000000	29.00000000	0.08043169	0.12148789	0.17713869	0.20103893	0.16189112	0.07746947	0.03531591	0.01626114	0.00298876	0.00086242	0.00046942	0.00074169	0.00038889	1999113.00000000	172748754.00000000	29.00000000	7.56559651	10.18280447	13.83800713	16.00402503	16.03868352	9.00087137	6.17119698	2.90503766	0.20643371	0.01718866	0.00359416	0.03236268	0.01822530
1999113.00000000	172748624.00000000	30.00000000	0.07446355	0.11289316	0.16617193	0.18936556	0.15273712	0.07233491	0.03255447	0.01488458	0.00276299	0.00080033	0.00043843	0.00070407	0.00036493	1999113.00000000	172749696.00000000	30.00000000	7.17818141	9.69806136	13.32897873	15.46381458	15.47666203	8.55447033	5.81219521	2.67401554	0.17797135	0.01621057	0.00343994	0.03097534	0.01738305
1999113.00000000	172749555.00000000	31.00000000	0.06916985	0.10532202	0.15656023	0.17926287	0.14492426	0.06809939	0.03035643	0.01382446	0.00259265	0.00075367	0.00041732	0.00068556	0.00034637	1999113.00000000	172750613.00000000	31.00000000	6.85885155	9.31539947	12.96276015	15.11418567	15.13910739	8.23944076	5.24145486	2.50178012	0.15646281	0.01551899	0.00333198	0.02998711	0.01682588
1999113.00000000	172750486.00000000	32.00000000	0.06439477	0.09845930	0.14769586	0.16991701	0.13765670	0.06423275	0.02840275	0.01289284	0.00245315	0.00071495	0.00040036	0.00067518	0.00032949	1999113.00000000	172751568.00000000	32.00000000	6.42984883	8.76048067	12.27261283	14.32089742	14.31839810	7.65413628	5.09512141	2.24637694	0.13283060	0.01450662	0.00311868	0.02817854	0.01578611
1999113.00000000	172751448.00000000	33.00000000	0.05975519	0.09172966	0.13885667	0.16043986	0.13021169	0.06024873	0.02637462	0.01191622	0.00229503	0.00067079	0.00037519	0.00064485	0.00031035	1999113.00000000	172752368.00000000	33.00000000	6.04171325	8.25993320	11.68606156	13.66587028	13.63923321	7.17142048	4.63221176	2.03613963	0.11385776	0.01367429	0.00300787	0.02670637	0.01490021
1999113.00000000	172752245.00000000	34.00000000	0.05546200	0.08550310	0.13069804	0.15174543	0.12347124	0.05670216	0.02458091	0.01106167	0.00215947	0.00063090	0.00035518	0.00061543	0.00029258	1999113.00000000	172753182.00000000	34.00000000	5.70382796	7.83140461	11.20742454	13.16319948	13.13357134	6.80323767	4.27363650	1.87645913	0.09951065	0.01302022	0.00289947	0.02558430	0.01421085
1999113.00000000	172753047.00000000	35.00000000	0.05154162	0.07979025	0.12316137	0.14374126	0.11725516	0.05348686	0.02299588	0.01031834	0.00204306	0.00059746	0.00033689	0.00059239	0.00027771	1999113.00000000	172754184.00000000	35.00000000	5.35185959	7.37680274	10.65877942	12.55222976	12.51045776	6.37702317	3.78448500	1.70589727	0.08605052	0.01230674	0.00275038	0.02423239	0.01343257
1999113.00000000	172754036.00000000	36.00000000	0.04774920	0.07423094	0.11569733	0.13571989	0.11097715	0.05025893	0.02141229	0.00958151	0.00192069	0.00056128	0.00031912	0.00056946	0.00026276	1999113.00000000	172755210.00000000	36.00000000	5.00996292	6.92621738	10.09685970	11.91373884	11.85896226	5.94509465	3.51207287	1.53824039	0.07385953	0.01156267	0.00260595	0.02283991	0.01262675
1999113.00000000	172755055.00000000	37.00000000	0.04418366	0.06897926	0.10856107	0.12802539	0.10495008	0.04717890	0.01991712	0.00888626	0.00180558	0.00052747	0.00030165	0.00054557	0.00024678	1999113.00000000	172756212.00000000	37.00000000	4.73090647	6.57183208	9.69575495	11.48755765	11.43085835	5.64908434	3.44451556	1.41884472	0.06481026	0.01103895	0.00250261	0.02188541	0.01204986
1999113.00000000	172756062.00000000	38.00000000	0.04094616	0.06417629	0.10198972	0.12092539	0.09941326	0.04441576	0.01860508	0.00828657	0.00171312	0.00049812	0.00028652	0.00052745	0.00023431	1999113.00000000	172757360.00000000	38.00000000	4.44754415	6.20440703	9.24761687	10.99274643	10.93723859	5.32262992	3.09002805	1.29833313	0.05682260	0.01052933	0.00239601	0.02085488	0.01146610
1999113.00000000	172757185.00000000	39.00000000	0.03791096	0.05965584	0.09563640	0.11392568	0.09388465	0.04167070	0.01730463	0.00769760	0.00161030	0.00046879	0.00027148	0.00050777	0.00022107	1999113.00000000	172757956.00000000	39.00000000	4.13775471	5.79185672	8.71478448	10.38210606	10.32236041	4.94611205	3.32894605	1.16883169	0.04921653	0.00988640	0.00226408	0.01959002	0.01076080
1999113.00000000	172757927.00000000	40.00000000	0.03490194	0.05515585	0.08933970	0.10703510	0.08847232	0.03900410	0.01605698	0.00712614	0.00151151	0.00043935	0.00025431	0.00048329	0.00020773	1999113.00000000	172758839.00000000	40.00000000	3.88040278	5.45603846	8.31114917	9.94857383	9.89382738	4.66968801	2.73282177	1.06911500	0.04321322	0.00940044	0.00216397	0.01865770	0.01021189
1999113.00000000	172758681.00000000	41.00000000	0.03223333	0.05116587	0.08382585	0.10108981	0.08386327	0.03675966	0.01500790	0.00665301	0.00142961	0.00041469	0.00024093	0.00046316	0.00019503	1999113.00000000	172759797.00000000	41.00000000	3.64142815	5.14092580	7.92043970	9.51948603	9.46819091	4.40325786	2.39183859	0.97919423	0.03812898	0.00894763	0.00207625	0.01775209	0.00970451
1999113.00000000	172759672.00000000	42.00000000	0.02973270	0.04738453	0.07836672	0.09506056	0.07906440	0.03444332	0.01396163	0.00619021	0.00135330	0.00039010	0.00022798	0.00044376	0.00018475	1999113.00000000	172800815.00000000	42.00000000	3.40771264	4.83345704	7.52878096	9.08281816	9.03518983	4.14317318	2.45012570	0.89568009	0.03369945	0.00847108	0.00197522	0.01684581	0.00918597
1999113.00000000	172800657.00000000	43.00000000	0.02727192	0.04362573	0.07278700	0.08877119	0.07402665	0.03206128	0.01289302	0.00571297	0.00126794	0.00036522	0.00021558	0.00042509	0.00017255	1999113.00000000	172801777.00000000	43.00000000	3.16814405	4.50835534	7.08877712	8.57362986	8.52769684	3.85141764	2.14813751	0.80850717	0.02954310	0.00794966	0.00186864	0.01581333	0.00861860
1999113.00000000	172801650.00000000	44.00000000	0.02499205	0.04012918	0.06764021	0.08298905	0.06946568	0.02991719	0.01193021	0.00528352	0.00118834	0.00034205	0.00020288	0.00040770	0.00016164	1999113.00000000	172802734.00000000	44.00000000	2.95078873	4.21378696	6.69920827	8.12980588	8.08481234	3.59619791	1.72105894	0.73173523	0.02602256	0.00750663	0.00176149	0.01491647	0.00811500
1999113.00000000	172802597.00000000	45.00000000	0.02294964	0.03701624	0.06308446	0.07795633	0.06552455	0.02806820	0.01110610	0.00491807	0.00112717	0.00032158	0.00019299	0.00039492	0.00015334	1999113.00000000	172803664.00000000	45.00000000	2.77008795	3.97687628	6.41036809	7.82801808	7.79245851	3.41979697	1.54277628	0.67623949	0.02336034	0.00721103	0.00170828	0.01430763	0.00777326
1999113.00000000	172803531.00000000	46.00000000	0.02108412	0.03415680	0.05887015	0.07328668	0.06186089	0.02638292	0.01036725	0.00459971	0.00106502	0.00030281	0.00018477	0.00038489	0.00014407	1999113.00000000	172804565.00000000	46.00000000	2.59245492	3.74207683	6.10779488	7.49635071	7.46404536	3.22916848	1.39074831	0.62101937	0.02088798	0.00684758	0.00162124	0.01362714	0.00737669
1999113.00000000	172804525.00000000	47.00000000	0.01926525	0.03133329	0.05460531	0.06848258	0.05805171	0.02464728	0.00960801	0.00426732	0.00100403	0.00028481	0.00017686	0.00037423	0.00013573	1999113.00000000	172805318.00000000	47.00000000	2.41861380	3.50367477	5.77191378	7.10367942	7.07103023	3.01706457	1.57398482	0.56440457	0.01863643	0.00646885	0.00155049	0.01286833	0.00695463
1999113.00000000	172805186.00000000	48.00000000	0.01766232	0.02882661	0.05071805	0.06401717	0.05448147	0.02303412	0.00891712	0.00395963	0.00094107	0.00026618	0.00016769	0.00036476	0.00012942	1999113.00000000	172806355.00000000	48.00000000	2.25143587	3.27536344	5.45567909	6.74305008	6.71189370	2.82567432	1.18824942	0.51410902	0.01664032	0.00611209	0.00147473	0.01217311	0.00656503
1999113.00000000	172806212.00000000	49.00000000	0.01609112	0.02635797	0.04686028	0.05958759	0.05095831	0.02145956	0.00824744	0.00367005	0.00088572	0.00025045	0.00016091	0.00036025	0.00012353	1999113.00000000	172807425.00000000	49.00000000	2.09463907	3.06055812	5.16124489	6.41209810	6.38964930	2.65459771	0.98714763	0.47030097	0.01492229	0.00577955	0.00139065	0.01152394	0.00619487
1999113.00000000	172807278.00000000	50.00000000	0.01463753	0.02407687	0.04330497	0.05553522	0.04773357	0.02002508	0.00764329	0.00340963	0.00083412	0.00023444	0.00015434	0.00035883	0.00011717	1999113.00000000	172808433.00000000	50.00000000	1.94584355	2.85525899	4.86980454	6.07656501	6.05915341	2.48289724	0.95501163	0.42768510	0.01340852	0.00544843	0.00133698	0.01090495	0.00583938
1999113.00000000	172808295.00000000	51.00000000	0.01329229	0.02195575	0.03996820	0.05170211	0.04467015	0.01866966	0.00707180	0.00316306	0.00078613	0.00022011	0.00014984	0.00035045	0.00011062	1999113.00000000	172809411.00000000	51.00000000	1.81398309	2.67579036	4.62315418	5.80121948	5.78967855	2.34196713	1.01694573	0.39259987	0.01217491	0.00519162	0.00128464	0.01039452	0.00556064
1999113.00000000	172809261.00000000	52.00000000	0.01208830	0.02005015	0.03694484	0.04821451	0.04188281	0.01745289	0.00656096	0.00294598	0.00074197	0.00020630	0.00014428	0.00034540	0.00010521	1999113.00000000	172810454.00000000	52.00000000	1.68739953	2.50074211	4.37975111	5.53016147	5.52799900	2.20703343	0.81684200	0.36032200	0.01116354	0.00492384	0.00126076	0.00992145	0.00529658
1999113.00000000	172810290.00000000	53.00000000	0.01094695	0.01824121	0.03404480	0.04485862	0.03919179	0.01628786	0.00607990	0.00273419	0.00069626	0.00019411	0.00014010	0.00034213	0.00009936	1999113.00000000	172811263.00000000	53.00000000	1.56663009	2.33183544	4.13125927	5.24453581	5.25043469	2.06975475	0.68994080	0.32920445	0.00998624	0.00463847	0.00119104	0.00939282	0.00499004
1999113.00000000	172811147.00000000	54.00000000	0.00991282	0.01658177	0.03133594	0.04168982	0.03663303	0.01517952	0.00562995	0.00254552	0.00065167	0.00018375	0.00013822	0.00034892	0.00009528	1999113.00000000	172811982.00000000	54.00000000	1.44553265	2.15968787	3.87369361	4.94266394	4.95336005	1.92707879	0.77674218	0.29849575	0.00910859	0.00438044	0.00115538	0.00882952	0.00469266
1999113.00000000	172811917.00000000	55.00000000	0.00891169	0.01496213	0.02865539	0.03851144	0.03405861	0.01407623	0.00517919	0.00234930	0.00061157	0.00017371	0.00013822	0.00036060	0.00009449	1999113.00000000	172812857.00000000	55.00000000	1.33691198	2.00763310	3.64837058	4.68670822	4.70434014	1.80852920	0.72213210	0.27304394	0.00824457	0.00411935	0.00107294	0.00835104	0.00441852
1999113.00000000	172812815.00000000	56.00000000	0.00804410	0.01356150	0.02630145	0.03570401	0.03177944	0.01309227	0.00478084	0.00217425	0.00056804	0.00016166	0.00013803	0.00036888	0.00009357	1999113.00000000	172813019.00000000	56.00000000	1.23549392	1.86273675	3.43420398	4.44508480	4.47511365	1.70172835	0.70544221	0.25113531	0.00765805	0.00387846	0.00104772	0.00796602	0.00419292
1999113.00000000	172813009.00000000	57.00000000	0.00731508	0.01237469	0.02426322	0.03320909	0.02971867	0.01221104	0.00441835	0.00201161	0.00053136	0.00015437	0.00013342	0.00036340	0.00008822	1999113.00000000	172813089.00000000	57.00000000	1.13285325	1.71596535	3.20983076	4.19145999	4.23353174	1.59432366	0.64762651	0.23032925	0.00702930	0.00366288	0.00105598	0.00762255	0.00396592
1999113.00000000	172813079.00000000	58.00000000	0.00665314	0.01130052	0.02237521	0.03086049	0.02775215	0.01136780	0.00407696	0.00186394	0.00050081	0.00014344	0.00012502	0.00034262	0.00008271	1999113.00000000	172813159.00000000	58.00000000	1.03185045	1.57057484	2.98670959	3.93797162	3.99133488	1.48761887	0.53514580	0.20972002	0.00629167	0.00344490	0.00105778	0.00729412	0.00400814
1999113.00000000	172813150.00000000	59.00000000	0.00600054	0.01024213	0.02050877	0.02853285	0.02579654	0.01052807	0.00373904	0.00171677	0.00046932	0.00013192	0.00011604	0.00031999	0.00007714	1999113.00000000	172813855.00000000	59.00000000	0.94377048	1.43831291	2.77461825	3.69035524	3.75133487	1.38448113	0.30928073	0.19081670	0.00609191	0.00322452	0.00103003	0.00688303	0.00388955
1999113.00000000	172813840.00000000	60.00000000	0.00543141	0.00929796	0.01881132	0.02637973	0.02398058	0.00974899	0.00343697	0.00158213	0.00043603	0.00012033	0.00010662	0.00030154	0.00006958	1999113.00000000	172813958.00000000	60.00000000	0.85802095	1.31239175	2.57100086	3.44994716	3.52026467	1.28631812	0.08308812	0.17346716	0.00541740	0.00303517	0.00097182	0.00646437	0.00331495
1999113.00000000	172813944.00000000	61.00000000	0.00491677	0.00844341	0.01724305	0.02437829	0.02227012	0.00902990	0.00314746	0.00145864	0.00040367	0.00011206	0.00009949	0.00028559	0.00006220	1999113.00000000	172814149.00000000	61.00000000	0.78044800	1.19868188	2.38626750	3.23345485	3.31319271	1.19990644	NaN	0.15819292	0.00488274	0.00281345	0.00092802	0.00604678	0.00304903
1999113.00000000	172814113.00000000	62.00000000	0.00443150	0.00763380	0.01575324	0.02246761	0.02064493	0.00834783	0.00288066	0.00133789	0.00037784	0.00010560	0.00009702	0.00027719	0.00005886	1999113.00000000	172815059.00000000	62.00000000	0.71313423	1.10121020	2.22313790	3.04112188	3.12850840	1.12291872	NaN	0.14492099	0.00450140	0.00261497	0.00088769	0.00564007	0.00284994
1999113.00000000	172814914.00000000	63.00000000	0.00399017	0.00690992	0.01441023	0.02075783	0.01920486	0.00775399	0.00264464	0.00123815	0.00035072	0.00009889	0.00009671	0.00028610	0.00006067	1999113.00000000	172816056.00000000	63.00000000	0.65349929	1.01374651	2.07521488	2.86039855	2.95058101	1.04766203	NaN	0.13233766	0.00459286	0.00244806	0.00082276	0.00526502	0.00266823
1999113.00000000	172815930.00000000	64.00000000	0.00359211	0.00623961	0.01316326	0.01914283	0.01783990	0.00718680	0.00242636	0.00114009	0.00031964	0.00009221	0.00009575	0.00029257	0.00005997	1999113.00000000	172817068.00000000	64.00000000	0.60010536	0.92903665	1.93543418	2.68844132	2.78049778	0.97666270	NaN	0.12078726	0.00347785	0.00230601	0.00078634	0.00495672	0.00253080
1999113.00000000	172816917.00000000	65.00000000	0.00322947	0.00563265	0.01202520	0.01765356	0.01656305	0.00665783	0.00222022	0.00104857	0.00030011	0.00008473	0.00009415	0.00029188	0.00005769	1999113.00000000	172818054.00000000	65.00000000	0.54700509	0.84476366	1.79221107	2.51100983	2.60699344	0.90859575	NaN	0.11003656	0.00350234	0.00214379	0.00074999	0.00468741	0.00236178
1999113.00000000	172817921.00000000	66.00000000	0.00289303	0.00506965	0.01094706	0.01623345	0.01532559	0.00614038	0.00202150	0.00095377	0.00027239	0.00007748	0.00009117	0.00028968	0.00005627	1999113.00000000	172818999.00000000	66.00000000	0.49891555	0.77294014	1.66112411	2.34840217	2.44723505	0.84647922	NaN	0.10058341	0.00331264	0.00201351	0.00075313	0.00443816	0.00220762
1999113.00000000	172818858.00000000	67.00000000	0.00260352	0.00457573	0.01000492	0.01498207	0.01421806	0.00567870	0.00184209	0.00087447	0.00024421	0.00007178	0.00008562	0.00027684	0.00005441	1999113.00000000	172819777.00000000	67.00000000	0.45322884	0.70461099	1.53425255	2.19040639	2.29283733	0.78742948	NaN	0.09183210	0.00300999	0.00186164	0.00074822	0.00422990	0.00207159
1999113.00000000	172819646.00000000	68.00000000	0.00234424	0.00414466	0.00917197	0.01385131	0.01320460	0.00525207	0.00167782	0.00080244	0.00022631	0.00006571	0.00007557	0.00025242	0.00004946	1999113.00000000	172820758.00000000	68.00000000	0.40947678	0.63823743	1.40724968	2.02995794	2.13813202	0.72970637	NaN	0.08364861	0.00279266	0.00171420	0.00072575	0.00400847	0.00193110
1999113.00000000	172820613.00000000	69.00000000	0.00210702	0.00374354	0.00839373	0.01278670	0.01225019	0.00485194	0.00152463	0.00072732	0.00020861	0.00006167	0.00006830	0.00022586	0.00004393	1999113.00000000	172821772.00000000	69.00000000	0.36993564	0.57794495	1.29044018	1.88091845	1.99422220	0.67667336	NaN	0.07624855	0.00259368	0.00161551	0.00071536	0.00378894	0.00182069
1999113.00000000	172821633.00000000	70.00000000	0.00190178	0.00339454	0.00769930	0.01182537	0.01136379	0.00448174	0.00138115	0.00066693	0.00019485	0.00005467	0.00006312	0.00020462	0.00004060	1999113.00000000	172822711.00000000	70.00000000	0.33466881	0.52421707	1.18516129	1.74483343	1.86103705	0.62755662	NaN	0.06947236	0.00244195	0.00148346	0.00067591	0.00352153	0.00167515
1999113.00000000	172822574.00000000	71.00000000	0.00171004	0.00306662	0.00706061	0.01093017	0.01053605	0.00412492	0.00124646	0.00060437	0.00017396	0.00005020	0.00005615	0.00018507	0.00003578	1999113.00000000	172823689.00000000	71.00000000	0.30278864	0.47548948	1.08768898	1.61765508	1.73547062	0.58175354	NaN	0.06323497	0.00221850	0.00137048	0.00063808	0.00325970	0.00156535
1999113.00000000	172823559.00000000	72.00000000	0.00153765	0.00278223	0.00647876	0.01011210	0.00976933	0.00380631	0.00112489	0.00055325	0.00015844	0.00004686	0.00004643	0.00015802	0.00002927	1999113.00000000	172824650.00000000	72.00000000	0.27396297	0.43143674	0.99940677	1.50071599	1.61902731	0.53958193	NaN	0.05769796	0.00206785	0.00127174	0.00060046	0.00304170	0.00145837
1999113.00000000	172824517.00000000	73.00000000	0.00139605	0.00253920	0.00599291	0.00941996	0.00912798	0.00353581	0.00102625	0.00050208	0.00014609	0.00004355	0.00003725	0.00012299	0.00002490	1999113.00000000	172825619.00000000	73.00000000	0.24810127	0.39146367	0.91856087	1.39063178	1.51059224	0.50049764	NaN	0.05256531	0.00179552	0.00115301	0.00055664	0.00282881	0.00134713
1999113.00000000	172825472.00000000	74.00000000	0.00127505	0.00232804	0.00557152	0.00882042	0.00856535	0.00330297	0.00093377	0.00046029	0.00013314	0.00004040	0.00003279	0.00010842	0.00002136	1999113.00000000	172825933.00000000	74.00000000	0.22575200	0.35718117	0.84849921	1.29623021	1.41657999	0.46629370	NaN	0.04805022	0.00171240	0.00106125	0.00050615	0.00258843	0.00123911
1999113.00000000	172825858.00000000	75.00000000	0.00116165	0.00214207	0.00518438	0.00826781	0.00804410	0.00308438	0.00084692	0.00042271	0.00012619	0.00003783	0.00002983	0.00009758	0.00001766	1999113.00000000	172826828.00000000	75.00000000	0.20553201	0.32595743	0.78387620	1.20998186	1.32943058	0.43411146	NaN	0.04386452	0.00162883	0.00099203	0.00044917	0.00235956	0.00116300
1999113.00000000	172826695.00000000	76.00000000	0.00105365	0.00196054	0.00481832	0.00772787	0.00753230	0.00287586	0.00077537	0.00039177	0.00010672	0.00003547	0.00002651	0.00009116	0.00001642	1999113.00000000	172827754.00000000	76.00000000	0.18774329	0.29886495	0.72767506	1.13473069	1.25104722	0.40557419	NaN	0.04014896	0.00146399	0.00090928	0.00039967	0.00217370	0.00109145
1999113.00000000	172827614.00000000	77.00000000	0.00096147	0.00179680	0.00448661	0.00723460	0.00706770	0.00268084	0.00070712	0.00035928	0.00009692	0.00003431	0.00002438	0.00007905	0.00001405	1999113.00000000	172828692.00000000	77.00000000	0.17162247	0.27407045	0.67529197	1.06249708	1.17657810	0.37887573	NaN	0.03680920	0.00134285	0.00084929	0.00037185	0.00203742	0.00101396
1999113.00000000	172828549.00000000	78.00000000	0.00087706	0.00165477	0.00417770	0.00678581	0.00663780	0.00250715	0.00064539	0.00033045	0.00009111	0.00002864	0.00002044	0.00006826	0.00001349	1999113.00000000	172829329.00000000	78.00000000	0.15644216	0.25042621	0.62455945	0.99110189	1.09988707	0.35326655	NaN	0.03357516	0.00139114	0.00079915	0.00033355	0.00186816	0.00096580
1999113.00000000	172829285.00000000	79.00000000	0.00080457	0.00152320	0.00389265	0.00635944	0.00622897	0.00234168	0.00058168	0.00029894	0.00008147	0.00002657	0.00001675	0.00006053	0.00001140	1999113.00000000	172829750.00000000	79.00000000	0.14314354	0.22987231	0.58017937	0.92712540	1.03104680	0.32954299	NaN	0.03073781	0.00119141	0.00074137	0.00031172	0.00173146	0.00088166
1999113.00000000	172829656.00000000	80.00000000	0.00073080	0.00140371	0.00363396	0.00596628	0.00585008	0.00219011	0.00052133	0.00027790	0.00007578	0.00002510	0.00001376	0.00005158	0.00000882	1999113.00000000	172830518.00000000	80.00000000	0.13129715	0.21150208	0.54028222	0.86927933	0.97046764	0.30849420	NaN	0.02822868	0.00107960	0.00070047	0.00029292	0.00161650	0.00083872
1999113.00000000	172830381.00000000	81.00000000	0.00067028	0.00129397	0.00339438	0.00559474	0.00549516	0.00204751	0.00047533	0.00025411	0.00006649	0.00002446	0.00001187	0.00004367	0.00000626	1999113.00000000	172831110.00000000	81.00000000	0.12016144	0.19405373	0.50206474	0.81500799	0.91352378	0.28827301	NaN	0.02582638	0.00102316	0.00065492	0.00025537	0.00149346	0.00078864
1999113.00000000	172831067.00000000	82.00000000	0.00060693	0.00119537	0.00316964	0.00525168	0.00516708	0.00191790	0.00042940	0.00023081	0.00005444	0.00002015	0.00000916	0.00003862	0.00000495	1999113.00000000	172831684.00000000	82.00000000	0.11021184	0.17860328	0.46751310	0.76537619	0.86094480	0.26975880	NaN	0.02368012	0.00094678	0.00058378	0.00024610	0.00137928	0.00071805
1999113.00000000	172831617.00000000	83.00000000	0.00056340	0.00110765	0.00297561	0.00495287	0.00487639	0.00180574	0.00038949	0.00021151	0.00005810	0.00001897	0.00000780	0.00003691	0.00000446	1999113.00000000	172831884.00000000	83.00000000	0.10109347	0.16443660	0.43561709	0.71901316	0.81112621	0.25242759	NaN	0.02166824	0.00082550	0.00053417	0.00020102	0.00129137	0.00067147
1999113.00000000	172831852.00000000	84.00000000	0.00051625	0.00102232	0.00279673	0.00467859	0.00460204	0.00168809	0.00035085	0.00019556	0.00004775	0.00001548	0.00000573	0.00003295	0.00000462	1999113.00000000	172832230.00000000	84.00000000	0.09304053	0.15177291	0.40677754	0.67653702	0.76548342	0.23666547	NaN	0.01986970	0.00075687	0.00052934	0.00020226	0.00122688	0.00065576
1999113.00000000	172832164.00000000	85.00000000	0.00047789	0.00095352	0.00263399	0.00442371	0.00435451	0.00158679	0.00031567	0.00018166	0.00003981	0.00001475	0.00000402	0.00002937	0.00000447	1999113.00000000	172832506.00000000	85.00000000	0.08673103	0.14176174	0.38339781	0.64140458	0.72744628	0.22371839	NaN	0.01850456	0.00069550	0.00049926	0.00019617	0.00115584	0.00062277
1999113.00000000	172832504.00000000	86.00000000	0.00044376	0.00089397	0.00249440	0.00421295	0.00415340	0.00149854	0.00028491	0.00016445	0.00003330	0.00001250	0.00000201	0.00002446	0.00000450	1999113.00000000	172832521.00000000	86.00000000	0.08210868	0.13439677	0.36548997	0.61362604	0.69688634	0.21355587	NaN	0.01747222	0.00065852	0.00046883	0.00018622	0.00110161	0.00059218
1999113.00000000	172832519.00000000	87.00000000	0.00041845	0.00085051	0.00239543	0.00405721	0.00399803	0.00143459	0.00026314	0.00015488	0.00002939	0.00001174	0.00000108	0.00002191	0.00000374	1999113.00000000	172832536.00000000	87.00000000	0.07750376	0.12706008	0.34763977	0.58592400	0.66640541	0.20342363	NaN	0.01644253	0.00062223	0.00043913	0.00017622	0.00104768	0.00056192
1999113.00000000	172832534.00000000	88.00000000	0.00039373	0.00080822	0.00229804	0.00390329	0.00384319	0.00137205	0.00024191	0.00014618	0.00002602	0.00001113	0.00000029	0.00001944	0.00000292	1999113.00000000	172832551.00000000	88.00000000	0.07289875	0.11972325	0.32978933	0.55822166	0.63592418	0.19329126	NaN	0.01541281	0.00058594	0.00040943	0.00016622	0.00099374	0.00053167
1999113.00000000	172832548.00000000	89.00000000	0.00036901	0.00076594	0.00220065	0.00374936	0.00368834	0.00130952	0.00022068	0.00013748	0.00002264	0.00001051	NaN	0.00001696	0.00000209	1999113.00000000	172832565.00000000	89.00000000	0.06829363	0.11238625	0.31193861	0.53051899	0.60544263	0.18315874	NaN	0.01438306	0.00054965	0.00037973	0.00015622	0.00093980	0.00050142
1999113.00000000	172832563.00000000	90.00000000	0.00034428	0.00072365	0.00210326	0.00359544	0.00353349	0.00124698	0.00019944	0.00012878	0.00001926	0.00000989	NaN	0.00001448	0.00000126	1999113.00000000	172832580.00000000	90.00000000	0.06368836	0.10504905	0.29408755	0.50281591	0.57496068	0.17302605	NaN	0.01335327	0.00051336	0.00035003	0.00014621	0.00088586	0.00047116
1999113.00000000	172832578.00000000	91.00000000	0.00031955	0.00068136	0.00200587	0.00344151	0.00337864	0.00118445	0.00017821	0.00012008	0.00001587	0.00000928	NaN	0.00001201	0.00000036	1999113.00000000	172832595.00000000	91.00000000	0.05908291	0.09771160	0.27623609	0.47511238	0.54447827	0.16289316	NaN	0.01232344	0.00047707	0.00032033	0.00013621	0.00083192	0.00044091
1999113.00000000	172832593.00000000	92.00000000	0.00029483	0.00063907	0.00190847	0.00328758	0.00322379	0.00112191	0.00015696	0.00011138	0.00001249	0.00000866	NaN	0.00000952	0.00000005	1999113.00000000	172832609.00000000	92.00000000	0.05447725	0.09037383	0.25838415	0.44740829	0.51399533	0.15276002	NaN	0.01129355	0.00044077	0.00029062	0.00012621	0.00077798	0.00041065
1999113.00000000	172832607.00000000	93.00000000	0.00027010	0.00059678	0.00181108	0.00313365	0.00306893	0.00105937	0.00013572	0.00010268	0.00000910	0.00000805	NaN	0.00000704	NaN	1999113.00000000	172832624.00000000	93.00000000	0.04987131	0.08303567	0.24053161	0.41970354	0.48351175	0.14262659	NaN	0.01026357	0.00040448	0.00026092	0.00011620	0.00072403	0.00038039
1999113.00000000	172832622.00000000	94.00000000	0.00024537	0.00055449	0.00171368	0.00297972	0.00291407	0.00099683	0.00011446	0.00009398	0.00000568	0.00000743	NaN	0.00000454	NaN	1999113.00000000	172832639.00000000	94.00000000	0.04526500	0.07569699	0.22267834	0.39199799	0.45302740	0.13249279	NaN	0.00923350	0.00036818	0.00023120	0.00010620	0.00067009	0.00035013
1999113.00000000	172832637.00000000	95.00000000	0.00022063	0.00051220	0.00161629	0.00282579	0.00275922	0.00093429	0.00009319	0.00008528	0.00000213	0.00000681	NaN	0.00000197	NaN	1999113.00000000	172832654.00000000	95.00000000	0.04065820	0.06835765	0.20482415	0.36429146	0.42254212	0.12235853	NaN	0.00820327	0.00033188	0.00020149	0.00009619	0.00061614	0.00031987