PROSOFT : ProSoft 7.6
CRUISE-ID : EMTEC
STATION-ID : Missing
OPERATOR : Unknown
LATITUDE : DD MM.MMM N
LONGITUDE : DDD MM.MMM E
PRESSURE-TARE : 0.000000
CAST : A
PROFILER : WET
REFERENCE : WET
TIME-STAMP : Thu Apr 29 14:01:40 1999
PRO-DARK : OFF
REF-DARK : OFF
COMMENT : Missing
PROCESSING_LEVEL : 3a
FILE_CREATION_TIME : 10-Feb-2004 10:39:52
DEGLITCH_PRODAT : ON
PRO_NOISE_THRESH : 5
UPPER_PRES_LEVEL : 30
LOWER_PRES_LEVEL : 200
DEGLITCH_REFDAT : OFF
PRES_TARE_CORRECTED : 0
DEPTH_RESOLUTION : 0.1m
BIN_INTERVAL : 1m
BIN_WIDTH : 0.5m
TIME_INTERVAL : 2sec
TIME_WIDTH : 1sec
WAVEL_INTERP : 0nm

Lu	Lu	Lu	Lu	Lu	Lu	Lu	Lu	Lu	Lu	Lu	Lu	Lu	Lu	Lu	Lu	Ed	Ed	Ed	Ed	Ed	Ed	Ed	Ed	Ed	Ed	Ed	Ed	Ed	Ed	Ed	Ed	
#Datetag	Timetag2	Depth	399.8	412.2	442.0	470.1	490.4	509.8	531.7	554.5	590.2	619.0	665.6	683.3	700.4	Datetag	Timetag2	Depth	399.8	411.5	442.6	469.8	490.9	509.6	531.5	554.9	589.4	619.4	665.7	682.5	700.2	
1999119.00000000	140140221.00000000	3.00000000	1.31607020	1.71015351	1.86267031	1.83943807	1.41275973	0.88155042	0.56068790	0.34224868	0.10135113	0.02455456	0.00984517	0.00783376	0.00513624	1999119.00000000	140141747.00000000	3.00000000	86.62880863	100.57962593	105.33615889	112.79728965	113.23565841	105.08226051	106.78538412	88.58676598	60.39880048	36.69723108	22.82948039	17.05829327	7.19280160
1999119.00000000	140141563.00000000	4.00000000	1.18771049	1.55511400	1.70398916	1.68850707	1.29216934	0.78785984	0.49167088	0.29437451	0.08373757	0.01968145	0.00794024	0.00630168	0.00444350	1999119.00000000	140142899.00000000	4.00000000	80.92087040	92.48331584	98.05337475	106.47173732	112.84144822	101.32196287	95.71854588	80.19077557	50.16667781	27.27108463	15.60790379	12.32382915	3.76075614
1999119.00000000	140142701.00000000	5.00000000	1.14684913	1.50841084	1.65839560	1.64682372	1.25966083	0.76545577	0.47587802	0.28355279	0.07718209	0.01683411	0.00668723	0.00539057	0.00407031	1999119.00000000	140144077.00000000	5.00000000	84.06418305	97.42867981	104.96955459	114.80536775	119.47124718	104.60898853	99.73160660	81.84521386	46.20009900	20.76830516	9.95323078	7.33749191	1.75227171
1999119.00000000	140143910.00000000	6.00000000	1.11829669	1.47435469	1.63705545	1.62763708	1.24645043	0.75148734	0.46189091	0.27259937	0.07179934	0.01505506	0.00605813	0.00504119	0.00393037	1999119.00000000	140145266.00000000	6.00000000	78.82911470	91.84043388	100.90752368	111.20688404	116.46948331	100.31335200	93.61837459	76.65011120	40.32304521	16.25952750	7.17091474	5.17416100	1.06065600
1999119.00000000	140145100.00000000	7.00000000	1.04654929	1.38969108	1.55585433	1.55231557	1.18782377	0.70367625	0.42512047	0.24565916	0.06045247	0.01186727	0.00484314	0.00400763	0.00350162	1999119.00000000	140146378.00000000	7.00000000	70.15443803	83.32284611	90.09763568	98.67872152	99.99337009	83.97223238	80.50709517	63.39263967	30.46648426	10.23201661	3.74791877	2.70319905	0.53502309
1999119.00000000	140146225.00000000	8.00000000	0.99314521	1.32196623	1.49229057	1.48984358	1.14028990	0.67123030	0.40140060	0.23031742	0.05544154	0.01076431	0.00450900	0.00383643	0.00335484	1999119.00000000	140147514.00000000	8.00000000	78.50766038	93.02961560	102.46880887	112.75403414	116.46075545	96.81106804	90.40133899	70.72447207	31.48000027	9.01310523	2.92806257	2.15817531	0.39874176
1999119.00000000	140147341.00000000	9.00000000	0.96328970	1.29067008	1.46213993	1.46578273	1.12073872	0.65580084	0.39069481	0.22297633	0.05156078	0.00979739	0.00420105	0.00364842	0.00324225	1999119.00000000	140148635.00000000	9.00000000	76.26141923	90.16496878	101.15942785	111.75728719	116.36921531	95.51452692	87.11126168	67.69930355	28.04697378	7.07421446	2.08653232	1.57510436	0.29237618
1999119.00000000	140148466.00000000	10.00000000	0.90641945	1.21912963	1.39703557	1.40272112	1.07413355	0.61922982	0.36280051	0.20328016	0.04485798	0.00844964	0.00370872	0.00319470	0.00299538	1999119.00000000	140149737.00000000	10.00000000	68.22684762	81.05893565	90.58896116	99.86221407	102.57345144	82.63577525	74.79580220	56.72928463	21.50531605	4.54738482	1.14525918	0.93424815	0.20235869
1999119.00000000	140149582.00000000	11.00000000	0.87793688	1.18548691	1.37164886	1.38120499	1.05783779	0.60795168	0.35222111	0.19663499	0.04236415	0.00799736	0.00360110	0.00311858	0.00292985	1999119.00000000	140150893.00000000	11.00000000	65.82643853	78.25538055	87.43156225	95.86933799	98.85422919	78.43910026	70.10468478	52.14213778	18.36194807	3.29513034	0.72507473	0.66278593	0.17013930
1999119.00000000	140150724.00000000	12.00000000	0.84276415	1.14077213	1.32485946	1.33514962	1.02418816	0.58597947	0.33987012	0.18795803	0.03987115	0.00760962	0.00345536	0.00301765	0.00283956	1999119.00000000	140151997.00000000	12.00000000	69.09896227	83.28307853	94.60754905	104.58560081	107.01553713	84.15635082	75.54187816	55.47964855	18.48227201	2.98228805	0.60780154	0.60866363	0.17127576
1999119.00000000	140151835.00000000	13.00000000	0.77052481	1.05161040	1.23549005	1.25051959	0.95735923	0.53639130	0.30409359	0.16596818	0.03371205	0.00661316	0.00307076	0.00264808	0.00257229	1999119.00000000	140153157.00000000	13.00000000	62.26401200	74.75787634	85.86166872	94.88856971	97.09701787	74.76747624	65.14306656	47.04023137	14.05285642	1.87976781	0.31898440	0.39938705	0.14183811
1999119.00000000	140153006.00000000	14.00000000	0.76925478	1.05318861	1.24605005	1.26481363	0.97018782	0.54409657	0.30754067	0.16670974	0.03305154	0.00651945	0.00306503	0.00269517	0.00258365	1999119.00000000	140154327.00000000	14.00000000	63.96039250	77.50577519	89.80433868	99.91166564	102.60594255	77.89813379	67.42845379	48.15516381	13.54106372	1.60264295	0.24935465	0.36555879	0.14529237
1999119.00000000	140154154.00000000	15.00000000	0.71814519	0.98626892	1.17604790	1.19495765	0.91725578	0.50883260	0.28442316	0.15237440	0.02974813	0.00604196	0.00288078	0.00258959	0.00244077	1999119.00000000	140155457.00000000	15.00000000	61.21719179	74.39450353	86.55004264	96.06713400	98.44433182	73.84974402	63.21539341	44.41373715	11.71349410	1.22469370	0.17324885	0.31147970	0.13669649
1999119.00000000	140155308.00000000	16.00000000	0.67921887	0.93879072	1.12849872	1.15185447	0.88330351	0.48546970	0.26875413	0.14322860	0.02734207	0.00565885	0.00272569	0.00248176	0.00231521	1999119.00000000	140156592.00000000	16.00000000	52.25793489	63.64530145	73.92779050	81.82379067	83.34641842	60.96844350	51.26536987	35.23182952	8.44873585	0.75822435	0.09638831	0.23387178	0.11349946
1999119.00000000	140156432.00000000	17.00000000	0.64004629	0.88896472	1.07958003	1.10508515	0.84849588	0.46080520	0.25140904	0.13201286	0.02457989	0.00522333	0.00253532	0.00232441	0.00218720	1999119.00000000	140157739.00000000	17.00000000	57.07010833	69.97404770	82.93494855	92.63291379	94.66831075	68.59737282	57.14764553	38.85920656	8.68793299	0.68815042	0.08017619	0.24583737	0.12532391
1999119.00000000	140157573.00000000	18.00000000	0.62646879	0.87262219	1.06643562	1.09403366	0.84103829	0.45665092	0.24870558	0.13046530	0.02413890	0.00525172	0.00256659	0.00243825	0.00218261	1999119.00000000	140158882.00000000	18.00000000	47.13953770	58.03923025	68.20175297	75.66245945	76.65741101	54.27732312	44.72426911	29.69349514	6.15698567	0.43332546	0.04883616	0.18894764	0.10120812
1999119.00000000	140158721.00000000	19.00000000	0.57313655	0.80347264	0.99207066	1.02127526	0.78467431	0.41827680	0.22376775	0.11530920	0.02086024	0.00466105	0.00228221	0.00215343	0.00198854	1999119.00000000	140200044.00000000	19.00000000	48.51973238	59.76447409	71.61435149	79.80397908	80.87175866	56.79114614	46.05160588	30.16835441	5.79267783	0.36846911	0.03907515	0.19072839	0.10378830
1999119.00000000	140159880.00000000	20.00000000	0.55872426	0.78673631	0.97914825	1.01212068	0.77875087	0.41518058	0.22136313	0.11426205	0.02052914	0.00467312	0.00230518	0.00223817	0.00197466	1999119.00000000	140201210.00000000	20.00000000	47.15852216	58.59650898	70.32555282	78.53599868	79.87440080	55.03600973	44.26771098	28.59042131	5.16245515	0.30718471	0.03190174	0.18283001	0.10265884
1999119.00000000	140201042.00000000	21.00000000	0.51883861	0.73355968	0.92030240	0.95291718	0.73345068	0.38579508	0.20339028	0.10347933	0.01847395	0.00433083	0.00213540	0.00210215	0.00184972	1999119.00000000	140202363.00000000	21.00000000	40.50909580	50.28381203	60.44007531	67.13870354	67.68811814	45.77037858	36.15080329	22.84253541	3.79827191	0.21030254	0.02265709	0.15141146	0.08546272
1999119.00000000	140202178.00000000	22.00000000	0.49014246	0.69698494	0.88520303	0.92073349	0.70910011	0.36975913	0.19222518	0.09707618	0.01705404	0.00404256	0.00199721	0.00196499	0.00174636	1999119.00000000	140203491.00000000	22.00000000	43.01100390	53.54479523	65.64235875	73.34929040	74.39615635	49.81633993	38.75377777	24.20037818	3.73441706	0.18942962	0.02114261	0.16262174	0.09232941
1999119.00000000	140203269.00000000	23.00000000	0.46509135	0.66478466	0.85076618	0.88795559	0.68433402	0.35377937	0.18253509	0.09150500	0.01604083	0.00390744	0.00193767	0.00196221	0.00168763	1999119.00000000	140204569.00000000	23.00000000	40.99202390	51.60012244	63.44890277	71.24136374	72.18820646	47.42378962	36.68068849	22.57099951	3.27445827	0.16161733	0.01866848	0.15511965	0.08932241
1999119.00000000	140204379.00000000	24.00000000	0.44375232	0.63674059	0.82190394	0.86036964	0.66425420	0.34212939	0.17571026	0.08780683	0.01543587	0.00383819	0.00190544	0.00198794	0.00164530	1999119.00000000	140205661.00000000	24.00000000	36.15124791	45.39988788	55.94229889	62.44384617	62.91885414	40.68485035	30.89603289	18.64440898	2.52230312	0.12267711	0.01531237	0.13381688	0.07676098
1999119.00000000	140205510.00000000	25.00000000	0.41115160	0.59295838	0.77391853	0.81291982	0.62781354	0.31949099	0.16183260	0.08002202	0.01398283	0.00352106	0.00174625	0.00181847	0.00152810	1999119.00000000	140206772.00000000	25.00000000	36.00649651	45.48503214	56.83701275	63.75734582	64.45259527	41.10764856	30.81106785	18.34111950	2.30985513	0.11028898	0.01465114	0.13509957	0.07760767
1999119.00000000	140206611.00000000	26.00000000	0.38650837	0.56076403	0.73855271	0.77924532	0.60195615	0.30332452	0.15217113	0.07476847	0.01307820	0.00336795	0.00167043	0.00176478	0.00145718	1999119.00000000	140207861.00000000	26.00000000	35.69123822	45.38176206	57.36597062	64.64573536	65.17838660	41.03653450	30.52382107	17.86634019	2.10193103	0.10005557	0.01410070	0.13480475	0.07757427
1999119.00000000	140207715.00000000	27.00000000	0.37414726	0.54538486	0.72504571	0.76796385	0.59423205	0.29863569	0.14904781	0.07293531	0.01278435	0.00333510	0.00164929	0.00176986	0.00143341	1999119.00000000	140208996.00000000	27.00000000	32.04174930	40.85934959	51.72209904	58.19896139	58.60388003	36.14869392	26.43326527	15.20901435	1.67072022	0.08305943	0.01244413	0.12018372	0.06939846
1999119.00000000	140208863.00000000	28.00000000	0.34610094	0.50695807	0.68116244	0.72363886	0.56066181	0.27830859	0.13718962	0.06638810	0.01167545	0.00309377	0.00152510	0.00163819	0.00133625	1999119.00000000	140210100.00000000	28.00000000	30.77542462	39.45061878	50.59380555	57.05400651	57.28878231	34.96981461	25.25115167	14.33432737	1.48048954	0.07523812	0.01187463	0.11640327	0.06668854
1999119.00000000	140209949.00000000	29.00000000	0.31997178	0.47153483	0.63994086	0.68309604	0.52928910	0.25988745	0.12656786	0.06095653	0.01072764	0.00287233	0.00141633	0.00152070	0.00124338	1999119.00000000	140211216.00000000	29.00000000	29.65277266	38.23097313	49.38532193	55.86907106	56.21007240	33.70404805	24.03061761	13.42892258	1.29683126	0.06969901	0.01141279	0.11294925	0.06508268
1999119.00000000	140211049.00000000	30.00000000	0.30371520	0.44946767	0.61525012	0.65885422	0.51102323	0.24966496	0.12086987	0.05797271	0.01030905	0.00279490	0.00137740	0.00151421	0.00120404	1999119.00000000	140212220.00000000	30.00000000	28.92438849	37.42297857	49.06647977	55.69434615	55.92310960	33.13480642	23.38149834	12.86169970	1.16117913	0.06531030	0.01112188	0.11107972	0.06372823
1999119.00000000	140212168.00000000	31.00000000	0.29368063	0.43700220	0.60507913	0.65113580	0.50656625	0.24661554	0.11863145	0.05665542	0.01010095	0.00275267	0.00135519	0.00151576	0.00118397	1999119.00000000	140212491.00000000	31.00000000	27.23642032	35.38977508	46.71137680	53.11051549	53.32234623	31.09137233	21.65205119	11.72713318	1.00967068	0.06013012	0.01054749	0.10513232	0.06040603
1999119.00000000	140212459.00000000	32.00000000	0.27264251	0.40760394	0.56897167	0.61434504	0.47845095	0.23072190	0.11017115	0.05228281	0.00941998	0.00259747	0.00127654	0.00144895	0.00111477	1999119.00000000	140213018.00000000	32.00000000	25.27905136	32.97818502	43.85438059	49.87392794	49.93349119	28.69427382	19.74564872	10.52150027	0.84799697	0.05474211	0.00978477	0.09783632	0.05613194
1999119.00000000	140212974.00000000	33.00000000	0.24993811	0.37544039	0.52904202	0.57347760	0.44652111	0.21293127	0.10041985	0.04741518	0.00862502	0.00239443	0.00117765	0.00134329	0.00103141	1999119.00000000	140213438.00000000	33.00000000	24.38457022	32.00701423	43.18728751	49.34489295	49.39213896	27.96505584	18.97358246	9.97043318	0.75154050	0.05239869	0.00959540	0.09587002	0.05477388
1999119.00000000	140213406.00000000	34.00000000	0.24003718	0.36239148	0.51653457	0.56274520	0.43929674	0.20883965	0.09782445	0.04606918	0.00843661	0.00234580	0.00115206	0.00133542	0.00100807	1999119.00000000	140213683.00000000	34.00000000	23.97345470	31.66805386	43.16735051	49.53452742	49.63495039	27.74660814	18.67064086	9.66157682	0.68937714	0.05136950	0.00951054	0.09541176	0.05460774
1999119.00000000	140213661.00000000	35.00000000	0.22806062	0.34549319	0.49657373	0.54315254	0.42509632	0.20100291	0.09381517	0.04400350	0.00815918	0.00228606	0.00112067	0.00132973	0.00098428	1999119.00000000	140213821.00000000	35.00000000	21.30009190	28.19178021	38.52826753	44.07037311	43.96790013	24.11356676	15.95566959	8.07592263	0.54180872	0.04499293	0.00845935	0.08414233	0.04811359
1999119.00000000	140213802.00000000	36.00000000	0.20874534	0.31649377	0.46008070	0.50580367	0.39594639	0.18484011	0.08501872	0.03965873	0.00742576	0.00208018	0.00102045	0.00121421	0.00093331	1999119.00000000	140214276.00000000	36.00000000	20.92718813	27.84046135	38.75015646	44.63760454	44.59668376	24.14487479	15.76207526	7.90340608	0.50005137	0.04471627	0.00849656	0.08457884	0.04817317
1999119.00000000	140214250.00000000	37.00000000	0.19574875	0.30095385	0.44168853	0.48794148	0.38276741	0.17790495	0.08139446	0.03785698	0.00716861	0.00201553	0.00098972	0.00119629	0.00086854	1999119.00000000	140214444.00000000	37.00000000	19.53628753	26.10458666	36.57613295	42.12591488	42.05211117	22.43838472	14.45518670	7.13133541	0.42843950	0.04180937	0.00800083	0.07937637	0.04518373
1999119.00000000	140214421.00000000	38.00000000	0.18213384	0.28272475	0.41927416	0.46525578	0.36581019	0.16893692	0.07679379	0.03559652	0.00683480	0.00192595	0.00094573	0.00115985	0.00082592	1999119.00000000	140214781.00000000	38.00000000	18.52142973	24.86354154	35.21059990	40.67305938	40.54867040	21.33703678	13.58940319	6.59749734	0.37565812	0.03977221	0.00767125	0.07596296	0.04311990
1999119.00000000	140214750.00000000	39.00000000	0.16859569	0.26297523	0.39466005	0.44026859	0.34675426	0.15890322	0.07152839	0.03306813	0.00643592	0.00181080	0.00088999	0.00110605	0.00077813	1999119.00000000	140215690.00000000	39.00000000	17.79914495	24.07520452	34.54947868	40.10437780	39.97135930	20.72531187	13.03491806	6.24239349	0.33661868	0.03878958	0.00749421	0.07426531	0.04212024
1999119.00000000	140215511.00000000	40.00000000	0.15919963	0.24954461	0.37840405	0.42459613	0.33532378	0.15304824	0.06865045	0.03170264	0.00624955	0.00176396	0.00086705	0.00110755	0.00075149	1999119.00000000	140216106.00000000	40.00000000	16.63475056	22.52329488	32.50118740	37.72159685	37.55938329	19.15474121	11.86980989	5.57561374	0.28586843	0.03633429	0.00705195	0.06953757	0.03937300
1999119.00000000	140215983.00000000	41.00000000	0.14617831	0.23037775	0.35363326	0.39913274	0.31586774	0.14285111	0.06340259	0.02916004	0.00582525	0.00163910	0.00080981	0.00105385	0.00070304	1999119.00000000	140216399.00000000	41.00000000	15.72339198	21.38568872	31.22392479	36.35998699	36.18077374	18.18636802	11.12704849	5.16074515	0.25230966	0.03473671	0.00673785	0.06657346	0.03762022
1999119.00000000	140216374.00000000	42.00000000	0.13517944	0.21409828	0.33272788	0.37777488	0.29982999	0.13482091	0.05943685	0.02731194	0.00553607	0.00156016	0.00077666	0.00104658	0.00067188	1999119.00000000	140216864.00000000	42.00000000	14.78729341	20.19271326	29.71113738	34.62759648	34.39380319	17.03220133	10.28728419	4.67430081	0.21776772	0.03284335	0.00638637	0.06291450	0.03552779
1999119.00000000	140216839.00000000	43.00000000	0.12473532	0.19821579	0.31255610	0.35730476	0.28424292	0.12682928	0.05545760	0.02543693	0.00523547	0.00147202	0.00074077	0.00102243	0.00063662	1999119.00000000	140217276.00000000	43.00000000	14.49089170	19.89574675	29.75445526	34.93931274	34.76108088	17.00939110	10.16148116	4.57274182	0.20335569	0.03281644	0.00641177	0.06311664	0.03551790
1999119.00000000	140217120.00000000	44.00000000	0.11647083	0.18441456	0.29692792	0.34184186	0.27279437	0.12127286	0.05281220	0.02423508	0.00506158	0.00142389	0.00072285	0.00103879	0.00061474	1999119.00000000	140217730.00000000	44.00000000	13.25003944	18.28983445	27.42265261	32.09635286	31.83859135	15.31944588	9.04030658	3.97281233	0.16945081	0.03013701	0.00589588	0.05773095	0.03250269
1999119.00000000	140217648.00000000	45.00000000	0.10626618	0.16897987	0.27620684	0.32016882	0.25619119	0.11300919	0.04879461	0.02234452	0.00474577	0.00132736	0.00068090	0.00100746	0.00057718	1999119.00000000	140218496.00000000	45.00000000	12.73983977	17.64178888	26.84443278	31.60938598	31.35659826	14.89558635	8.67888504	3.76744715	0.15401402	0.02939009	0.00579854	0.05648785	0.03164130
1999119.00000000	140218345.00000000	46.00000000	0.09796318	0.15663406	0.25957627	0.30315460	0.24324073	0.10666544	0.04570796	0.02093506	0.00451799	0.00126131	0.00065032	0.00098386	0.00054930	1999119.00000000	140219604.00000000	46.00000000	12.11072032	16.83473430	25.89946716	30.62062397	30.40670581	14.25956938	8.21760007	3.51667425	0.13836099	0.02836823	0.00565172	0.05462069	0.03055485
1999119.00000000	140219443.00000000	47.00000000	0.09123476	0.14679606	0.24667045	0.29044966	0.23398145	0.10226893	0.04368176	0.02003595	0.00439623	0.00122261	0.00063709	0.00098522	0.00053137	1999119.00000000	140220610.00000000	47.00000000	11.28067066	15.76548529	24.46982159	28.98902446	28.75989802	13.28492303	7.56866378	3.18224012	0.12099830	0.02677532	0.00537797	0.05155220	0.02875551
1999119.00000000	140220529.00000000	48.00000000	0.08283858	0.13397793	0.22841181	0.27093245	0.21905677	0.09499887	0.04025669	0.01845003	0.00411673	0.00114290	0.00059913	0.00093932	0.00049696	1999119.00000000	140221665.00000000	48.00000000	10.57468350	14.86012138	23.35858012	27.74756434	27.50447444	12.53716111	7.04544245	2.91712913	0.10680504	0.02548054	0.00515361	0.04908499	0.02728919
1999119.00000000	140221504.00000000	49.00000000	0.07509253	0.12216911	0.21138382	0.25286011	0.20493770	0.08823159	0.03706726	0.01699263	0.00387177	0.00106969	0.00056401	0.00089461	0.00046316	1999119.00000000	140222595.00000000	49.00000000	10.14497743	14.32909267	22.86844532	27.39637724	27.18717252	12.22799846	6.80319480	2.77577939	0.09799207	0.02496735	0.00508412	0.04820899	0.02674037
1999119.00000000	140222436.00000000	50.00000000	0.06971286	0.11413567	0.19933253	0.24202658	0.19510873	0.08450245	0.03530539	0.01623774	0.00375457	0.00105845	0.00055041	0.00088410	0.00044539	1999119.00000000	140223529.00000000	50.00000000	9.38628226	13.35273951	21.53341800	25.82793387	25.63086934	11.36560893	6.24113385	2.50520281	0.08580896	0.02350618	0.00480874	0.04529440	0.02512111
1999119.00000000	140223360.00000000	51.00000000	0.06349770	0.10461627	0.18456569	0.22713731	0.18349056	0.07903566	0.03279135	0.01508229	0.00355425	0.00097628	0.00052169	0.00085207	0.00041839	1999119.00000000	140224298.00000000	51.00000000	8.71205947	12.45408333	20.32098248	24.46056588	24.26021548	10.62143282	5.76721064	2.27508265	0.07589345	0.02217764	0.00456456	0.04272189	0.02363977
1999119.00000000	140224135.00000000	52.00000000	0.05764310	0.09549938	0.17121001	0.21236459	0.17217940	0.07367131	0.03030397	0.01396278	0.00334488	0.00091402	0.00049565	0.00082804	0.00039358	1999119.00000000	140225398.00000000	52.00000000	8.19420666	11.78566669	19.49487487	23.60795882	23.42806050	10.13049378	5.44794495	2.11690465	0.06889781	0.02132824	0.00439737	0.04102388	0.02268160
1999119.00000000	140225237.00000000	53.00000000	0.05304094	0.08838879	0.16079603	0.20097457	0.16372196	0.06974054	0.02853613	0.01317032	0.00320317	0.00087494	0.00048880	0.00082431	0.00037754	1999119.00000000	140226187.00000000	53.00000000	7.60073848	11.00630258	18.46768735	22.45879175	22.29378561	9.51862128	5.05696417	1.93403837	0.06141803	0.02019904	0.00417805	0.03884446	0.02146209
1999119.00000000	140226027.00000000	54.00000000	0.04835634	0.08103150	0.14965098	0.18783888	0.15438338	0.06536462	0.02654046	0.01226846	0.00302782	0.00082370	0.00046302	0.00081096	0.00035680	1999119.00000000	140227297.00000000	54.00000000	7.09500593	10.33151447	17.58817601	21.51806374	21.39261037	9.01637205	4.73949934	1.78211192	0.05534533	0.01927211	0.00403286	0.03710771	0.02048335
1999119.00000000	140227130.00000000	55.00000000	0.04443755	0.07491279	0.14057449	0.17716589	0.14711642	0.06203369	0.02503784	0.01159919	0.00290449	0.00078629	0.00044927	0.00081848	0.00034460	1999119.00000000	140228425.00000000	55.00000000	6.60638440	9.68166015	16.73755516	20.58251767	20.45898440	8.51403227	4.41903700	1.63573806	0.04970633	0.01835578	0.00385469	0.03533359	0.01946412
1999119.00000000	140228256.00000000	56.00000000	0.04053490	0.06871269	0.13095599	0.16663815	0.13899537	0.05829317	0.02335121	0.01084503	0.00275049	0.00074196	0.00043645	0.00082007	0.00032960	1999119.00000000	140229528.00000000	56.00000000	6.18335376	9.11795867	16.01966688	19.83435647	19.76395198	8.13523845	4.18152813	1.52761583	0.04557454	0.01763577	0.00373873	0.03401353	0.01869073
1999119.00000000	140229379.00000000	57.00000000	0.03707396	0.06320838	0.12230691	0.15708513	0.13157255	0.05495828	0.02190626	0.01020362	0.00262783	0.00070717	0.00042896	0.00083149	0.00031729	1999119.00000000	140230337.00000000	57.00000000	5.62104005	8.33981346	14.83304787	18.45841725	18.37368288	7.44522388	3.77826095	1.35469585	0.04003629	0.01638635	0.00352638	0.03157904	0.01732755
1999119.00000000	140230187.00000000	58.00000000	0.03351676	0.05747247	0.11306735	0.14671396	0.12346732	0.05127188	0.02027817	0.00947102	0.00247576	0.00066447	0.00041275	0.00081927	0.00030170	1999119.00000000	140231303.00000000	58.00000000	5.25360757	7.83795528	14.18050859	17.74007853	17.68426721	7.09493422	3.56133576	1.25678487	0.03649809	0.01564884	0.00342417	0.03032237	0.01656562
1999119.00000000	140231178.00000000	59.00000000	0.03053295	0.05265538	0.10531339	0.13807055	0.11685433	0.04831953	0.01896389	0.00889233	0.00236266	0.00063183	0.00040757	0.00083226	0.00029062	1999119.00000000	140231783.00000000	59.00000000	4.99284511	7.50807794	13.84683014	17.48705987	17.49832883	6.96152235	3.46712961	1.20953740	0.03451010	0.01533927	0.00341184	0.02989898	0.01630011
1999119.00000000	140231640.00000000	60.00000000	0.02816157	0.04885608	0.09924448	0.13145224	0.11180228	0.04614409	0.01805857	0.00849994	0.00228812	0.00061438	0.00041872	0.00088758	0.00029009	1999119.00000000	140232312.00000000	60.00000000	4.49281884	6.79576451	12.68386392	16.08162110	16.07631381	6.28761161	3.08377849	1.06084188	0.03015633	0.01415378	0.00316642	0.02743806	0.01493486
1999119.00000000	140232281.00000000	61.00000000	0.02530962	0.04414118	0.09123791	0.12218470	0.10439143	0.04283103	0.01662444	0.00784683	0.00213785	0.00057514	0.00041523	0.00091516	0.00028449	1999119.00000000	140233313.00000000	61.00000000	4.13208992	6.28127665	11.90176819	15.17011044	15.17575020	5.87284327	2.84938063	0.96949697	0.02720568	0.01324324	0.00302467	0.02586881	0.01401951
1999119.00000000	140233181.00000000	62.00000000	0.02288110	0.04012637	0.08429398	0.11407769	0.09801400	0.04001187	0.01539464	0.00729141	0.00200984	0.00054240	0.00041314	0.00094426	0.00027945	1999119.00000000	140234479.00000000	62.00000000	3.90497298	5.98154555	11.56494984	14.87290800	14.93799546	5.74053565	2.76534047	0.92310830	0.02578738	0.01292458	0.00303626	0.02548110	0.01373051
1999119.00000000	140234307.00000000	63.00000000	0.02121142	0.03740971	0.07978506	0.10900854	0.09418432	0.03837903	0.01470079	0.00698333	0.00194653	0.00052611	0.00041806	0.00098791	0.00027993	1999119.00000000	140235631.00000000	63.00000000	3.57460047	5.51105698	10.84063788	14.08152117	14.16587271	5.37053494	2.55421961	0.84154721	0.02345806	0.01222692	0.00300278	0.02424227	0.01297383
1999119.00000000	140235478.00000000	64.00000000	0.01935753	0.03433903	0.07444867	0.10273986	0.08913168	0.03613087	0.01373988	0.00653123	0.00184114	0.00049578	0.00040159	0.00095748	0.00026603	1999119.00000000	140236751.00000000	64.00000000	3.25625171	5.04893082	10.10740921	13.24755228	13.35770848	5.01423940	2.36152203	0.76676030	0.02140927	0.01148393	0.00300229	0.02311611	0.01222786
1999119.00000000	140236595.00000000	65.00000000	0.01756923	0.03132911	0.06902813	0.09615077	0.08378257	0.03377304	0.01273856	0.00606100	0.00172290	0.00046426	0.00037861	0.00091004	0.00024942	1999119.00000000	140237870.00000000	65.00000000	2.95873973	4.61434846	9.38934162	12.38878316	12.52629131	4.65979520	2.17134197	0.69515274	0.01949280	0.01072928	0.00294198	0.02188117	0.01145692
1999119.00000000	140237714.00000000	66.00000000	0.01596366	0.02862646	0.06408119	0.09008717	0.07890484	0.03163045	0.01182497	0.00563524	0.00161359	0.00043436	0.00036288	0.00088310	0.00023706	1999119.00000000	140238977.00000000	66.00000000	2.74685554	4.30805220	8.93592156	11.91542142	12.09336192	4.46761089	2.06704389	0.65370935	0.01827567	0.01026998	0.00288802	0.02111338	0.01099294
1999119.00000000	140238825.00000000	67.00000000	0.01468661	0.02648459	0.06028003	0.08556295	0.07535602	0.03009415	0.01118409	0.00534093	0.00154127	0.00041586	0.00035834	0.00088637	0.00023259	1999119.00000000	140240170.00000000	67.00000000	2.52292018	3.98334847	8.40870247	11.32668812	11.53053382	4.21740270	1.93113547	0.60376164	0.01691457	0.00974075	0.00278773	0.02006019	0.01040174
1999119.00000000	140240009.00000000	68.00000000	0.01337926	0.02426107	0.05607068	0.08032523	0.07103952	0.02824241	0.01042040	0.00498496	0.00145485	0.00039117	0.00035102	0.00089293	0.00022481	1999119.00000000	140241246.00000000	68.00000000	2.28103794	3.62066589	7.76465593	10.55023506	10.75446310	3.89136783	1.76152705	0.54271964	0.01537427	0.00907820	0.00263418	0.01869162	0.00968175
1999119.00000000	140241085.00000000	69.00000000	0.01207726	0.02200770	0.05166474	0.07468982	0.06634841	0.02620103	0.00958157	0.00458609	0.00135351	0.00036302	0.00034129	0.00089076	0.00021978	1999119.00000000	140242347.00000000	69.00000000	2.07829399	3.31723272	7.24300878	9.92816314	10.15428802	3.64181990	1.63165814	0.49596004	0.01411077	0.00848788	0.00250456	0.01762334	0.00907873
1999119.00000000	140242204.00000000	70.00000000	0.01095324	0.02007754	0.04792075	0.06993549	0.06243596	0.02451503	0.00888757	0.00426851	0.00126892	0.00033953	0.00032964	0.00087949	0.00021342	1999119.00000000	140243483.00000000	70.00000000	1.91973083	3.08345816	6.86007770	9.50721909	9.75872196	3.47412961	1.54335772	0.46404007	0.01324206	0.00811068	0.00249119	0.01702463	0.00868542
1999119.00000000	140243332.00000000	71.00000000	0.01001295	0.01845026	0.04476220	0.06591779	0.05910735	0.02307823	0.00830421	0.00399017	0.00120336	0.00031848	0.00031261	0.00083818	0.00020177	1999119.00000000	140244599.00000000	71.00000000	1.74674715	2.82308700	6.38550546	8.93260987	9.20248717	3.24870580	1.42981394	0.42497851	0.01223420	0.00758954	0.00243832	0.01621684	0.00818024
1999119.00000000	140244451.00000000	72.00000000	0.00911498	0.01687657	0.04158712	0.06180684	0.05561831	0.02157574	0.00769757	0.00370983	0.00112126	0.00029763	0.00029390	0.00078911	0.00018865	1999119.00000000	140245721.00000000	72.00000000	1.57823788	2.56502501	5.89905288	8.32315711	8.59757360	3.00610748	1.30936566	0.38394882	0.01116157	0.00704053	0.00232714	0.01521997	0.00761846
1999119.00000000	140245570.00000000	73.00000000	0.00827662	0.01540055	0.03855891	0.05782658	0.05225456	0.02014283	0.00711814	0.00343487	0.00104495	0.00027671	0.00027512	0.00074017	0.00017634	1999119.00000000	140246854.00000000	73.00000000	1.45079495	2.37041407	5.55203623	7.90781866	8.19908865	2.84426647	1.22861691	0.35607907	0.01044473	0.00665620	0.00224823	0.01450501	0.00723512
1999119.00000000	140246681.00000000	74.00000000	0.00757041	0.01416091	0.03601029	0.05447549	0.04943897	0.01894872	0.00663868	0.00320944	0.00098629	0.00026060	0.00025811	0.00069905	0.00016616	1999119.00000000	140248042.00000000	74.00000000	1.33523625	2.19434286	5.23272340	7.52765982	7.83327046	2.69620422	1.15383726	0.33083118	0.00976330	0.00630830	0.00217600	0.01382177	0.00686576
1999119.00000000	140247890.00000000	75.00000000	0.00693306	0.01303470	0.03366258	0.05137066	0.04680228	0.01783562	0.00620213	0.00300615	0.00092899	0.00024485	0.00024411	0.00065735	0.00015630	1999119.00000000	140249224.00000000	75.00000000	1.21745416	2.01290206	4.88073921	7.09160958	7.40148174	2.52365097	1.06907457	0.30296562	0.00903689	0.00592607	0.00206863	0.01302238	0.00647181
1999119.00000000	140249050.00000000	76.00000000	0.00632086	0.01194130	0.03132537	0.04822673	0.04408148	0.01668529	0.00574438	0.00278872	0.00087284	0.00022828	0.00022757	0.00061388	0.00014513	1999119.00000000	140250360.00000000	76.00000000	1.10537606	1.83690069	4.53180633	6.64723989	6.95989761	2.35101685	0.98699430	0.27573780	0.00834210	0.00553374	0.00193961	0.01215959	0.00605216
1999119.00000000	140250199.00000000	77.00000000	0.00573457	0.01088877	0.02902378	0.04509572	0.04136502	0.01554363	0.00529750	0.00258202	0.00080933	0.00021145	0.00021174	0.00057186	0.00013380	1999119.00000000	140251017.00000000	77.00000000	1.01902192	1.70085834	4.26734922	6.31430563	6.63711607	2.22514713	0.92782635	0.25589149	0.00781703	0.00518904	0.00182570	0.01151178	0.00572556
1999119.00000000	140250937.00000000	78.00000000	0.00526361	0.01004995	0.02719519	0.04259999	0.03922246	0.01465077	0.00494584	0.00241396	0.00076443	0.00019854	0.00019903	0.00053968	0.00012669	1999119.00000000	140251405.00000000	78.00000000	0.93681365	1.56596947	3.99584158	5.97243842	6.29915143	2.09289357	0.86504156	0.23559826	0.00730625	0.00489156	0.00170857	0.01084112	0.00541084
1999119.00000000	140251245.00000000	79.00000000	0.00480526	0.00921581	0.02535313	0.04005867	0.03700716	0.01373318	0.00459027	0.00224708	0.00071585	0.00018398	0.00018612	0.00050623	0.00011810	1999119.00000000	140252560.00000000	79.00000000	0.85698892	1.43968617	3.73396271	5.63310754	5.96176562	1.96318913	0.80403759	0.21623069	0.00676090	0.00461558	0.00163954	0.01021620	0.00508718
1999119.00000000	140252390.00000000	80.00000000	0.00436604	0.00842417	0.02356334	0.03756868	0.03481243	0.01282416	0.00424359	0.00208518	0.00066924	0.00016938	0.00017251	0.00046879	0.00010998	1999119.00000000	140253672.00000000	80.00000000	0.78526973	1.32496060	3.49277498	5.31760321	5.64848572	1.84373616	0.74834393	0.19882050	0.00625650	0.00431673	0.00152635	0.00961333	0.00477902
1999119.00000000	140253510.00000000	81.00000000	0.00399220	0.00774608	0.02202321	0.03541581	0.03291445	0.01204194	0.00395010	0.00194344	0.00062834	0.00015848	0.00016025	0.00043437	0.00010112	1999119.00000000	140254798.00000000	81.00000000	0.72196829	1.22461939	3.28156956	5.04573862	5.38010369	1.74280862	0.70047581	0.18399894	0.00583951	0.00406968	0.00144305	0.00909067	0.00452310
1999119.00000000	140254648.00000000	82.00000000	0.00365746	0.00714509	0.02065638	0.03349051	0.03121108	0.01134128	0.00368005	0.00181889	0.00059143	0.00014856	0.00014942	0.00039995	0.00009278	1999119.00000000	140255919.00000000	82.00000000	0.66403398	1.13062820	3.08020626	4.78050418	5.11783769	1.64389451	0.65492313	0.16990570	0.00546343	0.00382776	0.00135291	0.00857758	0.00426919
1999119.00000000	140255758.00000000	83.00000000	0.00335560	0.00659458	0.01937694	0.03167428	0.02958251	0.01067555	0.00342333	0.00170095	0.00055461	0.00013797	0.00013870	0.00036573	0.00008612	1999119.00000000	140256995.00000000	83.00000000	0.60926273	1.04184172	2.88509750	4.51807040	4.85446191	1.54588356	0.61023268	0.15628173	0.00508116	0.00359830	0.00128176	0.00806550	0.00402462
1999119.00000000	140256845.00000000	84.00000000	0.00309145	0.00609626	0.01820372	0.03000305	0.02808043	0.01006224	0.00319427	0.00159537	0.00052027	0.00013011	0.00012702	0.00033900	0.00007864	1999119.00000000	140258026.00000000	84.00000000	0.55827906	0.95820658	2.70022162	4.27031812	4.60275736	1.45247285	0.56779576	0.14358215	0.00466914	0.00335672	0.00117100	0.00755841	0.00377708
1999119.00000000	140257927.00000000	85.00000000	0.00283550	0.00562557	0.01708988	0.02841302	0.02666118	0.00947864	0.00297491	0.00149599	0.00048949	0.00012156	0.00012011	0.00031941	0.00007356	1999119.00000000	140258814.00000000	85.00000000	0.51478763	0.88332201	2.54109954	4.05067516	4.38327134	1.37268442	0.53128556	0.13276034	0.00438465	0.00316472	0.00110410	0.00710696	0.00356995
1999119.00000000	140258655.00000000	86.00000000	0.00259955	0.00519131	0.01607750	0.02696494	0.02536264	0.00895330	0.00277768	0.00140592	0.00046423	0.00011569	0.00011275	0.00030209	0.00006955	1999119.00000000	140259914.00000000	86.00000000	0.47658610	0.82054331	2.39826721	3.85413435	4.18144669	1.29920034	0.49834698	0.12304270	0.00410795	0.00300392	0.00103466	0.00672399	0.00339100
1999119.00000000	140259759.00000000	87.00000000	0.00238653	0.00480818	0.01515282	0.02563917	0.02417625	0.00846791	0.00260330	0.00131993	0.00043838	0.00010921	0.00010498	0.00028108	0.00006404	1999119.00000000	140301024.00000000	87.00000000	0.44129940	0.76321308	2.26269231	3.66787223	3.98903754	1.22969982	0.46701893	0.11379634	0.00383182	0.00282699	0.00097991	0.00635834	0.00321352
1999119.00000000	140300864.00000000	88.00000000	0.00219065	0.00444595	0.01427824	0.02437887	0.02304074	0.00800686	0.00243333	0.00124377	0.00041483	0.00010332	0.00009917	0.00026248	0.00006022	1999119.00000000	140302114.00000000	88.00000000	0.40743509	0.70760333	2.12859413	3.47954007	3.79618200	1.16099201	0.43668583	0.10512031	0.00358962	0.00267179	0.00093160	0.00601046	0.00305865
1999119.00000000	140301955.00000000	89.00000000	0.00200787	0.00409568	0.01344015	0.02316472	0.02193167	0.00755845	0.00226793	0.00117040	0.00039139	0.00009703	0.00009093	0.00024527	0.00005635	1999119.00000000	140303166.00000000	89.00000000	0.37614291	0.65581180	2.00198819	3.29849603	3.60951031	1.09476057	0.40793074	0.09699798	0.00333902	0.00251440	0.00085570	0.00566906	0.00287776
1999119.00000000	140303015.00000000	90.00000000	0.00183481	0.00377770	0.01265886	0.02202353	0.02088643	0.00713957	0.00211607	0.00110386	0.00037125	0.00009179	0.00008636	0.00023163	0.00005272	1999119.00000000	140303905.00000000	90.00000000	0.34812769	0.60975328	1.88908178	3.13576536	3.44255990	1.03619057	0.38262542	0.08987969	0.00314375	0.00238744	0.00081050	0.00537201	0.00272193
1999119.00000000	140303809.00000000	91.00000000	0.00168584	0.00349419	0.01195237	0.02099259	0.01995221	0.00676212	0.00198051	0.00103959	0.00035237	0.00008625	0.00007970	0.00021947	0.00004943	1999119.00000000	140305008.00000000	91.00000000	0.32244962	0.56740037	1.78381913	2.98435169	3.28644597	0.98235856	0.35946215	0.08347202	0.00295908	0.00224677	0.00076515	0.00509617	0.00259370
1999119.00000000	140304816.00000000	92.00000000	0.00154797	0.00324283	0.01131265	0.02005202	0.01909060	0.00641378	0.00185344	0.00097899	0.00032847	0.00008105	0.00007604	0.00020959	0.00004708	1999119.00000000	140306124.00000000	92.00000000	0.29716832	0.52495316	1.67510420	2.82686594	3.12036649	0.92520238	0.33498043	0.07682358	0.00272876	0.00210757	0.00070712	0.00479063	0.00243788
1999119.00000000	140305971.00000000	93.00000000	0.00141965	0.00298613	0.01068274	0.01910782	0.01821419	0.00606224	0.00172812	0.00092196	0.00031171	0.00007832	0.00007215	0.00019863	0.00004351	1999119.00000000	140307220.00000000	93.00000000	0.27468139	0.48766077	1.57977157	2.68838159	2.97715110	0.87626168	0.31429381	0.07126011	0.00255386	0.00198274	0.00065689	0.00454550	0.00230976
1999119.00000000	140307059.00000000	94.00000000	0.00130589	0.00277301	0.01013583	0.01829236	0.01746115	0.00576084	0.00161915	0.00086789	0.00029557	0.00007184	0.00006650	0.00018776	0.00004200	1999119.00000000	140308319.00000000	94.00000000	0.25400433	0.45288299	1.49160168	2.55843308	2.84174957	0.83088096	0.29535177	0.06622489	0.00241706	0.00188513	0.00064617	0.00433157	0.00220518
1999119.00000000	140308149.00000000	95.00000000	0.00120068	0.00258249	0.00965071	0.01757600	0.01679423	0.00548379	0.00152163	0.00082192	0.00027597	0.00007081	0.00006100	0.00017223	0.00003824	1999119.00000000	140309399.00000000	95.00000000	0.23363284	0.41799858	1.39774163	2.42009223	2.69690575	0.78256854	0.27547215	0.06106614	0.00228177	0.00178172	0.00061959	0.00410197	0.00208634
1999119.00000000	140309253.00000000	96.00000000	0.00110909	0.00240398	0.00917835	0.01687635	0.01612872	0.00521146	0.00142223	0.00077530	0.00026460	0.00006446	0.00005630	0.00015574	0.00003580	1999119.00000000	140310474.00000000	96.00000000	0.21495161	0.38643151	1.31339103	2.29127155	2.56153948	0.73827937	0.25740509	0.05644224	0.00210843	0.00168398	0.00058494	0.00387248	0.00196629
1999119.00000000	140310323.00000000	97.00000000	0.00102503	0.00223422	0.00874389	0.01621499	0.01550441	0.00495300	0.00133015	0.00073514	0.00024888	0.00006287	0.00005010	0.00014062	0.00003166	1999119.00000000	140311591.00000000	97.00000000	0.19829145	0.35833156	1.23844933	2.17757823	2.44140341	0.69881082	0.24146608	0.05238041	0.00197341	0.00158093	0.00053720	0.00366729	0.00186917
1999119.00000000	140311417.00000000	98.00000000	0.00093873	0.00208061	0.00834251	0.01560717	0.01493606	0.00472177	0.00125509	0.00069173	0.00023290	0.00005941	0.00004298	0.00012488	0.00002869	1999119.00000000	140312696.00000000	98.00000000	0.18259776	0.33137306	1.16435536	2.06636770	2.32290076	0.65945070	0.22551620	0.04832610	0.00185622	0.00148636	0.00050160	0.00346758	0.00176904
1999119.00000000	140312544.00000000	99.00000000	0.00086947	0.00193714	0.00795281	0.01500968	0.01436422	0.00449119	0.00117419	0.00065450	0.00022153	0.00005430	0.00003814	0.00011141	0.00002655	1999119.00000000	140313776.00000000	99.00000000	0.16844776	0.30708388	1.09824541	1.96354870	2.21341585	0.62355557	0.21116085	0.04475899	0.00175170	0.00140568	0.00047707	0.00326718	0.00167544
1999119.00000000	140313616.00000000	100.00000000	0.00080236	0.00180194	0.00758683	0.01444012	0.01382781	0.00428249	0.00109588	0.00061748	0.00020647	0.00005228	0.00003362	0.00009676	0.00002365	1999119.00000000	140314428.00000000	100.00000000	0.15537856	0.28463317	1.03497791	1.86699194	2.11056386	0.58990363	0.19775110	0.04145368	0.00165967	0.00133430	0.00044296	0.00307221	0.00159545
1999119.00000000	140314322.00000000	101.00000000	0.00073007	0.00168285	0.00723693	0.01389358	0.01330564	0.00407306	0.00102217	0.00059082	0.00019445	0.00005004	0.00003041	0.00008652	0.00001997	1999119.00000000	140314816.00000000	101.00000000	0.14355025	0.26438595	0.97856132	1.77840243	2.01620720	0.55863814	0.18541485	0.03842972	0.00152968	0.00125018	0.00039025	0.00289107	0.00150636
1999119.00000000	140314789.00000000	102.00000000	0.00067619	0.00156831	0.00690362	0.01336526	0.01280246	0.00387621	0.00095661	0.00055157	0.00018923	0.00004663	0.00002729	0.00007812	0.00001805	1999119.00000000	140315845.00000000	102.00000000	0.13244419	0.24514189	0.92439320	1.69477652	1.92519901	0.52829095	0.17346296	0.03556600	0.00145909	0.00118510	0.00037044	0.00271017	0.00144268
1999119.00000000	140315695.00000000	103.00000000	0.00062191	0.00145829	0.00658400	0.01285195	0.01231981	0.00369334	0.00090205	0.00052479	0.00017751	0.00004406	0.00002432	0.00007005	0.00001693	1999119.00000000	140316290.00000000	103.00000000	0.12221465	0.22749564	0.87512774	1.61745083	1.84126201	0.50028636	0.16253662	0.03295743	0.00136566	0.00111818	0.00033845	0.00255690	0.00136240
1999119.00000000	140316212.00000000	104.00000000	0.00057885	0.00136005	0.00627953	0.01236326	0.01185175	0.00352027	0.00084578	0.00050041	0.00016854	0.00004243	0.00002108	0.00006061	0.00001502	1999119.00000000	140317040.00000000	104.00000000	0.11295659	0.21123403	0.82856713	1.54368148	1.76051079	0.47395824	0.15235488	0.03058459	0.00128543	0.00105337	0.00031594	0.00243675	0.00128491
1999119.00000000	140316970.00000000	105.00000000	0.00052608	0.00126460	0.00599604	0.01190447	0.01141286	0.00335535	0.00078022	0.00046958	0.00015193	0.00004115	0.00001755	0.00005058	0.00001283	1999119.00000000	140317416.00000000	105.00000000	0.10450383	0.19635854	0.78490517	1.47255698	1.68271375	0.44905930	0.14285029	0.02835448	0.00127112	0.00100988	0.00031752	0.00232406	0.00123771
1999119.00000000	140317392.00000000	106.00000000	0.00048271	0.00118925	0.00573047	0.01146748	0.01098871	0.00319000	0.00073404	0.00044902	0.00013853	0.00003835	0.00001496	0.00004317	0.00001012	1999119.00000000	140317642.00000000	106.00000000	0.09646025	0.18234689	0.74362526	1.40739556	1.61069594	0.42534464	0.13383704	0.02628518	0.00120837	0.00097487	0.00028964	0.00220437	0.00118003
1999119.00000000	140317603.00000000	107.00000000	0.00044685	0.00110308	0.00546868	0.01103299	0.01057520	0.00303840	0.00068765	0.00042532	0.00013633	0.00003542	0.00001232	0.00003613	0.00000945	1999119.00000000	140318213.00000000	107.00000000	0.08911968	0.16935764	0.70514378	1.34552842	1.54219985	0.40330804	0.12549632	0.02443788	0.00109529	0.00091915	0.00025949	0.00207129	0.00114113
