PROSOFT : ProSoft 7.6
CRUISE-ID : EMTEC
STATION-ID : I1B-123
OPERATOR : Unknown
LATITUDE : 38 30.21 N
LONGITUDE : 17 59.95 E
PRESSURE-TARE : 0.000000
CAST : B
PROFILER : WET
REFERENCE : WET
TIME-STAMP : Wed May 05 11:18:23 1999
PRO-DARK : OFF
REF-DARK : OFF
COMMENT : 11:15
PROCESSING_LEVEL : 3a
FILE_CREATION_TIME : 10-Feb-2004 10:44:07
DEGLITCH_PRODAT : ON
PRO_NOISE_THRESH : 5
UPPER_PRES_LEVEL : 30
LOWER_PRES_LEVEL : 200
DEGLITCH_REFDAT : OFF
PRES_TARE_CORRECTED : 0
DEPTH_RESOLUTION : 0.1m
BIN_INTERVAL : 1m
BIN_WIDTH : 0.5m
TIME_INTERVAL : 2sec
TIME_WIDTH : 1sec
WAVEL_INTERP : 0nm
 : 
REFLECTION_ALBEDO : 0.043
REFLECTANCE_INDEX : 0.021

Lu	Lu	Lu	Lu	Lu	Lu	Lu	Lu	Lu	Lu	Lu	Lu	Lu	Lu	Lu	Lu	Ed	Ed	Ed	Ed	Ed	Ed	Ed	Ed	Ed	Ed	Ed	Ed	Ed	Ed	Ed	Ed	
#Datetag	Timetag2	Depth	399.8	412.2	442.0	470.1	490.4	509.8	531.7	554.5	590.2	619.0	665.6	683.3	700.4	Datetag	Timetag2	Depth	399.8	411.5	442.6	469.8	490.9	509.6	531.5	554.9	589.4	619.4	665.7	682.5	700.2	
1999125.00000000	111823174.00000000	4.00000000	1.18691142	1.55302975	1.76629379	1.90916008	1.57977951	1.06275441	0.68874643	0.42738330	0.12416299	0.02952392	0.01195374	0.00994567	0.00555576	1999125.00000000	111824507.00000000	4.00000000	98.97107696	115.81922451	121.28788928	131.84625929	137.06545079	122.02386083	121.21554203	99.14996051	62.43861577	33.54870311	18.60520185	14.22895343	4.33862905
1999125.00000000	111824345.00000000	5.00000000	1.18338385	1.55689142	1.77779913	1.92868266	1.59977682	1.07276757	0.69426219	0.42606902	0.11658945	0.02453110	0.00954138	0.00829477	0.00508537	1999125.00000000	111825702.00000000	5.00000000	89.35181491	103.23419000	109.65579058	119.06988076	126.79627670	112.76276097	106.73437159	87.29827849	51.84469018	22.82654851	11.18339680	8.65927749	2.19234556
1999125.00000000	111825549.00000000	6.00000000	1.11809686	1.47760076	1.70996373	1.86221335	1.55055566	1.02925764	0.65765558	0.39648387	0.10225523	0.01990163	0.00780103	0.00710839	0.00465904	1999125.00000000	111826915.00000000	6.00000000	81.21919823	96.75879462	103.11508712	113.60298920	116.77641760	99.08176761	93.41727770	75.26758622	39.70553589	15.97199062	6.94030339	5.01973139	1.04296040
1999125.00000000	111826748.00000000	7.00000000	1.03661536	1.37691512	1.60612991	1.75857341	1.46570277	0.96575232	0.61081941	0.36549578	0.09055681	0.01674174	0.00669589	0.00632115	0.00426099	1999125.00000000	111828060.00000000	7.00000000	87.91389106	102.65728244	113.17387025	123.93584051	132.60871651	113.61327546	106.47141034	85.20697169	43.07942727	14.72314530	5.71594331	4.16376315	0.78710057
1999125.00000000	111827907.00000000	8.00000000	0.97339376	1.30123976	1.53406895	1.69043669	1.41207084	0.92349738	0.57974647	0.34233702	0.08014256	0.01403871	0.00577724	0.00569373	0.00398295	1999125.00000000	111829133.00000000	8.00000000	78.67983414	93.70110089	102.50483539	113.16475804	119.51896168	99.82213165	92.52793121	72.64856310	33.54101510	9.83811245	3.31784593	2.46563953	0.40423061
1999125.00000000	111829014.00000000	9.00000000	0.91232082	1.22563806	1.46323617	1.62297208	1.36194683	0.88544942	0.55017834	0.32075185	0.07179707	0.01208455	0.00514864	0.00531213	0.00377189	1999125.00000000	111830195.00000000	9.00000000	64.19118647	76.64904732	82.76855841	90.54850901	94.10108685	76.84066681	70.53590698	53.85212880	22.50188510	5.55120524	1.59503245	1.23388057	0.23427490
1999125.00000000	111830059.00000000	10.00000000	0.83250555	1.12481712	1.36207436	1.52081177	1.27955471	0.82158957	0.50184482	0.28725486	0.06066711	0.00997078	0.00445169	0.00475582	0.00345535	1999125.00000000	111831297.00000000	10.00000000	70.24015842	84.30278964	93.79376808	103.87014791	108.57794748	88.77111360	80.86445740	61.16154360	23.91739979	5.01127825	1.27205679	1.04859813	0.21786321
1999125.00000000	111831138.00000000	11.00000000	0.80963698	1.10043441	1.34426868	1.50987351	1.27354000	0.81774065	0.49923607	0.28506689	0.05881304	0.00964042	0.00445537	0.00497051	0.00347352	1999125.00000000	111832432.00000000	11.00000000	68.98393218	83.60120297	94.15632343	105.05463941	109.72226216	88.17178879	79.46696049	59.32132471	21.33743618	3.83566198	0.85224144	0.77127769	0.18655044
1999125.00000000	111832266.00000000	12.00000000	0.74746364	1.02152116	1.26454192	1.42907059	1.20936486	0.76948152	0.46380043	0.26058465	0.05078933	0.00823053	0.00395000	0.00448245	0.00319857	1999125.00000000	111833539.00000000	12.00000000	61.02594575	74.04305126	83.34175457	92.71329161	96.98031468	76.64225396	68.17891978	50.00159402	16.70736501	2.59476523	0.53309055	0.54880990	0.15289842
1999125.00000000	111833374.00000000	13.00000000	0.69229774	0.95121879	1.19079491	1.35569174	1.15139580	0.72892478	0.43565737	0.24257751	0.04594320	0.00756120	0.00373376	0.00434801	0.00304285	1999125.00000000	111834613.00000000	13.00000000	60.97156531	74.29760857	85.21047060	95.39501500	99.44324528	77.97082396	68.92306185	49.89918067	15.55151574	2.12605019	0.38473932	0.45600868	0.14621193
1999125.00000000	111834450.00000000	14.00000000	0.65245384	0.90164999	1.14696303	1.31544750	1.12293797	0.70967865	0.42183678	0.23295031	0.04258637	0.00705039	0.00357049	0.00424966	0.00292827	1999125.00000000	111835643.00000000	14.00000000	54.90705972	67.26862904	77.10152998	86.27177877	89.91934340	69.14935796	60.42219549	42.96427077	12.39840387	1.46964447	0.23352394	0.33730306	0.12852462
1999125.00000000	111835548.00000000	15.00000000	0.59408202	0.82671606	1.06454623	1.23232161	1.05526722	0.66005360	0.38724732	0.21050719	0.03692754	0.00629441	0.00328145	0.00397958	0.00272380	1999125.00000000	111836784.00000000	15.00000000	55.68903497	68.63054435	80.37970797	90.76108601	95.21883210	72.64517830	62.97228814	44.28346920	11.89115212	1.20450970	0.17052490	0.31026627	0.13172162
1999125.00000000	111836611.00000000	16.00000000	0.56356849	0.78839425	1.02981751	1.19997669	1.03261505	0.64609351	0.37790635	0.20432839	0.03491065	0.00603959	0.00321367	0.00400354	0.00265562	1999125.00000000	111837884.00000000	16.00000000	50.48319377	62.29633984	73.19213083	82.44449616	85.94860664	64.32824773	54.86566375	37.73551293	9.24271587	0.80670641	0.10232644	0.24823094	0.11596048
1999125.00000000	111837715.00000000	17.00000000	0.50677878	0.71347119	0.94447894	1.11061550	0.95891443	0.59388260	0.34207724	0.18212166	0.02978832	0.00532772	0.00291158	0.00368471	0.00242676	1999125.00000000	111838963.00000000	17.00000000	47.69288929	59.44379829	70.33190440	79.72187117	83.36169656	61.27187018	51.87821736	35.21384296	8.06028542	0.64787924	0.07547555	0.22537341	0.11166104
1999125.00000000	111838812.00000000	18.00000000	0.48403663	0.68629468	0.92154162	1.09301134	0.94816345	0.58881980	0.34006457	0.18092238	0.02918810	0.00530542	0.00295086	0.00387585	0.00242181	1999125.00000000	111840037.00000000	18.00000000	45.96811959	57.29357366	69.14566218	78.64106634	81.97081697	59.83676094	50.02982231	33.44831241	7.10328355	0.51736820	0.05538159	0.20904210	0.10652733
1999125.00000000	111839891.00000000	19.00000000	0.44225635	0.63103286	0.86316398	1.03344381	0.90155436	0.55650125	0.31778604	0.16660952	0.02575814	0.00476859	0.00270403	0.00360136	0.00224568	1999125.00000000	111841116.00000000	19.00000000	45.57238120	57.51513942	70.26802835	80.79684495	84.91990311	61.01862895	50.71706820	33.59389295	6.69776418	0.42146040	0.04555657	0.20786131	0.11014209
1999125.00000000	111840970.00000000	20.00000000	0.41648531	0.59704842	0.82430223	0.99458049	0.87131726	0.53867972	0.30753549	0.16136130	0.02490769	0.00471517	0.00273942	0.00383215	0.00222265	1999125.00000000	111842242.00000000	20.00000000	37.45049094	47.11803817	57.31778633	65.31459473	68.14641866	47.88134725	38.94119673	25.16322429	4.61114650	0.26816052	0.02969441	0.16221687	0.08748986
1999125.00000000	111842081.00000000	21.00000000	0.37309954	0.53811859	0.75554496	0.92007353	0.81052920	0.49761650	0.28096696	0.14537607	0.02171794	0.00417078	0.00248559	0.00360958	0.00203999	1999125.00000000	111843324.00000000	21.00000000	37.71496230	47.66918251	59.41338954	68.29296156	71.30566553	49.74934362	40.11838831	25.49977770	4.29781696	0.22040460	0.02518042	0.16416831	0.08930403
1999125.00000000	111843164.00000000	22.00000000	0.35252498	0.51203372	0.72975935	0.89734672	0.79334414	0.48764064	0.27495231	0.14208162	0.02085415	0.00407184	0.00251973	0.00387477	0.00203324	1999125.00000000	111844448.00000000	22.00000000	37.31260559	47.86064587	60.67399500	70.68845474	74.25084887	51.05552066	41.05516069	25.83848635	4.07841397	0.19558477	0.02303367	0.16727307	0.09255754
1999125.00000000	111844287.00000000	23.00000000	0.33382065	0.48760197	0.70298962	0.87183090	0.77527301	0.47780828	0.27011728	0.13947836	0.02042014	0.00407199	0.00260096	0.00425835	0.00206037	1999125.00000000	111845524.00000000	23.00000000	31.35454227	40.11010610	50.89902971	58.99036165	61.65539161	41.69499515	32.94640939	20.33026306	3.01157492	0.14128415	0.01819735	0.13801610	0.07621807
1999125.00000000	111845372.00000000	24.00000000	0.29330292	0.43093028	0.63175128	0.79128533	0.70710294	0.43194329	0.24121159	0.12270072	0.01750218	0.00356578	0.00232441	0.00389543	0.00185186	1999125.00000000	111846616.00000000	24.00000000	30.78612747	39.75170383	51.69141782	60.71044319	63.79924987	42.91018379	33.82906831	20.72591957	2.91463048	0.13023991	0.01785049	0.14119883	0.07785402
1999125.00000000	111846463.00000000	25.00000000	0.26841070	0.39652266	0.58921336	0.74485029	0.66814744	0.40759034	0.22638552	0.11485141	0.01628817	0.00339516	0.00227737	0.00397565	0.00178375	1999125.00000000	111847717.00000000	25.00000000	27.89264141	36.22109857	47.67800053	56.25287814	59.16784590	39.08979878	30.38041931	18.19963434	2.32977871	0.10205249	0.01584094	0.12978325	0.07163175
1999125.00000000	111847570.00000000	26.00000000	0.24877026	0.36977991	0.55788351	0.71215091	0.64216775	0.39124195	0.21651656	0.10921903	0.01529209	0.00326597	0.00225311	0.00411336	0.00174231	1999125.00000000	111848814.00000000	26.00000000	26.05228912	34.08233173	45.77900897	54.55090702	57.60830184	37.58988114	28.91794918	17.08221167	2.03028867	0.08759695	0.01502933	0.12501334	0.06883616
1999125.00000000	111848674.00000000	27.00000000	0.22554863	0.33705733	0.51529351	0.66406405	0.60156982	0.36481254	0.20031087	0.10014936	0.01385723	0.00304592	0.00217072	0.00413154	0.00165963	1999125.00000000	111849948.00000000	27.00000000	23.60435348	31.02552299	42.22576016	50.60430048	53.50798478	34.50182500	26.30409681	15.31481753	1.71414306	0.07507703	0.01394777	0.11559613	0.06344324
1999125.00000000	111849762.00000000	28.00000000	0.20356138	0.30580223	0.47376911	0.61649694	0.56066127	0.33905255	0.18486279	0.09188147	0.01262830	0.00283013	0.00208524	0.00412263	0.00158868	1999125.00000000	111851046.00000000	28.00000000	21.77949646	28.79451633	39.77831929	48.02987653	50.94285635	32.54619573	24.64517823	14.19001229	1.51091725	0.06732726	0.01334971	0.10969601	0.05999543
1999125.00000000	111850815.00000000	29.00000000	0.18634095	0.28296075	0.44421282	0.58355522	0.53319021	0.32258381	0.17543682	0.08698627	0.01191912	0.00270613	0.00206370	0.00424114	0.00154108	1999125.00000000	111852183.00000000	29.00000000	19.61911689	26.07171754	36.59123176	44.49853928	47.35725500	29.89741393	22.39561020	12.70670327	1.26832636	0.05843446	0.01253856	0.10163988	0.05533542
1999125.00000000	111852011.00000000	30.00000000	0.16788918	0.25640141	0.40748361	0.54052844	0.49607575	0.29912057	0.16171897	0.07969517	0.01087805	0.00251953	0.00199436	0.00424226	0.00147276	1999125.00000000	111853317.00000000	30.00000000	17.71299387	23.67596856	33.80882440	41.43577098	44.17206791	27.48023562	20.33016642	11.31536055	1.04818815	0.05072842	0.01187160	0.09444377	0.05106826
1999125.00000000	111853147.00000000	31.00000000	0.15135395	0.23194919	0.37326117	0.50000374	0.46045645	0.27654438	0.14819472	0.07250481	0.00986679	0.00233892	0.00190607	0.00413759	0.00139175	1999125.00000000	111854122.00000000	31.00000000	16.81451574	22.66656866	33.17899774	41.21448246	44.19448716	27.26314811	20.04343070	11.02212614	0.94737448	0.04789937	0.01210322	0.09426933	0.05049605
1999125.00000000	111854044.00000000	32.00000000	0.13922559	0.21417384	0.34877532	0.47166762	0.43597471	0.26150664	0.13945414	0.06800385	0.00927950	0.00224901	0.00188151	0.00415839	0.00135083	1999125.00000000	111855003.00000000	32.00000000	15.14872807	20.55778146	30.52074104	38.23465146	41.16889423	25.09067153	18.28870911	9.92134386	0.80541214	0.04327772	0.01165486	0.08820021	0.04692674
1999125.00000000	111854931.00000000	33.00000000	0.12649271	0.19475074	0.32244437	0.44046155	0.40882362	0.24478271	0.13000837	0.06311267	0.00864494	0.00213196	0.00182208	0.00410856	0.00129463	1999125.00000000	111855162.00000000	33.00000000	13.55601995	18.44561204	27.74178114	34.97788775	37.72891035	22.79305632	16.47238865	8.81964275	0.68031854	0.03866989	0.01101779	0.08104661	0.04272914
1999125.00000000	111855139.00000000	34.00000000	0.11308978	0.17320431	0.29234751	0.40313093	0.37548033	0.22422780	0.11819800	0.05709772	0.00786582	0.00196640	0.00171109	0.00391065	0.00120457	1999125.00000000	111855742.00000000	34.00000000	12.32072625	16.83889430	25.70497503	32.69541745	35.37630608	21.16644976	15.17748373	8.01918275	0.58444132	0.03537366	0.01063991	0.07601518	0.03981329
1999125.00000000	111855592.00000000	35.00000000	0.10116304	0.15505199	0.26473268	0.36829882	0.34405789	0.20461404	0.10724543	0.05159623	0.00717433	0.00181745	0.00161222	0.00373155	0.00111952	1999125.00000000	111856842.00000000	35.00000000	11.29636947	15.51779207	24.12839973	31.01181988	33.68958231	19.97046375	14.19599508	7.38971139	0.50478711	0.03279010	0.01035865	0.07230795	0.03761364
1999125.00000000	111856681.00000000	36.00000000	0.09164086	0.14104731	0.24367313	0.34216366	0.32067330	0.18896204	0.09928853	0.04766740	0.00666907	0.00171460	0.00155367	0.00366349	0.00106654	1999125.00000000	111857942.00000000	36.00000000	10.33940417	14.29774490	22.65123953	29.46139911	32.16395182	18.86765599	13.30427759	6.83000771	0.43931051	0.03063079	0.01005587	0.06880111	0.03562339
1999125.00000000	111857784.00000000	37.00000000	0.08311970	0.12851570	0.22496609	0.31913507	0.30022020	0.17594642	0.09235003	0.04421759	0.00624592	0.00162848	0.00150907	0.00362286	0.00102274	1999125.00000000	111859066.00000000	37.00000000	9.28151726	12.88444724	20.69429267	27.13758349	29.68764698	17.20256935	11.99863448	6.05207010	0.36527702	0.02786125	0.00948889	0.06350388	0.03266342
1999125.00000000	111858911.00000000	38.00000000	0.07448044	0.11552256	0.20434849	0.29327863	0.27679150	0.16182858	0.08428475	0.04020388	0.00574753	0.00152910	0.00143407	0.00349390	0.00096293	1999125.00000000	111900181.00000000	38.00000000	8.48737515	11.83072966	19.31071542	25.57658117	28.08019481	16.15544608	11.19353630	5.58147583	0.32060364	0.02596489	0.00914522	0.06002533	0.03067775
1999125.00000000	111900035.00000000	39.00000000	0.06659254	0.10357750	0.18377975	0.26808421	0.25374650	0.14820525	0.07674956	0.03657646	0.00531369	0.00141620	0.00135757	0.00333786	0.00090097	1999125.00000000	111900809.00000000	39.00000000	7.67323418	10.73801500	17.73902193	23.69160953	26.08804891	14.88203528	10.23970540	5.04743565	0.27831352	0.02394112	0.00869526	0.05592101	0.02841484
1999125.00000000	111900775.00000000	40.00000000	0.05951638	0.09277869	0.16595852	0.24465876	0.23225230	0.13554298	0.06982440	0.03327703	0.00490921	0.00132168	0.00128010	0.00316629	0.00084000	1999125.00000000	111901278.00000000	40.00000000	6.94041694	9.74692922	16.34628705	22.02927045	24.30205400	13.74198951	9.37339124	4.55016795	0.23791535	0.02203257	0.00827325	0.05219372	0.02628387
1999125.00000000	111901109.00000000	41.00000000	0.05313357	0.08306578	0.15030924	0.22402993	0.21323079	0.12443653	0.06372135	0.03039186	0.00457135	0.00124027	0.00121926	0.00303028	0.00078537	1999125.00000000	111902812.00000000	41.00000000	6.47020379	9.14160611	15.60492745	21.27046945	23.54894340	13.21081760	8.95191968	4.28958558	0.21250373	0.02107991	0.00816119	0.05060452	0.02530131
1999125.00000000	111902511.00000000	42.00000000	0.04815958	0.07547292	0.13809908	0.20809838	0.19749069	0.11608423	0.05912326	0.02825305	0.00433959	0.00118927	0.00119911	0.00300785	0.00075728	1999125.00000000	111904538.00000000	42.00000000	5.74883544	8.15987930	14.12101562	19.43724385	21.59572599	11.97643539	8.03147932	3.78738952	0.17831722	0.01916834	0.00754979	0.04611312	0.02308454
1999125.00000000	111904365.00000000	43.00000000	0.04247658	0.06679299	0.12374349	0.18717970	0.17831419	0.10537516	0.05334869	0.02552001	0.00400992	0.00111296	0.00115488	0.00291476	0.00071511	1999125.00000000	111905680.00000000	43.00000000	5.19134805	7.38686300	12.96207092	17.99572180	20.04404723	11.03189421	7.33780402	3.41437857	0.15396638	0.01767455	0.00709382	0.04275694	0.02129317
1999125.00000000	111905491.00000000	44.00000000	0.03752859	0.05911970	0.11073659	0.16888602	0.16176906	0.09565332	0.04811055	0.02308411	0.00370526	0.00103709	0.00109236	0.00278343	0.00066809	1999125.00000000	111906884.00000000	44.00000000	4.81466769	6.88416145	12.30010670	17.28583605	19.35646777	10.59781424	7.01463219	3.23041211	0.13965907	0.01689385	0.00701461	0.04140958	0.02046340
1999125.00000000	111906723.00000000	45.00000000	0.03373580	0.05331311	0.10111112	0.15602584	0.14983373	0.08878801	0.04454055	0.02148422	0.00352513	0.00099992	0.00108273	0.00277757	0.00064774	1999125.00000000	111907996.00000000	45.00000000	4.34669262	6.24620630	11.32384125	16.08895575	18.09481789	9.81778132	6.44783089	2.92965981	0.12131499	0.01570731	0.00672129	0.03883154	0.01908035
1999125.00000000	111907834.00000000	46.00000000	0.03004156	0.04763695	0.09163029	0.14329371	0.13791433	0.08185205	0.04088677	0.01980755	0.00333096	0.00095572	0.00106817	0.00277003	0.00062987	1999125.00000000	111909112.00000000	46.00000000	3.84593099	5.53879761	10.15080063	14.52800391	16.35824849	8.77970360	5.69826128	2.54340928	0.10069590	0.01420322	0.00623024	0.03517366	0.01720179
1999125.00000000	111908961.00000000	47.00000000	0.02638864	0.04192395	0.08172826	0.12955015	0.12485785	0.07410390	0.03670652	0.01783179	0.00306822	0.00089175	0.00102820	0.00268664	0.00060045	1999125.00000000	111910224.00000000	47.00000000	3.49493075	5.04727470	9.38791830	13.56752606	15.31629198	8.16745131	5.26093744	2.31696074	0.08810475	0.01325708	0.00599213	0.03303784	0.01602454
1999125.00000000	111910058.00000000	48.00000000	0.02335381	0.03718079	0.07339585	0.11783049	0.11373737	0.06756093	0.03322089	0.01620648	0.00286231	0.00084395	0.00099897	0.00262752	0.00058397	1999125.00000000	111911365.00000000	48.00000000	3.20206508	4.64606949	8.79049316	12.86063262	14.58992436	7.74930202	4.96810453	2.16726949	0.07956568	0.01254138	0.00590526	0.03175122	0.01523287
1999125.00000000	111911215.00000000	49.00000000	0.02081750	0.03325543	0.06662837	0.10841560	0.10480413	0.06230772	0.03046225	0.01493478	0.00269954	0.00080945	0.00096267	0.00251466	0.00056067	1999125.00000000	111912401.00000000	49.00000000	2.88098417	4.19514245	8.04111933	11.89052148	13.54230336	7.15522702	4.56049425	1.96713225	0.07013642	0.01167225	0.00585149	0.03011073	0.01420639
1999125.00000000	111912301.00000000	50.00000000	0.01853138	0.02970907	0.06053599	0.09990314	0.09661015	0.05740878	0.02786163	0.01368279	0.00252744	0.00076654	0.00088328	0.00224168	0.00050748	1999125.00000000	111912819.00000000	50.00000000	2.55225490	3.72310796	7.21773941	10.77709955	12.31341005	6.47859506	4.10289269	1.74732310	0.06057280	0.01064260	0.00575409	0.02816579	0.01300145
1999125.00000000	111912777.00000000	51.00000000	0.01637021	0.02633868	0.05457229	0.09133778	0.08830632	0.05234734	0.02514155	0.01233988	0.00232448	0.00070992	0.00078562	0.00192138	0.00044439	1999125.00000000	111913885.00000000	51.00000000	2.28136152	3.33448078	6.55089191	9.88830542	11.32707927	5.94041486	3.73823243	1.57324257	0.05295926	0.00984060	0.00553154	0.02621070	0.01198311
1999125.00000000	111913732.00000000	52.00000000	0.01451251	0.02343021	0.04935530	0.08373025	0.08096664	0.04787050	0.02275187	0.01114851	0.00213396	0.00065395	0.00069800	0.00166314	0.00039122	1999125.00000000	111915005.00000000	52.00000000	2.06168609	3.02171951	6.02232129	9.19693709	10.55662978	5.52272587	3.45496741	1.43784183	0.04707456	0.00922276	0.00522732	0.02431778	0.01110337
1999125.00000000	111914863.00000000	53.00000000	0.01299217	0.02105559	0.04509439	0.07751378	0.07500947	0.04425176	0.02084421	0.01019983	0.00197732	0.00061077	0.00063667	0.00148757	0.00035164	1999125.00000000	111916176.00000000	53.00000000	1.86032556	2.73639654	5.53498349	8.55637922	9.84745069	5.14047128	3.19905726	1.31754300	0.04216214	0.00863251	0.00481654	0.02231319	0.01030056
1999125.00000000	111916003.00000000	54.00000000	0.01162083	0.01891564	0.04125356	0.07190058	0.06962288	0.04100903	0.01916008	0.00937625	0.00184563	0.00057505	0.00058837	0.00134728	0.00032016	1999125.00000000	111917276.00000000	54.00000000	1.66182542	2.45048308	5.02159721	7.84746294	9.04826414	4.70702181	2.91131002	1.18500533	0.03722392	0.00793918	0.00433467	0.02014004	0.00939830
1999125.00000000	111917111.00000000	55.00000000	0.01031074	0.01686187	0.03747546	0.06628690	0.06419478	0.03772809	0.01746147	0.00854504	0.00171514	0.00053967	0.00054287	0.00121842	0.00029225	1999125.00000000	111918288.00000000	55.00000000	1.47635113	2.18161467	4.52724948	7.14765822	8.24722892	4.27136251	2.61948201	1.05188635	0.03235736	0.00726355	0.00385932	0.01803143	0.00851135
1999125.00000000	111918215.00000000	56.00000000	0.00909722	0.01493697	0.03385794	0.06077086	0.05885210	0.03448431	0.01578161	0.00770567	0.00156887	0.00050089	0.00049835	0.00109824	0.00026332	1999125.00000000	111919300.00000000	56.00000000	1.33517362	1.97739382	4.16102895	6.64126993	7.66805169	3.95860735	2.41113598	0.95658044	0.02884781	0.00671651	0.00354521	0.01652361	0.00786318
1999125.00000000	111919150.00000000	57.00000000	0.00811156	0.01338217	0.03092068	0.05624558	0.05450355	0.03182155	0.01441718	0.00701696	0.00145297	0.00046734	0.00046069	0.00100613	0.00024214	1999125.00000000	111920428.00000000	57.00000000	1.21348154	1.80227253	3.85350888	6.22667346	7.20004792	3.71175766	2.24924939	0.88068968	0.02618701	0.00630888	0.00331385	0.01534597	0.00735686
1999125.00000000	111920254.00000000	58.00000000	0.00726770	0.01204968	0.02842737	0.05241904	0.05086609	0.02959393	0.01327467	0.00644887	0.00134464	0.00043804	0.00043180	0.00094155	0.00022533	1999125.00000000	111921561.00000000	58.00000000	1.08876622	1.62304899	3.51738539	5.75139745	6.65549056	3.42288868	2.06029718	0.79801080	0.02339448	0.00585177	0.00303602	0.01403970	0.00677587
1999125.00000000	111921402.00000000	59.00000000	0.00650748	0.01085128	0.02615202	0.04888305	0.04747476	0.02749128	0.01221117	0.00588758	0.00123040	0.00040494	0.00039519	0.00085451	0.00020580	1999125.00000000	111922518.00000000	59.00000000	0.96886626	1.44249777	3.16723615	5.23350776	6.05484205	3.10652567	1.85501127	0.70931211	0.02085348	0.00535077	0.00278543	0.01274265	0.00637541
1999125.00000000	111922431.00000000	60.00000000	0.00579958	0.00972774	0.02395751	0.04540787	0.04413748	0.02539214	0.01114070	0.00532257	0.00111679	0.00036881	0.00035492	0.00076174	0.00018441	1999125.00000000	111923318.00000000	60.00000000	0.86217309	1.28746804	2.87104093	4.80206862	5.55529842	2.84667979	1.68909883	0.63789288	0.01839075	0.00493300	0.00256668	0.01162431	0.00565097
1999125.00000000	111923238.00000000	61.00000000	0.00516993	0.00871645	0.02196380	0.04218417	0.04105247	0.02346793	0.01016866	0.00480840	0.00101237	0.00033764	0.00032258	0.00068980	0.00016779	1999125.00000000	111923755.00000000	61.00000000	0.78065699	1.17154728	2.65156626	4.48775160	5.19287775	2.65806731	1.56718396	0.58569954	0.01673826	0.00461171	0.00238732	0.01080150	0.00526856
1999125.00000000	111923605.00000000	62.00000000	0.00469509	0.00794886	0.02045127	0.03973326	0.03873276	0.02201081	0.00944041	0.00442652	0.00093307	0.00031389	0.00029580	0.00063091	0.00015425	1999125.00000000	111924885.00000000	62.00000000	0.70361474	1.05910946	2.43694556	4.17405390	4.83289190	2.46879333	1.44606264	0.53452691	0.01511533	0.00427597	0.00219939	0.00997742	0.00489086
1999125.00000000	111924731.00000000	63.00000000	0.00426438	0.00726717	0.01910380	0.03756646	0.03667855	0.02070215	0.00878891	0.00408524	0.00085950	0.00029080	0.00026838	0.00056486	0.00014066	1999125.00000000	111926021.00000000	63.00000000	0.62909912	0.94552060	2.21780776	3.83863617	4.44342702	2.26469782	1.31664804	0.48083444	0.01323369	0.00394912	0.00205195	0.00916396	0.00451418
1999125.00000000	111925859.00000000	64.00000000	0.00386338	0.00662679	0.01781599	0.03544325	0.03465578	0.01939960	0.00814139	0.00373518	0.00078297	0.00026638	0.00023783	0.00048337	0.00012525	1999125.00000000	111927168.00000000	64.00000000	0.56152653	0.84063246	2.01433617	3.52390375	4.07687929	2.07406807	1.19653428	0.43162522	0.01213856	0.00362399	0.00185790	0.00838504	0.00411883
1999125.00000000	111927018.00000000	65.00000000	0.00348897	0.00602279	0.01654214	0.03328498	0.03257476	0.01807373	0.00749399	0.00339448	0.00070359	0.00024184	0.00020746	0.00040538	0.00011088	1999125.00000000	111928294.00000000	65.00000000	0.50490915	0.75751483	1.84714059	3.26914805	3.78363604	1.92158839	1.10151378	0.39293789	0.01100222	0.00334723	0.00171044	0.00773823	0.00382063
1999125.00000000	111928141.00000000	66.00000000	0.00315206	0.00547336	0.01534816	0.03120362	0.03059103	0.01681358	0.00688396	0.00307927	0.00063583	0.00022049	0.00018216	0.00035051	0.00009819	1999125.00000000	111929399.00000000	66.00000000	0.45415932	0.68370935	1.69905759	3.04296075	3.52249931	1.78480048	1.01525924	0.35858228	0.00997028	0.00310551	0.00155358	0.00706322	0.00354929
1999125.00000000	111929242.00000000	67.00000000	0.00284953	0.00498602	0.01429058	0.02933694	0.02881156	0.01568568	0.00634960	0.00280378	0.00057527	0.00019904	0.00016073	0.00030428	0.00008833	1999125.00000000	111930537.00000000	67.00000000	0.40605138	0.61313318	1.55112489	2.81301300	3.25449680	1.64423527	0.92545464	0.32361143	0.00898297	0.00287428	0.00140249	0.00641792	0.00325982
1999125.00000000	111930378.00000000	68.00000000	0.00256805	0.00452302	0.01323831	0.02745933	0.02702206	0.01455462	0.00581347	0.00253121	0.00051306	0.00017982	0.00013949	0.00025748	0.00007730	1999125.00000000	111931663.00000000	68.00000000	0.36291173	0.54974586	1.41528123	2.59503897	3.00093598	1.50978596	0.84261274	0.29079926	0.00811648	0.00263586	0.00126856	0.00581637	0.00300220
1999125.00000000	111931489.00000000	69.00000000	0.00230887	0.00409289	0.01224130	0.02562244	0.02525036	0.01344931	0.00529773	0.00227803	0.00045537	0.00015936	0.00011956	0.00021954	0.00006926	1999125.00000000	111932798.00000000	69.00000000	0.32525269	0.49460063	1.29650906	2.40486929	2.78009876	1.39303548	0.77116348	0.26297473	0.00728616	0.00242756	0.00112791	0.00529598	0.00276574
1999125.00000000	111932638.00000000	70.00000000	0.00207115	0.00369841	0.01128698	0.02383261	0.02352639	0.01238734	0.00480973	0.00204419	0.00040935	0.00014043	0.00010471	0.00019401	0.00005939	1999125.00000000	111933927.00000000	70.00000000	0.29306583	0.44753816	1.19695927	2.24688378	2.59814422	1.29643423	0.71183916	0.23999443	0.00663563	0.00224336	0.00101330	0.00483316	0.00257780
1999125.00000000	111933768.00000000	71.00000000	0.00186278	0.00334592	0.01042069	0.02219064	0.02193515	0.01142379	0.00437782	0.00184678	0.00036806	0.00012843	0.00009012	0.00017423	0.00005440	1999125.00000000	111935072.00000000	71.00000000	0.26369616	0.40419419	1.10297561	2.09575263	2.42349886	1.20218803	0.65486352	0.21800694	0.00602854	0.00207017	0.00091055	0.00442773	0.00240481
1999125.00000000	111934889.00000000	72.00000000	0.00167352	0.00302448	0.00960855	0.02064093	0.02042781	0.01051970	0.00397087	0.00165998	0.00033042	0.00011572	0.00008241	0.00015949	0.00004834	1999125.00000000	111936074.00000000	72.00000000	0.23704571	0.36472775	1.01530287	1.94989441	2.25613554	1.11105822	0.59941526	0.19677819	0.00541271	0.00190163	0.00080191	0.00406178	0.00221843
1999125.00000000	111936004.00000000	73.00000000	0.00150613	0.00273243	0.00885598	0.01917575	0.01899808	0.00966737	0.00360005	0.00150189	0.00030033	0.00010375	0.00007202	0.00014648	0.00004538	1999125.00000000	111937034.00000000	73.00000000	0.21311172	0.32934347	0.93499059	1.81588738	2.10253196	1.02691970	0.54869691	0.17764605	0.00497730	0.00175568	0.00074522	0.00374266	0.00207638
1999125.00000000	111936860.00000000	74.00000000	0.00133947	0.00246575	0.00814555	0.01777476	0.01762626	0.00885813	0.00324250	0.00134633	0.00027089	0.00009532	0.00006433	0.00013165	0.00003942	1999125.00000000	111937844.00000000	74.00000000	0.19261075	0.29904407	0.86637770	1.70093445	1.97141885	0.95465217	0.50591921	0.16165073	0.00444779	0.00164707	0.00066893	0.00345477	0.00191378
1999125.00000000	111937673.00000000	75.00000000	0.00120948	0.00223361	0.00752505	0.01653855	0.01641547	0.00814463	0.00292983	0.00121741	0.00024615	0.00008799	0.00005818	0.00011942	0.00003595	1999125.00000000	111938971.00000000	75.00000000	0.17444086	0.27195635	0.80321035	1.59572973	1.85146374	0.88990482	0.46730850	0.14743517	0.00397406	0.00147446	0.00060217	0.00322148	0.00179623
1999125.00000000	111938820.00000000	76.00000000	0.00108691	0.00202222	0.00694683	0.01538207	0.01526714	0.00747347	0.00264153	0.00109843	0.00022315	0.00007969	0.00005120	0.00010809	0.00003282	1999125.00000000	111940123.00000000	76.00000000	0.15772426	0.24673644	0.74315265	1.49091235	1.73294065	0.82656221	0.43002549	0.13388278	0.00361895	0.00134495	0.00056137	0.00300281	0.00168770
1999125.00000000	111939948.00000000	77.00000000	0.00096806	0.00182581	0.00640207	0.01428334	0.01417429	0.00683771	0.00237011	0.00098270	0.00020679	0.00007220	0.00004403	0.00009680	0.00002873	1999125.00000000	111941247.00000000	77.00000000	0.14237416	0.22349221	0.68606880	1.39056048	1.61737791	0.76541832	0.39421815	0.12109970	0.00328696	0.00125249	0.00052250	0.00279427	0.00157123
1999125.00000000	111941091.00000000	78.00000000	0.00087021	0.00164852	0.00590669	0.01325755	0.01315097	0.00624607	0.00212368	0.00088337	0.00018707	0.00006592	0.00003851	0.00008601	0.00002575	1999125.00000000	111942384.00000000	78.00000000	0.12862039	0.20269916	0.63443935	1.29943500	1.51327362	0.71022432	0.36205480	0.10973451	0.00296628	0.00115338	0.00048046	0.00258986	0.00147565
1999125.00000000	111942219.00000000	79.00000000	0.00077665	0.00149368	0.00544427	0.01231736	0.01221027	0.00570144	0.00189584	0.00078813	0.00016587	0.00005863	0.00003172	0.00007309	0.00002236	1999125.00000000	111943522.00000000	79.00000000	0.11664289	0.18471417	0.58960145	1.22019632	1.42225772	0.66213856	0.33426023	0.09998321	0.00271529	0.00108095	0.00044968	0.00242251	0.00136367
1999125.00000000	111943300.00000000	80.00000000	0.00070143	0.00135680	0.00505881	0.01150470	0.01140785	0.00524743	0.00170308	0.00071268	0.00014400	0.00005308	0.00002709	0.00006093	0.00001935	1999125.00000000	111944629.00000000	80.00000000	0.10639615	0.16938865	0.55048443	1.15032482	1.34121958	0.61916231	0.30953747	0.09144045	0.00246369	0.00098323	0.00042624	0.00226781	0.00129659
1999125.00000000	111944485.00000000	81.00000000	0.00063518	0.00124733	0.00473891	0.01084245	0.01076004	0.00488084	0.00154923	0.00064727	0.00013349	0.00004831	0.00002363	0.00005359	0.00001606	1999125.00000000	111947663.00000000	81.00000000	0.09764240	0.15661743	0.51762335	1.09240521	1.27355496	0.58276253	0.28843063	0.08415942	0.00224315	0.00091982	0.00037695	0.00210870	0.00121484
1999125.00000000	111947368.00000000	82.00000000	0.00058580	0.00115719	0.00446882	0.01030141	0.01022662	0.00458851	0.00143095	0.00060371	0.00012460	0.00004332	0.00002003	0.00004808	0.00001458	1999125.00000000	111948641.00000000	82.00000000	0.08898529	0.14289607	0.48191172	1.02528322	1.19687978	0.54135886	0.26485986	0.07604937	0.00202580	0.00085126	0.00034978	0.00197941	0.00113689
1999125.00000000	111948590.00000000	83.00000000	0.00052641	0.00105577	0.00416383	0.00967427	0.00960551	0.00425224	0.00129281	0.00054739	0.00010987	0.00004118	0.00001732	0.00004068	0.00001271	1999125.00000000	111949233.00000000	83.00000000	0.08152978	0.13145826	0.45213761	0.96826271	1.13426553	0.50761474	0.24592531	0.06943393	0.00193728	0.00080099	0.00030445	0.00183668	0.00106030
1999125.00000000	111949192.00000000	84.00000000	0.00047936	0.00097205	0.00391474	0.00915303	0.00908722	0.00398025	0.00119025	0.00049614	0.00009538	0.00003731	0.00001390	0.00003528	0.00001100	1999125.00000000	111949750.00000000	84.00000000	0.07488698	0.12108697	0.42469695	0.91358184	1.06924900	0.47610151	0.22829440	0.06341647	0.00175416	0.00074850	0.00027122	0.00171170	0.00101285
1999125.00000000	111949642.00000000	85.00000000	0.00043626	0.00089407	0.00368120	0.00866125	0.00859735	0.00371382	0.00107823	0.00046869	0.00008931	0.00003572	0.00001097	0.00002991	0.00000997	1999125.00000000	111950280.00000000	85.00000000	0.06874780	0.11161514	0.39854221	0.86398081	1.00939262	0.44554514	0.21048694	0.05793181	0.00152347	0.00069506	0.00025346	0.00161604	0.00096193