PROSOFT : ProSoft 7.6
CRUISE-ID : Missing
STATION-ID : Missing
OPERATOR : Missing
LATITUDE : Missing
LONGITUDE : Missing
PRESSURE-TARE : 0.000000
CAST : A
PROFILER : DRY
REFERENCE : DRY
TIME-STAMP : Tue Apr 27 15:10:21 1999
PRO-DARK : OFF
REF-DARK : OFF
COMMENT : Missing
PROCESSING_LEVEL : 4
FILE_CREATION_TIME : 10-Feb-2004 10:39:04
DEGLITCH_PRODAT : ON
PRO_NOISE_THRESH : 5
UPPER_PRES_LEVEL : 30
LOWER_PRES_LEVEL : 200
DEGLITCH_REFDAT : OFF
PRES_TARE_CORRECTED : 0
DEPTH_RESOLUTION : 0.1m
BIN_INTERVAL : 1m
BIN_WIDTH : 0.5m
TIME_INTERVAL : 2sec
TIME_WIDTH : 1sec
WAVEL_INTERP : 0nm
INTEGRATION_POINTS : 5
REFLECTION_ALBEDO : 0.043
REFLECTANCE_INDEX : 0.021
REFRACTIVE_INDEX : 1.345

Level 4 Product: K Values
K_Lu	K_Lu	K_Lu	K_Lu	K_Lu	K_Lu	K_Lu	K_Lu	K_Lu	K_Lu	K_Lu	K_Lu	K_Lu	K_Lu	
#Depth	399.8	412.2	442.0	470.1	490.4	509.8	531.7	554.5	590.2	619.0	665.6	683.3	700.4	
4.00000000	0.05326148	0.04911356	0.04142840	0.03713616	0.03511532	0.03950746	0.04607042	0.05370221	0.08751720	0.14533983	0.14464448	0.11836114	0.07536197
5.00000000	0.05954066	0.05458788	0.04571678	0.04085048	0.03845359	0.04444899	0.05175294	0.06119077	0.10401468	0.16426863	0.15847436	0.12855076	0.08173782
6.00000000	0.06033695	0.05517294	0.04543259	0.04034160	0.03799532	0.04384546	0.05159020	0.06110939	0.10515020	0.16089056	0.14755801	0.11391486	0.07517566
7.00000000	0.06761533	0.06171020	0.05045546	0.04472095	0.04202466	0.04919181	0.05761856	0.06885591	0.11915632	0.16757292	0.14190781	0.10106367	0.07337245
8.00000000	0.07183658	0.06603453	0.05427694	0.04815162	0.04515664	0.05223947	0.06111609	0.07229907	0.12033503	0.15517497	0.12091000	0.07574941	0.06640125
9.00000000	0.07228487	0.06673427	0.05458227	0.04827166	0.04511126	0.05122652	0.05983683	0.06990659	0.11331895	0.13507841	0.09617391	0.04984976	0.05818129
10.00000000	0.07199644	0.06665823	0.05473373	0.04819605	0.04445365	0.04965462	0.05705021	0.06567958	0.10308439	0.11361409	0.07602742	0.02960836	0.05140005
11.00000000	0.07366435	0.06833104	0.05586438	0.04898156	0.04522813	0.04983583	0.05712814	0.06484647	0.09767418	0.09877067	0.06391965	0.02155931	0.04914061
12.00000000	0.07203004	0.06646860	0.05379943	0.04659633	0.04242844	0.04645150	0.05263799	0.05975146	0.09040872	0.08631697	0.05607932	0.01733918	0.04665875
13.00000000	0.07852325	0.07283105	0.05983539	0.05237245	0.04821205	0.05283140	0.05955413	0.06736573	0.09657021	0.08419960	0.05719483	0.02394374	0.05190863
14.00000000	0.08417774	0.07837276	0.06503276	0.05738042	0.05315607	0.05836999	0.06546508	0.07415072	0.10396934	0.08577283	0.06182022	0.03332113	0.05930752
15.00000000	0.08744314	0.08169364	0.06792586	0.05993253	0.05560542	0.06076248	0.06810084	0.07695296	0.10581334	0.08237151	0.05888336	0.02966799	0.06096009
16.00000000	0.08877369	0.08285399	0.06834184	0.05985286	0.05524785	0.06015237	0.06741213	0.07602214	0.10429315	0.07939903	0.05327213	0.01558541	0.05745471
17.00000000	0.08892785	0.08285351	0.06786486	0.05878334	0.05360257	0.05799926	0.06460068	0.07248219	0.09916201	0.07590491	0.04537234	-0.00587107	0.04975509
18.00000000	0.08996946	0.08387539	0.06867463	0.05927139	0.05389883	0.05763559	0.06351537	0.07050514	0.09439053	0.07362374	0.03915428	-0.02128666	0.04295372
19.00000000	0.09317685	0.08726625	0.07245357	0.06303495	0.05757120	0.06117301	0.06635552	0.07267183	0.09226943	0.07130071	0.03636195	-0.02506252	0.04040045
20.00000000	0.09714851	0.09135998	0.07641092	0.06689357	0.06165127	0.06554869	0.07133908	0.07780810	0.09550841	0.07289921	0.04099926	-0.01148916	0.04571246
21.00000000	0.09402928	0.08806945	0.07298831	0.06338668	0.05790096	0.06117733	0.06676494	0.07249366	0.08795799	0.06423186	0.03716133	-0.00536854	0.04378504
22.00000000	0.09775604	0.09032535	0.07532173	0.06574050	0.05995789	0.06326320	0.06862381	0.07451608	0.08770223	0.06256615	0.03704577	-0.00044906	0.04608453
23.00000000	0.10671209	0.09883050	0.08391132	0.07401660	0.06794544	0.07174557	0.07751234	0.08377537	0.09568118	0.07097480	0.04163260	0.00285667	0.05302457
24.00000000	0.11062426	0.10330788	0.08815994	0.07792082	0.07169859	0.07496077	0.08063685	0.08609206	0.09567945	0.07331434	0.03587991	-0.00795348	0.04921961
25.00000000	0.10782878	0.10172521	0.08609175	0.07557287	0.06904305	0.07127041	0.07601334	0.08021810	0.08696515	0.06618959	0.01933039	-0.03072489	0.03499181
26.00000000	0.10827784	0.10470838	0.08744959	0.07630817	0.06931324	0.07167123	0.07625170	0.08040822	0.08610273	0.06599274	0.01263091	-0.03804315	0.02680553
27.00000000	0.11439378	0.11246811	0.09337155	0.08196724	0.07471284	0.07752081	0.08251950	0.08708011	0.09007081	0.06906855	0.01488872	-0.03037857	0.02865306
28.00000000	0.12272300	0.12182100	0.10218863	0.09058737	0.08328055	0.08672503	0.09252870	0.09751672	0.09733298	0.07452306	0.01998254	-0.01926522	0.03453280
29.00000000	0.12738005	0.12631128	0.10722291	0.09546005	0.08806913	0.09151561	0.09797378	0.10284017	0.10009170	0.07696426	0.02193537	-0.01213274	0.03665417
30.00000000	0.12586757	0.12338671	0.10642485	0.09397615	0.08632140	0.08907150	0.09520830	0.09938971	0.09439819	0.07058459	0.01703554	-0.01392946	0.03207451
31.00000000	0.12692260	0.12317070	0.10855018	0.09448785	0.08641565	0.08911362	0.09494251	0.09897171	0.09304062	0.07169472	0.01480307	-0.01447270	0.02861016
32.00000000	0.13130314	0.12744824	0.11352982	0.09866186	0.09018993	0.09308830	0.09930915	0.10352329	0.09621553	0.07685073	0.01872139	-0.00754062	0.03121681
33.00000000	0.13429017	0.13060479	0.11618691	0.10172720	0.09351874	0.09557946	0.10192613	0.10628037	0.09720339	0.07884475	0.02134856	0.00019469	0.03416529
34.00000000	0.13433635	0.13075219	0.11509841	0.10269080	0.09494850	0.09507294	0.10144233	0.10551388	0.09502462	0.07876252	0.02641701	0.00810698	0.03821316
35.00000000	0.13257478	0.12912330	0.11247817	0.10238498	0.09450356	0.09342310	0.09991355	0.10398368	0.09402081	0.07834177	0.03693240	0.02180261	0.04737396
36.00000000	0.12960837	0.12598014	0.10929805	0.09955972	0.09142925	0.09053754	0.09709285	0.10111738	0.09271693	0.08037293	0.04732835	0.03489123	0.05687150
37.00000000	0.12612869	0.12243878	0.10582940	0.09543578	0.08666031	0.08690814	0.09328726	0.09691476	0.08945785	0.07981304	0.04775484	0.03478820	0.05598646
38.00000000	0.12583962	0.12224088	0.10577815	0.09421214	0.08529022	0.08696506	0.09299344	0.09663640	0.08916735	0.07974201	0.04103302	0.02785571	0.04831620
39.00000000	0.12798038	0.12466784	0.10850923	0.09625569	0.08766678	0.08979567	0.09587084	0.09932448	0.09039919	0.08032948	0.03582627	0.02179799	0.04067288
40.00000000	0.12992555	0.12673368	0.11042418	0.09830444	0.08969997	0.09198496	0.09834277	0.10176821	0.09205935	0.08141137	0.04006951	0.02799054	0.04256892
41.00000000	0.13056645	0.12702915	0.11007162	0.09786941	0.08937745	0.09218316	0.09911495	0.10277198	0.09340185	0.08249874	0.05390705	0.04680396	0.05594022
42.00000000	0.12879156	0.12509348	0.10744258	0.09540901	0.08721390	0.09056866	0.09822566	0.10223911	0.09201439	0.08292421	0.06757763	0.06466023	0.06888635
43.00000000	0.12957979	0.12566125	0.10737096	0.09551867	0.08779979	0.09206422	0.10061954	0.10534579	0.09311816	0.08516332	0.08288370	0.08287720	0.08537412
44.00000000	0.13108621	0.12710140	0.10870285	0.09723839	0.08992877	0.09510520	0.10482974	0.11023486	0.09459761	0.08732843	0.10011405	0.10380747	0.10783831
45.00000000	0.13007291	0.12584647	0.10740091	0.09634625	0.08937951	0.09508687	0.10540075	0.11108887	0.09395439	0.08825466	0.11213382	0.11832807	0.12462815
46.00000000	0.12609373	0.12146600	0.10295726	0.09198531	0.08524036	0.09093162	0.10106214	0.10665252	0.09108099	0.08687046	0.11418094	0.12086547	0.12931056
47.00000000	0.12028699	0.11571746	0.09745179	0.08667131	0.08002509	0.08537817	0.09501391	0.10048911	0.08845706	0.08503854	0.10483302	0.10734213	0.11672971
48.00000000	0.11770434	0.11324280	0.09534625	0.08460967	0.07807156	0.08334466	0.09275317	0.09810142	0.08892269	0.08582635	0.09337059	0.09126816	0.10025622
49.00000000	0.11690279	0.11251760	0.09476920	0.08415845	0.07749576	0.08284650	0.09237420	0.09802729	0.08976404	0.08666517	0.08639734	0.08099695	0.09071099
50.00000000	0.11610323	0.11151483	0.09355311	0.08291212	0.07627766	0.08182056	0.09148060	0.09688838	0.08809235	0.08619440	0.08120762	0.07461783	0.08390820
51.00000000	0.11509461	0.11032283	0.09208807	0.08138734	0.07506193	0.08097191	0.09075399	0.09580935	0.08511930	0.08403897	0.08023151	0.07565733	0.08119344
52.00000000	0.11495992	0.11031299	0.09175773	0.08106487	0.07499540	0.08137569	0.09175432	0.09653895	0.08399688	0.08355608	0.08152495	0.07655750	0.08074763
53.00000000	0.11556869	0.11096093	0.09221983	0.08148573	0.07572026	0.08265553	0.09350744	0.09768229	0.08436398	0.08277289	0.08066287	0.07587126	0.07858977
54.00000000	0.11479031	0.10997783	0.09089255	0.08033941	0.07474562	0.08213063	0.09328101	0.09781149	0.08553157	0.08221287	0.07694993	0.07174445	0.07394161
55.00000000	0.11374433	0.10822118	0.08850477	0.07792625	0.07269141	0.08068318	0.09239259	0.09693167	0.08723111	0.08218387	0.07713960	0.07111824	0.06987008
56.00000000	0.11265594	0.10655989	0.08579263	0.07514162	0.07058884	0.07968851	0.09212905	0.09717580	0.08870394	0.08292104	0.08703518	0.08357687	0.07569639
57.00000000	0.11208040	0.10532730	0.08330726	0.07273415	0.06898291	0.07960558	0.09333766	0.09875262	0.08690862	0.08514826	0.10619549	0.10741076	0.09539115
58.00000000	0.11116606	0.10397792	0.08088791	0.07027902	0.06749218	0.07949832	0.09456400	0.09982960	0.08512657	0.08649778	0.12692004	0.13465446	0.11903018
59.00000000	0.11021554	0.10238065	0.07859470	0.06800549	0.06584050	0.07872454	0.09482480	0.10037566	0.08185126	0.08584486	0.14093194	0.15617676	0.14053157
60.00000000	0.10777970	0.09973524	0.07551422	0.06505900	0.06304222	0.07593758	0.09241136	0.09734096	0.07948032	0.08365143	0.14231568	0.15844919	0.13921348
61.00000000	0.10443796	0.09636469	0.07240063	0.06196149	0.05990107	0.07232239	0.08887084	0.09354753	0.07954913	0.08142646	0.13379260	0.14671338	0.12674987
62.00000000	0.10168173	0.09327458	0.06963720	0.05940793	0.05730313	0.06955679	0.08585881	0.09029101	0.07966496	0.07858101	0.12738301	0.13885851	0.11775841
63.00000000	0.09906173	0.09026426	0.06703521	0.05683855	0.05498816	0.06720453	0.08301751	0.08756171	0.07818346	0.07825811	0.13017011	0.13994095	0.11667607
64.00000000	0.09804715	0.08836755	0.06535439	0.05534478	0.05370006	0.06598204	0.08206456	0.08670067	0.07560769	0.07471543	0.13464820	0.14762096	0.12975361
65.00000000	0.09678532	0.08713497	0.06408311	0.05423318	0.05264477	0.06468123	0.08074641	0.08550424	0.07196164	0.07189714	0.13619611	0.14594149	0.12908248
66.00000000	0.09664939	0.08615711	0.06312455	0.05334794	0.05170583	0.06329634	0.07956854	0.08285220	0.06941975	0.06851568	0.12753445	0.13505140	0.12188344
67.00000000	0.09544437	0.08514619	0.06209144	0.05256491	0.05090305	0.06234204	0.07890260	0.08153871	0.07185803	0.07019003	0.11537260	0.12565427	0.12123465
68.00000000	0.09416500	0.08475676	0.06143808	0.05179506	0.05018781	0.06165851	0.07803824	0.08048712	0.07380087	0.07104461	0.11445039	0.11846308	0.10896541
69.00000000	0.09378247	0.08366404	0.06084733	0.05135602	0.04982220	0.06146996	0.07802592	0.08034598	0.07602968	0.07143430	0.11204365	0.11323115	0.10953952
70.00000000	0.09316191	0.08238540	0.06043188	0.05098947	0.04959361	0.06134929	0.07844886	0.08012382	0.06968946	0.06875253	0.11406420	0.10672147	0.10606647
71.00000000	0.09472987	0.08200561	0.06008570	0.05058925	0.04948580	0.06123711	0.07928720	0.07876529	0.07024328	0.06683050	0.12249950	0.10852054	0.09946042
72.00000000	0.09343940	0.08190484	0.05899975	0.04993576	0.04899711	0.06081934	0.07890783	0.07848185	0.07081777	0.06919544	0.10854369	0.11102356	0.10327753
73.00000000	0.09291575	0.08244283	0.05744638	0.04872192	0.04795680	0.05990750	0.07898024	0.07829376	0.07346450	0.07594664	0.11975222	0.11525600	0.10283909
74.00000000	0.09004427	0.08030618	0.05574479	0.04728008	0.04667063	0.05901950	0.07667728	0.07753164	0.07812763	0.07792876	0.12215908	0.12247482	0.11641189
75.00000000	0.08999471	0.07845003	0.05451008	0.04639194	0.04593946	0.05863099	0.07670991	0.07709288	0.07792343	0.07352543	0.12925343	0.13076600	0.14002708
76.00000000	0.09149317	0.07515982	0.05332739	0.04525336	0.04496995	0.05729231	0.07720818	0.07609064	0.07109447	0.06430124	0.14226647	0.14315338	0.13843777
77.00000000	0.09352162	0.07484475	0.05366096	0.04565161	0.04546554	0.05759233	0.07794658	0.07727552	0.06048268	0.05835702	0.14393271	0.14549673	0.14340161
78.00000000	0.09836118	0.07993684	0.05459499	0.04636254	0.04628842	0.05851325	0.08104415	0.08005251	0.05562433	0.07163172	0.16348342	0.14267024	0.15141408
79.00000000	0.09892778	0.08177960	0.05520178	0.04668979	0.04662431	0.05898279	0.08079899	0.08066803	0.04874949	0.07859490	0.16929097	0.13723713	0.15208003
80.00000000	0.10197731	0.08878034	0.05688649	0.04812667	0.04817886	0.06155979	0.08281058	0.08362815	0.06192250	0.09706330	0.18776637	0.13475724	0.19020287

Level 4 Product: K Values
K_Ed	K_Ed	K_Ed	K_Ed	K_Ed	K_Ed	K_Ed	K_Ed	K_Ed	K_Ed	K_Ed	K_Ed	K_Ed	K_Ed	
Depth	399.8	411.5	442.6	469.8	490.9	509.6	531.5	554.9	589.4	619.4	665.7	682.5	700.2	
4.00000000	-0.00340370	-0.02021235	-0.04158675	-0.05693513	-0.05133371	-0.03143191	-0.02814646	-0.01520693	0.07646836	0.22283131	0.35291998	0.40406724	0.60662638
5.00000000	0.04007795	0.02912692	0.01589430	0.01020625	0.01567794	0.03313056	0.03854112	0.05733711	0.14673307	0.31050714	0.45247088	0.47733421	0.64175222
6.00000000	0.02730489	0.01945959	0.00557740	0.00067974	0.00429498	0.01860196	0.02461719	0.04332563	0.12874129	0.29470588	0.43648806	0.44783347	0.55935477
7.00000000	0.03124414	0.02733334	0.01535754	0.01361357	0.01630962	0.02793544	0.03472765	0.05548162	0.13652145	0.30931556	0.45602876	0.43598989	0.44951437
8.00000000	0.05477009	0.05109563	0.04225003	0.04126482	0.04055767	0.05451113	0.06588660	0.08395938	0.16532056	0.33361253	0.47484071	0.42844341	0.36693464
9.00000000	0.04728345	0.04241081	0.03096431	0.02707324	0.02764950	0.04266026	0.05400568	0.07064270	0.15348859	0.31490400	0.45234194	0.38708969	0.25064762
10.00000000	0.07790848	0.07298005	0.06433559	0.06245377	0.06413202	0.08113745	0.09375590	0.11123377	0.19544316	0.35369736	0.48269252	0.38716161	0.22437328
11.00000000	0.07059082	0.06614242	0.05612583	0.05350265	0.05499063	0.07082105	0.08292228	0.09969284	0.18126691	0.33290502	0.45528834	0.32032105	0.15694608
12.00000000	0.06494164	0.06002191	0.04954256	0.04606937	0.04599757	0.06137645	0.07330993	0.08920593	0.16803969	0.31657474	0.43603907	0.25704717	0.10780748
13.00000000	0.04362902	0.03853380	0.02557885	0.02064655	0.01872946	0.03219536	0.04247947	0.05733408	0.13226848	0.27703005	0.38889564	0.17349026	0.05686274
14.00000000	0.04424768	0.03845211	0.02537023	0.01990125	0.01888668	0.03291684	0.04280113	0.05800323	0.13386444	0.27483065	0.38067301	0.14532622	0.04596864
15.00000000	0.05805349	0.05262399	0.04053886	0.03601875	0.03532032	0.05028013	0.06133825	0.07740393	0.15531840	0.28602375	0.37775329	0.13484978	0.05607240
16.00000000	0.06635187	0.06069136	0.04902688	0.04484643	0.04494635	0.06057829	0.07194764	0.08856395	0.16696769	0.28888682	0.36092504	0.12014360	0.06247142
17.00000000	0.06702376	0.06202872	0.04959268	0.04572348	0.04552297	0.06016214	0.07183614	0.08855643	0.16556341	0.27897655	0.32613432	0.10170525	0.06138753
18.00000000	0.06536243	0.06003747	0.04648092	0.04198929	0.04116059	0.05533568	0.06678055	0.08308309	0.15865412	0.26470891	0.27973517	0.08278506	0.05559797
19.00000000	0.06572266	0.05940741	0.04469432	0.03887827	0.03791505	0.05235137	0.06316028	0.07891152	0.15399326	0.24906710	0.22769244	0.06806665	0.05144029
20.00000000	0.07269821	0.06647144	0.05165910	0.04571327	0.04462480	0.05910367	0.07015203	0.08604873	0.16111069	0.23822287	0.18740952	0.06550406	0.05710964
21.00000000	0.07593299	0.06941815	0.05398618	0.04732141	0.04584588	0.05988414	0.07038183	0.08599728	0.15943829	0.21941442	0.14617975	0.06053513	0.05726145
22.00000000	0.08716014	0.08115868	0.06614599	0.05980129	0.05820043	0.07191313	0.08244839	0.09798895	0.16904851	0.21094389	0.12455220	0.06895509	0.06858328
23.00000000	0.08851099	0.08272701	0.06686045	0.06022102	0.05872495	0.07176014	0.08208062	0.09742243	0.16711083	0.19324478	0.10489214	0.06883849	0.07026007
24.00000000	0.08035341	0.07377370	0.05602743	0.04781220	0.04532956	0.05808603	0.06799461	0.08249135	0.15229580	0.16498160	0.08034976	0.05606350	0.05748268
25.00000000	0.08367325	0.07709735	0.06013282	0.05226560	0.05005380	0.06364804	0.07403833	0.08935943	0.16029048	0.15442652	0.07011909	0.05911069	0.06123622
26.00000000	0.08898057	0.08252661	0.06560114	0.05776061	0.05547693	0.06907999	0.07974153	0.09522344	0.16557490	0.14463844	0.06086162	0.06182511	0.06590953
27.00000000	0.09221601	0.08594691	0.06848768	0.06026170	0.05770955	0.07047290	0.08060993	0.09574236	0.16549787	0.13274761	0.04672611	0.06004931	0.06713571
28.00000000	0.09547756	0.08929544	0.07139788	0.06257131	0.05961901	0.07178122	0.08150285	0.09609491	0.16265898	0.12166785	0.03678582	0.05892718	0.06826482
29.00000000	0.09177351	0.08537377	0.06586063	0.05573154	0.05210199	0.06320895	0.07204890	0.08569630	0.14863668	0.10406932	0.02492513	0.05027306	0.06102239
30.00000000	0.09821063	0.09186304	0.07291517	0.06258293	0.05870354	0.07021041	0.07918421	0.09282761	0.15359700	0.10134128	0.02524922	0.05530405	0.06625570
31.00000000	0.10434310	0.09844477	0.07947543	0.06917745	0.06544067	0.07684043	0.08603791	0.09988938	0.15924902	0.10151467	0.02953575	0.06123392	0.07286552
32.00000000	0.10586465	0.10013184	0.08066653	0.06993499	0.06592376	0.07689498	0.08593491	0.09967687	0.16015384	0.09721877	0.02712836	0.06052453	0.07300444
33.00000000	0.10697995	0.10139847	0.08157922	0.07023051	0.06573435	0.07634237	0.08509705	0.09848732	0.15830587	0.09268977	0.02214036	0.05839891	0.07190449
34.00000000	0.10855275	0.10310981	0.08300443	0.07121378	0.06642873	0.07668718	0.08510100	0.09815502	0.15662761	0.08996268	0.01941456	0.05726206	0.07215198
35.00000000	0.11218439	0.10699527	0.08703543	0.07506787	0.06994834	0.07987103	0.08819504	0.10106312	0.15747406	0.09006886	0.01967426	0.05922715	0.07516145
36.00000000	0.11286381	0.10788668	0.08757705	0.07522421	0.06975341	0.07913825	0.08719084	0.09989617	0.15533051	0.08790934	0.02038212	0.05900128	0.07516642
37.00000000	0.11260924	0.10771178	0.08744795	0.07508283	0.06933311	0.07832329	0.08624754	0.09893850	0.15341584	0.08588854	0.02755089	0.06099881	0.07544873
38.00000000	0.11257099	0.10793525	0.08828066	0.07622799	0.07052161	0.07917335	0.08701220	0.09965984	0.15258502	0.08557626	0.03923466	0.06562258	0.07746192
39.00000000	0.11293783	0.10838469	0.08896315	0.07696136	0.07110423	0.07934169	0.08685687	0.09908256	0.14978806	0.08563082	0.04746583	0.06823121	0.07834646
40.00000000	0.11462085	0.11017622	0.09092218	0.07879934	0.07256761	0.08029197	0.08748824	0.09931435	0.14758750	0.08657401	0.04575918	0.06717181	0.07847190
41.00000000	0.11538045	0.11109647	0.09184108	0.07939950	0.07267132	0.07981181	0.08655158	0.09803245	0.14488578	0.08588020	0.03619566	0.06251408	0.07680790
42.00000000	0.11758153	0.11354916	0.09445599	0.08184137	0.07464546	0.08143086	0.08803265	0.09949466	0.14560391	0.08663339	0.03292760	0.06193822	0.07781400
43.00000000	0.11930822	0.11555562	0.09673585	0.08404483	0.07665772	0.08301568	0.08944653	0.10087583	0.14631936	0.08800446	0.03702282	0.06492280	0.07996048
44.00000000	0.12162639	0.11796987	0.09923717	0.08635703	0.07860641	0.08440333	0.09047946	0.10138177	0.14505565	0.08946221	0.04460553	0.06931013	0.08227990
45.00000000	0.12217053	0.11860876	0.09973142	0.08678477	0.07877562	0.08393076	0.08967091	0.10003428	0.14098704	0.09015908	0.05779402	0.07584795	0.08446932
46.00000000	0.12072105	0.11720501	0.09834327	0.08568367	0.07783333	0.08279053	0.08844246	0.09871066	0.13712301	0.08892363	0.07302199	0.08332991	0.08594237
47.00000000	0.11952104	0.11605282	0.09758499	0.08569422	0.07845977	0.08383417	0.09006705	0.10089252	0.13783432	0.08876921	0.09182081	0.09259311	0.08960802
48.00000000	0.11681392	0.11329042	0.09467599	0.08332006	0.07670124	0.08261574	0.08950224	0.10127662	0.13822571	0.08790211	0.10320648	0.09668148	0.08969304
49.00000000	0.11389689	0.11015012	0.09095446	0.07952408	0.07302990	0.07928353	0.08641530	0.09852511	0.13519179	0.08500149	0.10060648	0.09219955	0.08554572
50.00000000	0.11159262	0.10760284	0.08831031	0.07686354	0.07038339	0.07674574	0.08392062	0.09608867	0.13091497	0.08141057	0.09153531	0.08589000	0.08116351
51.00000000	0.11053457	0.10709375	0.08832355	0.07723567	0.07071702	0.07707722	0.08418713	0.09661324	0.12883458	0.08108648	0.08443974	0.08139784	0.07869713
52.00000000	0.10967631	0.10796218	0.08988486	0.07921514	0.07273368	0.07897596	0.08608845	0.09777299	0.12774131	0.08317925	0.08148616	0.08079547	0.07900590
53.00000000	0.10854422	0.10705908	0.08922181	0.07875603	0.07223933	0.07822049	0.08525257	0.09631316	0.12520179	0.08420751	0.07970549	0.08006140	0.07904352
54.00000000	0.10757823	0.10592668	0.08791335	0.07755032	0.07096996	0.07690055	0.08389510	0.09459473	0.12335068	0.08458961	0.07921029	0.07928245	0.07915801
55.00000000	0.10811843	0.10565784	0.08776985	0.07751323	0.07099581	0.07702267	0.08417768	0.09481727	0.12610144	0.08348343	0.07414174	0.07828681	0.07865695
56.00000000	0.10918033	0.10701983	0.08835045	0.07831532	0.07153525	0.07741434	0.08437291	0.09558672	0.12307011	0.08241482	0.06899753	0.07509921	0.07726367
57.00000000	0.10995342	0.10939673	0.09048077	0.08062103	0.07352173	0.07897485	0.08579093	0.09659520	0.11966228	0.08277919	0.06622784	0.07377974	0.07715741
58.00000000	0.11163012	0.11105607	0.09231530	0.08233003	0.07492768	0.07993937	0.08652289	0.09688178	0.11600056	0.08378301	0.06975403	0.07579970	0.07930478
59.00000000	0.11136064	0.10978613	0.09155012	0.08163096	0.07426958	0.07913120	0.08554954	0.09561334	0.11184801	0.08485773	0.08063216	0.08032478	0.08081936
60.00000000	0.10957242	0.10623839	0.08912437	0.07944851	0.07270709	0.07796671	0.08478740	0.09498081	0.11391478	0.08422113	0.09600082	0.08862610	0.08216469
61.00000000	0.10729891	0.10315194	0.08573366	0.07621677	0.07009203	0.07613428	0.08339587	0.09432706	0.11294710	0.08109469	0.11067054	0.09517006	0.08044963
62.00000000	0.10500806	0.10075747	0.08262141	0.07322785	0.06756914	0.07436365	0.08132731	0.09339849	0.11175779	0.07973319	0.11803705	0.09622420	0.07917189
63.00000000	0.10417750	0.09994632	0.08110106	0.07159685	0.06618065	0.07346041	0.08014944	0.09319637	0.10932347	0.07753680	0.11316676	0.09339005	0.07705155
64.00000000	0.10379988	0.09952184	0.08028277	0.07075174	0.06554625	0.07329275	0.08002281	0.09353411	0.10786323	0.07772974	0.11197777	0.09078003	0.07616617
65.00000000	0.10237901	0.09801635	0.07866877	0.06934433	0.06452809	0.07275761	0.08016594	0.09354162	0.10524070	0.07694239	0.11016978	0.08942079	0.07466347
66.00000000	0.10003850	0.09538891	0.07581216	0.06659687	0.06214077	0.07082622	0.07955633	0.09235670	0.10278261	0.07269193	0.10871411	0.08756300	0.07294532
67.00000000	0.09780914	0.09309028	0.07345284	0.06413923	0.05992078	0.06902162	0.07819795	0.09089610	0.10175858	0.07294039	0.10984848	0.08487618	0.07120254
68.00000000	0.09614992	0.09144791	0.07198510	0.06245027	0.05859436	0.06778843	0.07726917	0.09000332	0.09934919	0.07267202	0.10284034	0.08027331	0.06798632
69.00000000	0.09547205	0.09071252	0.07131303	0.06197769	0.05838938	0.06781003	0.07746776	0.09048338	0.09859891	0.07390316	0.10208028	0.07871168	0.06919701
70.00000000	0.09517883	0.09054335	0.07107450	0.06220628	0.05873125	0.06863212	0.07830711	0.09157143	0.09909952	0.07224047	0.09897156	0.07769503	0.06858044
71.00000000	0.09453191	0.08977476	0.06993113	0.06141556	0.05804373	0.06821264	0.07812940	0.09144893	0.09668307	0.06860577	0.09018009	0.07567706	0.06750699
72.00000000	0.09304955	0.08793900	0.06766699	0.05917295	0.05576403	0.06597018	0.07596851	0.08932251	0.09339422	0.06676821	0.08171564	0.07293388	0.06239179
73.00000000	0.09139525	0.08628645	0.06616746	0.05736524	0.05415689	0.06416961	0.07435004	0.08757092	0.09092785	0.06080735	0.07192363	0.07043454	0.06094744
74.00000000	0.09039305	0.08521411	0.06547921	0.05664343	0.05372862	0.06367428	0.07397458	0.08713492	0.09005195	0.06413395	0.07891394	0.06871093	0.06189515
75.00000000	0.08842987	0.08297623	0.06370440	0.05513271	0.05236517	0.06228501	0.07245224	0.08531991	0.08630087	0.06156270	0.07944913	0.06444767	0.06083009
76.00000000	0.08888721	0.08351341	0.06450921	0.05624629	0.05364307	0.06360855	0.07393039	0.08683539	0.08779593	0.06799310	0.08696890	0.06606758	0.06322392
77.00000000	0.08898961	0.08368795	0.06444379	0.05629293	0.05376867	0.06402798	0.07462444	0.08788565	0.08749105	0.07427309	0.08345454	0.06655015	0.05996219
78.00000000	0.08863984	0.08355778	0.06389368	0.05587768	0.05331014	0.06398505	0.07495721	0.08859206	0.08583343	0.07035029	0.07700385	0.06902672	0.06428082
79.00000000	0.08937912	0.08469418	0.06467343	0.05660393	0.05406041	0.06516395	0.07637661	0.09046489	0.08893888	0.07366329	0.08324860	0.07244059	0.06786992
80.00000000	0.08690204	0.08195012	0.06182675	0.05372475	0.05115032	0.06257958	0.07383039	0.08782532	0.07943130	0.06208839	0.07144349	0.06720498	0.06556788

Level 4 Product: Surface Optical Data
Lu(0-)	Lu(0-)	Lu(0-)	Lu(0-)	Lu(0-)	Lu(0-)	Lu(0-)	Lu(0-)	Lu(0-)	Lu(0-)	Lu(0-)	Lu(0-)	Lu(0-)	
399.8	412.2	442.0	470.1	490.4	509.8	531.7	554.5	590.2	619.0	665.6	683.3	700.4	
1.21620212	1.58735330	1.79628756	1.90507436	1.56849246	1.07610167	0.72650087	0.46555406	0.15471975	0.04182826	0.01548234	0.01150183	0.00609452

Level 4 Product: Surface Optical Data
Ed(0-)	Ed(0-)	Ed(0-)	Ed(0-)	Ed(0-)	Ed(0-)	Ed(0-)	Ed(0-)	Ed(0-)	Ed(0-)	Ed(0-)	Ed(0-)	Ed(0-)	
399.8	411.5	442.6	469.8	490.9	509.6	531.5	554.9	589.4	619.4	665.7	682.5	700.2	
85.39668542	97.25832057	99.32264338	108.06168554	116.25126475	107.43547310	103.54664871	93.09436090	80.48184077	79.09043500	75.39627940	59.56724034	24.57965914

Level 4 Product: Water Leaving Radiances
Lw-Lu(0+)	Lw-Lu(0+)	Lw-Lu(0+)	Lw-Lu(0+)	Lw-Lu(0+)	Lw-Lu(0+)	Lw-Lu(0+)	Lw-Lu(0+)	Lw-Lu(0+)	Lw-Lu(0+)	Lw-Lu(0+)	Lw-Lu(0+)	Lw-Lu(0+)	
399.8	412.2	442.0	470.1	490.4	509.8	531.7	554.5	590.2	619.0	665.6	683.3	700.4	
0.65817878	0.85903671	0.97210681	1.03097956	0.84882968	0.58235986	0.39316447	0.25194645	0.08373054	0.02263643	0.00837866	0.00622451	0.00329821

Level 4 Product: Water Leaving Radiances
Lwn-Lu(0+)/Ed(0+)	Lwn-Lu(0+)/Ed(0+)	Lwn-Lu(0+)/Ed(0+)	Lwn-Lu(0+)/Ed(0+)	Lwn-Lu(0+)/Ed(0+)	Lwn-Lu(0+)/Ed(0+)	Lwn-Lu(0+)/Ed(0+)	Lwn-Lu(0+)/Ed(0+)	Lwn-Lu(0+)/Ed(0+)	Lwn-Lu(0+)/Ed(0+)	Lwn-Lu(0+)/Ed(0+)	Lwn-Lu(0+)/Ed(0+)	Lwn-Lu(0+)/Ed(0+)	
399.8	411.85	442.3	469.95	490.65	509.7	531.6	554.7	589.8	619.2	665.65	682.9	700.3	
1.08648695	1.46071191	1.73986103	1.82790953	1.32956406	1.00241283	0.68931736	0.48239557	0.17819876	0.04666613	0.01655365	0.01485480	0.01815670

Level 4 Product: Surface Remote Sensing Reflectances
RSR-Lu(0+)/Ed(0+)	RSR-Lu(0+)/Ed(0+)	RSR-Lu(0+)/Ed(0+)	RSR-Lu(0+)/Ed(0+)	RSR-Lu(0+)/Ed(0+)	RSR-Lu(0+)/Ed(0+)	RSR-Lu(0+)/Ed(0+)	RSR-Lu(0+)/Ed(0+)	RSR-Lu(0+)/Ed(0+)	RSR-Lu(0+)/Ed(0+)	RSR-Lu(0+)/Ed(0+)	RSR-Lu(0+)/Ed(0+)	RSR-Lu(0+)/Ed(0+)	
399.8	411.85	442.3	469.95	490.65	509.7	531.6	554.7	589.8	619.2	665.65	682.9	700.3	
0.00738956	0.00846839	0.00938386	0.00914732	0.00700065	0.00519708	0.00364044	0.00259478	0.00099747	0.00027441	0.00010655	0.00010019	0.00012865

Level 4 Product: Surface Reflectances
RFL-Eu(0+)/Ed(0+)	RFL-Eu(0+)/Ed(0+)	RFL-Eu(0+)/Ed(0+)	RFL-Eu(0+)/Ed(0+)	RFL-Eu(0+)/Ed(0+)	RFL-Eu(0+)/Ed(0+)	RFL-Eu(0+)/Ed(0+)	RFL-Eu(0+)/Ed(0+)	RFL-Eu(0+)/Ed(0+)	RFL-Eu(0+)/Ed(0+)	RFL-Eu(0+)/Ed(0+)	RFL-Eu(0+)/Ed(0+)	RFL-Eu(0+)/Ed(0+)	
399.8	411.85	442.3	469.95	490.65	509.7	531.6	554.7	589.8	619.2	665.65	682.9	700.3	
3.32530182	3.81077373	4.22273591	4.11629529	3.15029394	2.33868610	1.63819811	1.16765104	0.44886338	0.12348441	0.04794608	0.04508436	0.05789354

Level 4 Product: Photosynthetically Available Radiation
Profiler PAR	Profiler PAR	Profiler PAR	
Depth	Profiler Par	% Par (0+)	
4.00000000	51431736389470680.00000000	83.68685554
5.00000000	42118810605821976.00000000	68.53338164
6.00000000	51581754262587952.00000000	83.93095626
7.00000000	39339663595863528.00000000	64.01130849
8.00000000	42616902099192992.00000000	69.34384837
9.00000000	36308453683266176.00000000	59.07909263
10.00000000	37577774141217840.00000000	61.14446015
11.00000000	31823323539024380.00000000	51.78113878
12.00000000	29152373226395036.00000000	47.43511726
13.00000000	28036430085518928.00000000	45.61931677
14.00000000	28645465993551724.00000000	46.61030606
15.00000000	26538182685390728.00000000	43.18145209
16.00000000	24878975137808968.00000000	40.48168202
17.00000000	23072857037565800.00000000	37.54286729
18.00000000	22546151886970772.00000000	36.68584202
19.00000000	20494270905248608.00000000	33.34713562
20.00000000	19867644641667052.00000000	32.32752428
21.00000000	18810106617204636.00000000	30.60675734
22.00000000	17439277299785866.00000000	28.37622026
23.00000000	16135356674385894.00000000	26.25455327
24.00000000	14920872782969896.00000000	24.27841276
25.00000000	14145625933573696.00000000	23.01697429
26.00000000	13812373945271530.00000000	22.47472522
27.00000000	12154783554145420.00000000	19.77758650
28.00000000	11364461382960520.00000000	18.49161830
29.00000000	10908137164144220.00000000	17.74911296
30.00000000	10110133358392578.00000000	16.45064564
31.00000000	9276926203778862.00000000	15.09489738
32.00000000	8580489041657570.00000000	13.96169364
33.00000000	7981765858307678.00000000	12.98748464
34.00000000	7331368714038162.00000000	11.92919465
35.00000000	6754775433397697.00000000	10.99099419
36.00000000	6258643766025764.00000000	10.18371639
37.00000000	5698824502073384.00000000	9.27280968
38.00000000	5272795201341050.00000000	8.57959854
39.00000000	4875794347533118.00000000	7.93362087
40.00000000	4465847245014373.00000000	7.26657779
41.00000000	4081545782685302.50000000	6.64126386
42.00000000	3774417148146224.00000000	6.14152126
43.00000000	3473381203115572.50000000	5.65169235
44.00000000	3139383480918067.00000000	5.10822987
45.00000000	2876035326003055.50000000	4.67972442
46.00000000	2642116337130230.00000000	4.29910448
47.00000000	2412657985089105.50000000	3.92574263
48.00000000	2198159303138709.20000000	3.57672233
49.00000000	2019331467560708.20000000	3.28574364
50.00000000	1867577916085481.50000000	3.03881872
51.00000000	1723599052249557.20000000	2.80454433
52.00000000	1588113142281797.00000000	2.58408921
53.00000000	1460686308822571.50000000	2.37674737
54.00000000	1341927342918897.50000000	2.18350940
55.00000000	1244981693366007.00000000	2.02576484
56.00000000	1150063025798425.50000000	1.87131847
57.00000000	1055190129341521.10000000	1.71694658
58.00000000	972312384152048.50000000	1.58209253
59.00000000	894951929099382.62000000	1.45621591
60.00000000	820101016439531.25000000	1.33442268
61.00000000	757797012067470.62000000	1.23304507
62.00000000	703241918697594.25000000	1.14427606
63.00000000	651763562914657.62000000	1.06051335
64.00000000	604048443735030.75000000	0.98287397
65.00000000	562386247650673.37000000	0.91508356
66.00000000	522347068071329.06000000	0.84993404
67.00000000	486207550389896.94000000	0.79112983
68.00000000	455999163563392.25000000	0.74197643
69.00000000	427189387953506.25000000	0.69509877
70.00000000	398420410845709.31000000	0.64828749
71.00000000	372538196547642.12000000	0.60617339
72.00000000	349263985051472.62000000	0.56830289
73.00000000	327602000162867.25000000	0.53305572
74.00000000	308618226204700.56000000	0.50216638
75.00000000	290431357076112.81000000	0.47257372
76.00000000	272722574122871.62000000	0.44375898
77.00000000	258281918367141.06000000	0.42026195
78.00000000	241216925431330.59000000	0.39249474
79.00000000	227488245980160.78000000	0.37015620
80.00000000	214468987180540.87000000	0.34897199