PROSOFT : ProSoft 7.6
CRUISE-ID : Missing
STATION-ID : Missing
OPERATOR : Missing
LATITUDE : Missing
LONGITUDE : Missing
PRESSURE-TARE : 0.000000
CAST : A
PROFILER : DRY
REFERENCE : DRY
TIME-STAMP : Tue Apr 27 15:10:21 1999
PRO-DARK : OFF
REF-DARK : OFF
COMMENT : Missing
PROCESSING_LEVEL : 3a
FILE_CREATION_TIME : 10-Feb-2004 10:39:02
DEGLITCH_PRODAT : ON
PRO_NOISE_THRESH : 5
UPPER_PRES_LEVEL : 30
LOWER_PRES_LEVEL : 200
DEGLITCH_REFDAT : OFF
PRES_TARE_CORRECTED : 0
DEPTH_RESOLUTION : 0.1m
BIN_INTERVAL : 1m
BIN_WIDTH : 0.5m
TIME_INTERVAL : 2sec
TIME_WIDTH : 1sec
WAVEL_INTERP : 0nm

Lu	Lu	Lu	Lu	Lu	Lu	Lu	Lu	Lu	Lu	Lu	Lu	Lu	Lu	Lu	Lu	Ed	Ed	Ed	Ed	Ed	Ed	Ed	Ed	Ed	Ed	Ed	Ed	Ed	Ed	Ed	Ed	
#Datetag	Timetag2	Depth	399.8	412.2	442.0	470.1	490.4	509.8	531.7	554.5	590.2	619.0	665.6	683.3	700.4	Datetag	Timetag2	Depth	399.8	411.5	442.6	469.8	490.9	509.6	531.5	554.9	589.4	619.4	665.7	682.5	700.2	
NaN	NaN	4.00000000	0.94360525	1.25894952	1.48529876	1.60930113	1.33768512	0.89443298	0.58423618	0.35948618	0.09900446	0.02149962	0.00851977	0.00729997	0.00449765	1999117.00000000	151022287.00000000	4.00000000	79.81902612	92.81277057	100.49036336	110.76636315	117.23042451	103.64367910	98.01132384	81.14101009	50.42211802	25.00920529	13.33614730	10.41515276	3.03567502
1999117.00000000	151022142.00000000	5.00000000	0.91488359	1.22354953	1.45003939	1.57589887	1.31272182	0.87760389	0.57139389	0.35022834	0.09451848	0.01931526	0.00756907	0.00661916	0.00423984	1999117.00000000	151023322.00000000	5.00000000	67.32279720	80.47638359	86.97699005	97.15769951	103.43034331	87.48110143	80.72412243	66.73366068	37.16312570	16.21664464	7.73215292	5.68990342	1.27500128
1999117.00000000	151023172.00000000	6.00000000	0.84825809	1.14116600	1.36719220	1.49410547	1.24696172	0.82647944	0.53280978	0.32287696	0.08310713	0.01607646	0.00637957	0.00576121	0.00386836	1999117.00000000	151024243.00000000	6.00000000	80.36423996	96.64156574	109.20592641	124.12553097	129.90570841	110.36826798	103.68691635	83.64673265	43.27145590	16.01588997	6.58397215	4.64191620	0.90229032
1999117.00000000	151024113.00000000	7.00000000	0.79349164	1.07417535	1.30061497	1.42960442	1.19708913	0.78684670	0.50325665	0.30121105	0.07306413	0.01321898	0.00531818	0.00498105	0.00353128	1999117.00000000	151025165.00000000	7.00000000	65.83458271	79.23986114	88.34211273	98.66691201	103.12186716	85.88910950	79.29431640	62.16344838	29.38823189	8.92068244	3.11374115	2.27050677	0.40112392
1999117.00000000	151025039.00000000	8.00000000	0.74934542	1.01970601	1.24960783	1.38099748	1.15843378	0.75865235	0.48098860	0.28557819	0.06656259	0.01162553	0.00486015	0.00476101	0.00338417	1999117.00000000	151026100.00000000	8.00000000	70.41555967	84.86217075	96.96869305	109.54301893	114.91123683	95.30973195	87.43822720	67.69629726	29.78738119	7.72566136	2.36983202	1.75670435	0.33017779
1999117.00000000	151025970.00000000	9.00000000	0.69416702	0.95072845	1.17854203	1.31072693	1.10384542	0.71626627	0.45085529	0.26392989	0.05820711	0.00982674	0.00426545	0.00439292	0.00314095	1999117.00000000	151027068.00000000	9.00000000	61.51959632	74.90999393	85.47974630	96.61708893	101.35961544	81.86658687	73.89320449	56.20955988	22.63311110	4.97277154	1.31804967	1.04559667	0.22269055
1999117.00000000	151026931.00000000	10.00000000	0.63325122	0.87189865	1.09489009	1.22651585	1.03610992	0.66711899	0.41470231	0.24028838	0.05101503	0.00858275	0.00389169	0.00420059	0.00294289	1999117.00000000	151027983.00000000	10.00000000	63.21955213	76.98625250	89.87806351	102.05034804	106.97967852	86.07767369	77.26304066	57.80906715	21.57382120	4.04594940	0.94201942	0.80301481	0.19335092
1999117.00000000	151027870.00000000	11.00000000	0.60135478	0.83208566	1.05761225	1.19166770	1.01018594	0.64949066	0.40184138	0.23150842	0.04735887	0.00783018	0.00367435	0.00413303	0.00283095	1999117.00000000	151028919.00000000	11.00000000	54.85143473	67.29770769	78.59927799	89.28281168	93.07675607	73.01731983	64.39245606	47.25207756	16.02986433	2.55299718	0.51447387	0.48479237	0.14969420
1999117.00000000	151028794.00000000	12.00000000	0.56170771	0.78103896	1.00329874	1.13819067	0.96960494	0.62154126	0.38303908	0.21956571	0.04407301	0.00737941	0.00358055	0.00423299	0.00275679	1999117.00000000	151029840.00000000	12.00000000	50.51324404	62.15981589	73.30792324	83.38945125	87.01887286	67.26511923	58.61351386	42.33684443	13.32110038	1.83935558	0.33950666	0.37229922	0.13115229
1999117.00000000	151029708.00000000	13.00000000	0.50996070	0.71379609	0.93112343	1.06507254	0.91012728	0.57839433	0.35255889	0.19964589	0.03842749	0.00646746	0.00323042	0.00392888	0.00253828	1999117.00000000	151030761.00000000	13.00000000	48.35601929	59.89148003	71.48895219	81.79487597	85.36861585	64.99366568	56.04386413	39.89961164	11.63648046	1.39598845	0.22536760	0.30953629	0.12336242
1999117.00000000	151030626.00000000	14.00000000	0.47969127	0.67519342	0.89167409	1.02772874	0.88292381	0.56041479	0.34028751	0.19192756	0.03603776	0.00613353	0.00313562	0.00395055	0.00246123	1999117.00000000	151031701.00000000	14.00000000	48.66325650	60.44980178	73.56364216	84.68315123	88.75449045	67.12598687	57.40302325	40.27298984	10.92918134	1.12375436	0.16086034	0.27795521	0.12423853
1999117.00000000	151031568.00000000	15.00000000	0.43943432	0.62178419	0.83177840	0.96515730	0.83185184	0.52520781	0.31654324	0.17680623	0.03231538	0.00563755	0.00294982	0.00379551	0.00231121	1999117.00000000	151032610.00000000	15.00000000	44.93149114	56.28369670	69.04283693	79.90822809	83.92324918	62.22489463	52.61668659	36.37255740	9.13458284	0.81749363	0.10692687	0.23565959	0.11574144
1999117.00000000	151032485.00000000	16.00000000	0.39723007	0.56553001	0.76685495	0.89744029	0.77749203	0.48715544	0.29139815	0.16103849	0.02857739	0.00514743	0.00275068	0.00364579	0.00214767	1999117.00000000	151033573.00000000	16.00000000	42.00224463	52.90579426	65.70831302	76.37714134	79.85636100	58.31299311	48.83807809	33.17901439	7.69881061	0.60824317	0.07347333	0.20631627	0.10759777
1999117.00000000	151033437.00000000	17.00000000	0.36192300	0.51839995	0.71491528	0.84464424	0.73446336	0.45782656	0.27103925	0.14834161	0.02542371	0.00467656	0.00256943	0.00352597	0.00200336	1999117.00000000	151034497.00000000	17.00000000	38.93617914	49.20841022	61.76342524	71.93316690	75.42955404	54.23152249	44.71176897	29.85130803	6.37725850	0.45403173	0.05043944	0.18306683	0.10014972
1999117.00000000	151034364.00000000	18.00000000	0.33910258	0.48865282	0.68340832	0.81446383	0.71283984	0.44432984	0.26252028	0.14327639	0.02411977	0.00452772	0.00257410	0.00379149	0.00198350	1999117.00000000	151035448.00000000	18.00000000	37.51618516	47.72840289	60.86902377	71.32559028	74.77577862	53.11323927	43.45635296	28.54992326	5.67608955	0.35568104	0.03853616	0.17295139	0.09772843
1999117.00000000	151035307.00000000	19.00000000	0.30489136	0.44203146	0.62756317	0.75512452	0.66450993	0.41149865	0.24144400	0.13046139	0.02142428	0.00411264	0.00243041	0.00383274	0.00187528	1999117.00000000	151036399.00000000	19.00000000	34.00458621	43.45623783	55.98110685	65.79050762	69.07242437	48.26196581	38.94807058	25.18287236	4.64900002	0.26497369	0.02890851	0.15478885	0.08934674
1999117.00000000	151036255.00000000	20.00000000	0.27600150	0.40265069	0.58061296	0.70571120	0.62429585	0.38519421	0.22473608	0.12070360	0.01941880	0.00379858	0.00232540	0.00388955	0.00179078	1999117.00000000	151037315.00000000	20.00000000	32.41512599	41.69914398	54.70578266	64.73926748	67.92800186	46.87365650	37.47264932	23.84404282	4.07894482	0.21193899	0.02396430	0.14832112	0.08626990
1999117.00000000	151037203.00000000	21.00000000	0.25176482	0.36915153	0.53990881	0.66209082	0.58851377	0.36214153	0.21022678	0.11237904	0.01786297	0.00357461	0.00225394	0.00394600	0.00172276	1999117.00000000	151038258.00000000	21.00000000	30.15600962	39.11674028	52.10272609	62.16484894	65.47358399	44.43336625	35.11078051	22.01515271	3.48331379	0.16930461	0.02048775	0.14065829	0.08241939
1999117.00000000	151038118.00000000	22.00000000	0.22958887	0.33864057	0.50283393	0.62253640	0.55653227	0.34128197	0.19693197	0.10462003	0.01638535	0.00337308	0.00217753	0.00395763	0.00164660	1999117.00000000	151039145.00000000	22.00000000	27.69735622	36.08118120	48.73158538	58.38340871	61.44389241	41.19160269	32.22870226	19.85840162	2.93011923	0.13521763	0.01793410	0.13075881	0.07647748
1999117.00000000	151039019.00000000	23.00000000	0.20890240	0.31031840	0.46816229	0.58560835	0.52689150	0.32196357	0.18472109	0.09752517	0.01502420	0.00316548	0.00208569	0.00390301	0.00157114	1999117.00000000	151040115.00000000	23.00000000	25.16551333	33.01685711	45.28176406	54.68211111	57.74796521	38.16175433	29.53857406	17.95073967	2.47158169	0.11074884	0.01608952	0.12180226	0.07126888
1999117.00000000	151039980.00000000	24.00000000	0.18585006	0.27956835	0.42784815	0.54016754	0.48889012	0.29774279	0.17011550	0.08926781	0.01365717	0.00295226	0.00200862	0.00391970	0.00148928	1999117.00000000	151041065.00000000	24.00000000	22.94911351	30.24870330	42.15679544	51.18712395	54.06708137	35.30302268	27.05238026	16.17779313	2.07956486	0.09126764	0.01450704	0.11290779	0.06584114
1999117.00000000	151040932.00000000	25.00000000	0.16412198	0.24786914	0.38474834	0.49091997	0.44704838	0.27084503	0.15351765	0.08002568	0.01212641	0.00267944	0.00190577	0.00390881	0.00138960	1999117.00000000	151041998.00000000	25.00000000	21.28192478	28.24946564	40.10017692	49.12934411	52.03785787	33.52605544	25.42279880	14.98594350	1.79296769	0.07841539	0.01348262	0.10728969	0.06251435
1999117.00000000	151041857.00000000	26.00000000	0.14897783	0.22604833	0.35694190	0.46053232	0.42216494	0.25578851	0.14434263	0.07509516	0.01130368	0.00254112	0.00190389	0.00411513	0.00136890	1999117.00000000	151042913.00000000	26.00000000	20.15350288	26.97403668	39.13244998	48.49742966	51.60068486	32.86997827	24.72734518	14.38850710	1.60649885	0.07042863	0.01310952	0.10526386	0.06125924
1999117.00000000	151042775.00000000	27.00000000	0.13608703	0.20751877	0.33327031	0.43464737	0.40147698	0.24323447	0.13712930	0.07119783	0.01069102	0.00245062	0.00194493	0.00444174	0.00137573	1999117.00000000	151043839.00000000	27.00000000	17.67336817	23.77942635	34.79460060	43.25865088	46.02406432	28.76898957	21.33690042	12.17566223	1.26169576	0.05824921	0.01192003	0.09386862	0.05439889
1999117.00000000	151043714.00000000	28.00000000	0.11877235	0.18100859	0.29688302	0.39198029	0.36479293	0.21956193	0.12293610	0.06330995	0.00945687	0.00221941	0.00186661	0.00444743	0.00130902	1999117.00000000	151044778.00000000	28.00000000	16.13960339	21.82262278	32.60121099	40.86666146	43.56457863	26.97960131	19.81960379	11.14910367	1.08327835	0.05138000	0.01138067	0.08861172	0.05076583
1999117.00000000	151044630.00000000	29.00000000	0.10374495	0.15785273	0.26450209	0.35319866	0.33100574	0.19840315	0.11011008	0.05639068	0.00845050	0.00202982	0.00178663	0.00437671	0.00123135	1999117.00000000	151045693.00000000	29.00000000	14.99668353	20.43611722	31.19455758	39.59671248	42.43905389	26.01563559	18.97677374	10.54799904	0.95448387	0.04727387	0.01145564	0.08660772	0.04909039
1999117.00000000	151045563.00000000	30.00000000	0.09237553	0.14095257	0.24037069	0.32479636	0.30658671	0.18356856	0.10141978	0.05181874	0.00781506	0.00192357	0.00179757	0.00456478	0.00121747	1999117.00000000	151046616.00000000	30.00000000	13.57330787	18.61850748	28.92111464	37.07266165	39.88449197	24.14201735	17.44418859	9.56113712	0.81896241	0.04254860	0.01112593	0.08162110	0.04583880
1999117.00000000	151046482.00000000	31.00000000	0.08161946	0.12505153	0.21667907	0.29626117	0.28194702	0.16833750	0.09250416	0.04705922	0.00712985	0.00179149	0.00177605	0.00465847	0.00118763	1999117.00000000	151047545.00000000	31.00000000	12.17977463	16.79947179	26.57704365	34.37250313	37.06906729	22.17170523	15.86358097	8.56585356	0.69013214	0.03804178	0.01064312	0.07606734	0.04219400
1999117.00000000	151047418.00000000	32.00000000	0.07136480	0.10973620	0.19266056	0.26752832	0.25670592	0.15269491	0.08332400	0.04216298	0.00642193	0.00165992	0.00171930	0.00462177	0.00113540	1999117.00000000	151048471.00000000	32.00000000	10.95996537	15.20478454	24.52937768	32.07716976	34.75660998	20.57279137	14.59013206	7.77798477	0.59105323	0.03450758	0.01040675	0.07170991	0.03931623
1999117.00000000	151048315.00000000	33.00000000	0.06257408	0.09663888	0.17169582	0.24263976	0.23482538	0.13932455	0.07556806	0.03811279	0.00585438	0.00152681	0.00169651	0.00467606	0.00110513	1999117.00000000	151049403.00000000	33.00000000	9.90501907	13.82326353	22.76482814	30.12111718	32.77527939	19.19188917	13.49550674	7.09715492	0.50673678	0.03159877	0.01021866	0.06803000	0.03682151
1999117.00000000	151049278.00000000	34.00000000	0.05471865	0.08477958	0.15306759	0.21914220	0.21400288	0.12668822	0.06829471	0.03431436	0.00533093	0.00141888	0.00167487	0.00473124	0.00107971	1999117.00000000	151050336.00000000	34.00000000	8.86534201	12.44095873	20.87714120	27.91656086	30.50598624	17.66602815	12.30698002	6.38127047	0.42911060	0.02871261	0.00991438	0.06377111	0.03406282
1999117.00000000	151050196.00000000	35.00000000	0.04762781	0.07404806	0.13598001	0.19683340	0.19346494	0.11459796	0.06137946	0.03066109	0.00481323	0.00130640	0.00161727	0.00459978	0.00102663	1999117.00000000	151051261.00000000	35.00000000	7.93217136	11.18600123	19.15876016	25.93430529	28.48377197	16.33431379	11.28675739	5.77947124	0.36703214	0.02623665	0.00976150	0.06023712	0.03164155
1999117.00000000	151051136.00000000	36.00000000	0.04178720	0.06519950	0.12175929	0.17775062	0.17592567	0.10466505	0.05567350	0.02773655	0.00440396	0.00121035	0.00154303	0.00447482	0.00097313	1999117.00000000	151052196.00000000	36.00000000	7.11740183	10.09364514	17.65603540	24.21338510	26.74630019	15.19768884	10.42496847	5.27623651	0.31736075	0.02415149	0.00966263	0.05723403	0.02956772
1999117.00000000	151052080.00000000	37.00000000	0.03690269	0.05778135	0.10970011	0.16147052	0.16146499	0.09607917	0.05078647	0.02520489	0.00402529	0.00111734	0.00146948	0.00431158	0.00091857	1999117.00000000	151053125.00000000	37.00000000	6.30865829	8.98827206	16.01984298	22.22114644	24.67267232	13.87907959	9.43440403	4.70890538	0.26812658	0.02196102	0.00938116	0.05340417	0.02714076
1999117.00000000	151053000.00000000	38.00000000	0.03251589	0.05112012	0.09866874	0.14707458	0.14830148	0.08798533	0.04620512	0.02282725	0.00366683	0.00102651	0.00138682	0.00410450	0.00085894	1999117.00000000	151054052.00000000	38.00000000	5.65382524	8.09245368	14.73514622	20.70468806	23.12640439	12.90216249	8.70455075	4.29012009	0.23091675	0.02022125	0.00913348	0.05042534	0.02525670
1999117.00000000	151053925.00000000	39.00000000	0.02873753	0.04533853	0.08898785	0.13427631	0.13661981	0.08093828	0.04226020	0.02081801	0.00337255	0.00095179	0.00134357	0.00403602	0.00082593	1999117.00000000	151054993.00000000	39.00000000	5.06820039	7.29063935	13.54396946	19.26760526	21.65810024	11.98344123	8.02507745	3.90816864	0.19980884	0.01866259	0.00874823	0.04730529	0.02347705
1999117.00000000	151054860.00000000	40.00000000	0.02524006	0.03994493	0.07966104	0.12169675	0.12485508	0.07382392	0.03833753	0.01882487	0.00308062	0.00088019	0.00131439	0.00402374	0.00080600	1999117.00000000	151055904.00000000	40.00000000	4.52291367	6.53318424	12.34952710	17.76224670	20.06438729	11.00891117	7.31581609	3.51875480	0.17142795	0.01707882	0.00822369	0.04380154	0.02158245
1999117.00000000	151055772.00000000	41.00000000	0.02208792	0.03504612	0.07096579	0.10969984	0.11352252	0.06694945	0.03452234	0.01689139	0.00279462	0.00080751	0.00126187	0.00390497	0.00077376	1999117.00000000	151056824.00000000	41.00000000	4.01012275	5.81834560	11.21577482	16.32797719	18.56335330	10.10488667	6.66574911	3.16814573	0.14715199	0.01557337	0.00779777	0.04073734	0.01984417
1999117.00000000	151056692.00000000	42.00000000	0.01936927	0.03085367	0.06361175	0.09953342	0.10389157	0.06107605	0.03126491	0.01523540	0.00254217	0.00074178	0.00117121	0.00362783	0.00071729	1999117.00000000	151057553.00000000	42.00000000	3.58339283	5.22178095	10.27727044	15.16721252	17.37846920	9.40450115	6.16691832	2.89998098	0.12864637	0.01435851	0.00769567	0.03883699	0.01855592
1999117.00000000	151057495.00000000	43.00000000	0.01707719	0.02733409	0.05743380	0.09101934	0.09579568	0.05612338	0.02850950	0.01384241	0.00232732	0.00068635	0.00108705	0.00336365	0.00066190	1999117.00000000	151057940.00000000	43.00000000	3.19793957	4.67924552	9.37997906	14.01877193	16.18168685	8.69914785	5.67024922	2.63691097	0.11177412	0.01324828	0.00754628	0.03675226	0.01724513
1999117.00000000	151057911.00000000	44.00000000	0.01507621	0.02419872	0.05174616	0.08291577	0.08788033	0.05126623	0.02581577	0.01247238	0.00213091	0.00063068	0.00101010	0.00313780	0.00061753	1999117.00000000	151058649.00000000	44.00000000	2.81343552	4.12921873	8.42084095	12.73188859	14.79625033	7.89672231	5.10770400	2.34527593	0.09497717	0.01200736	0.00709062	0.03383347	0.01568964
1999117.00000000	151058508.00000000	45.00000000	0.01309744	0.02111190	0.04599659	0.07455139	0.07957406	0.04611603	0.02297173	0.01102458	0.00191619	0.00057207	0.00089778	0.00277436	0.00054417	1999117.00000000	151059599.00000000	45.00000000	2.49236635	3.67154672	7.63890667	11.70679019	13.71280303	7.28131180	4.68316581	2.12743684	0.08239993	0.01096767	0.00675084	0.03154744	0.01446890
1999117.00000000	151059468.00000000	46.00000000	0.01148360	0.01859509	0.04127747	0.06763281	0.07270925	0.04187922	0.02062150	0.00983800	0.00174581	0.00052504	0.00078123	0.00237715	0.00046138	1999117.00000000	151100520.00000000	46.00000000	2.20960814	3.26823841	6.93381645	10.77754722	12.74291063	6.74046408	4.31644139	1.94476363	0.07254716	0.01008944	0.00650990	0.02964152	0.01342546
1999117.00000000	151100387.00000000	47.00000000	0.01021113	0.01661994	0.03758650	0.06225300	0.06736151	0.03859950	0.01883203	0.00894348	0.00160739	0.00048385	0.00070558	0.00213870	0.00041064	1999117.00000000	151101455.00000000	47.00000000	1.95903041	2.90668021	6.27811709	9.87292149	11.75997018	6.18873540	3.93943716	1.75605194	0.06319623	0.00920813	0.00589915	0.02687233	0.01222040
1999117.00000000	151101322.00000000	48.00000000	0.00908949	0.01485871	0.03421024	0.05728505	0.06236981	0.03556403	0.01720203	0.00812426	0.00147552	0.00044416	0.00064378	0.00195288	0.00037239	1999117.00000000	151102406.00000000	48.00000000	1.73532130	2.58277361	5.68076288	9.03294094	10.82676577	5.66204572	3.57872254	1.57581824	0.05463591	0.00840086	0.00526506	0.02416726	0.01110879
1999117.00000000	151102277.00000000	49.00000000	0.00806782	0.01324215	0.03103775	0.05251815	0.05758467	0.03265498	0.01564026	0.00734030	0.00133932	0.00040655	0.00058553	0.00178963	0.00033790	1999117.00000000	151103356.00000000	49.00000000	1.54718739	2.31183728	5.18096823	8.33106621	10.04934971	5.22425373	3.27838790	1.42709112	0.04766444	0.00771128	0.00474304	0.02199061	0.01016215
1999117.00000000	151103208.00000000	50.00000000	0.00717208	0.01182579	0.02819955	0.04823422	0.05322454	0.03001471	0.01423102	0.00664934	0.00122609	0.00037292	0.00053768	0.00164650	0.00030810	1999117.00000000	151104283.00000000	50.00000000	1.38645632	2.07982458	4.75439516	7.73508827	9.39394763	4.85378823	3.02455251	1.30014043	0.04185192	0.00710416	0.00433342	0.02020661	0.00940185
1999117.00000000	151104158.00000000	51.00000000	0.00640722	0.01061393	0.02577509	0.04454055	0.04949521	0.02776650	0.01304611	0.00605544	0.00112567	0.00034236	0.00050124	0.00155354	0.00028684	1999117.00000000	151105245.00000000	51.00000000	1.24009246	1.86740765	4.35491824	7.16874766	8.76292516	4.49662005	2.78175695	1.18127425	0.03672885	0.00654634	0.00393198	0.01853376	0.00866068
1999117.00000000	151105115.00000000	52.00000000	0.00570779	0.00950323	0.02351544	0.04109385	0.04594216	0.02561851	0.01192102	0.00551033	0.00103607	0.00031455	0.00046361	0.00144333	0.00026569	1999117.00000000	151106198.00000000	52.00000000	1.10944052	1.67798783	3.98436142	6.63056832	8.15469235	4.15806388	2.55368488	1.07127931	0.03234399	0.00606885	0.00365897	0.01713391	0.00801935
1999117.00000000	151106067.00000000	53.00000000	0.00508651	0.00850893	0.02144708	0.03787637	0.04258554	0.02357823	0.01085514	0.00499421	0.00095195	0.00029080	0.00042220	0.00130940	0.00024246	1999117.00000000	151107038.00000000	53.00000000	0.99522489	1.50669408	3.63904182	6.11565151	7.57352700	3.83926452	2.34205566	0.96984537	0.02847048	0.00556227	0.00338403	0.01589654	0.00742393
1999117.00000000	151107003.00000000	54.00000000	0.00453041	0.00760832	0.01953929	0.03487537	0.03943773	0.02168373	0.00986091	0.00451841	0.00087604	0.00026646	0.00038972	0.00122305	0.00022379	1999117.00000000	151107606.00000000	54.00000000	0.89436241	1.34957444	3.31825128	5.63575436	7.02399846	3.53920552	2.14330223	0.88004125	0.02509776	0.00508469	0.00310795	0.01456729	0.00684090
1999117.00000000	151107469.00000000	55.00000000	0.00403534	0.00681112	0.01783075	0.03216922	0.03658377	0.01996397	0.00898733	0.00410324	0.00080288	0.00024591	0.00036524	0.00115486	0.00021098	1999117.00000000	151108565.00000000	55.00000000	0.80269127	1.21915599	3.05465403	5.24476574	6.57953151	3.29628869	1.98261108	0.80521008	0.02229536	0.00469424	0.00286402	0.01346950	0.00631574
1999117.00000000	151108432.00000000	56.00000000	0.00360972	0.00612894	0.01637125	0.02983911	0.03411067	0.01846468	0.00821786	0.00372780	0.00073560	0.00022677	0.00033925	0.00107361	0.00019679	1999117.00000000	151109529.00000000	56.00000000	0.72141839	1.09838565	2.80201090	4.85859481	6.13549871	3.05502762	1.82461508	0.73263813	0.01972564	0.00432779	0.00267661	0.01252196	0.00585268
1999117.00000000	151109382.00000000	57.00000000	0.00322671	0.00551858	0.01505206	0.02773448	0.03183652	0.01706892	0.00749180	0.00338649	0.00067164	0.00020900	0.00030770	0.00097936	0.00018232	1999117.00000000	151110541.00000000	57.00000000	0.64536916	0.98472056	2.55338892	4.47039170	5.68198386	2.81151720	1.66634059	0.66163149	0.01709507	0.00397164	0.00251699	0.01159199	0.00541641
1999117.00000000	151110382.00000000	58.00000000	0.00288449	0.00496127	0.01384839	0.02579652	0.02970377	0.01574393	0.00681370	0.00305957	0.00061470	0.00019093	0.00027478	0.00087449	0.00016488	1999117.00000000	151111541.00000000	58.00000000	0.57783205	0.87938564	2.33335724	4.12650866	5.28560960	2.60222547	1.53322839	0.60198494	0.01549043	0.00366101	0.00234798	0.01078697	0.00501988
1999117.00000000	151111443.00000000	59.00000000	0.00257753	0.00447095	0.01278237	0.02404987	0.02776727	0.01452111	0.00618925	0.00276430	0.00056875	0.00017508	0.00023864	0.00074789	0.00014306	1999117.00000000	151112378.00000000	59.00000000	0.51758361	0.78848789	2.12926554	3.80297717	4.90819678	2.40640461	1.40840346	0.54803380	0.01383104	0.00337400	0.00219588	0.01003523	0.00463671
1999117.00000000	151112206.00000000	60.00000000	0.00231664	0.00404869	0.01185573	0.02254917	0.02606328	0.01345291	0.00563495	0.00250471	0.00052228	0.00016077	0.00020423	0.00062661	0.00012252	1999117.00000000	151113347.00000000	60.00000000	0.46099831	0.70446374	1.93398572	3.49015101	4.53874203	2.21419081	1.28767875	0.49592708	0.01227855	0.00308849	0.00202187	0.00921279	0.00425498
1999117.00000000	151113200.00000000	61.00000000	0.00207508	0.00366142	0.01098159	0.02111365	0.02445379	0.01245679	0.00512771	0.00226588	0.00048393	0.00014828	0.00017642	0.00052989	0.00010476	1999117.00000000	151114323.00000000	61.00000000	0.41404048	0.63544186	1.77452615	3.23188186	4.22965985	2.05198634	1.18548201	0.45193745	0.01097625	0.00282899	0.00181244	0.00839439	0.00392747
1999117.00000000	151114190.00000000	62.00000000	0.00187548	0.00332962	0.01024225	0.01988667	0.02309462	0.01162823	0.00471598	0.00207712	0.00044786	0.00013655	0.00015688	0.00047045	0.00009606	1999117.00000000	151115389.00000000	62.00000000	0.37353991	0.57589756	1.63690633	3.00882303	3.95842035	1.90826843	1.09372820	0.41228916	0.00983787	0.00262406	0.00159921	0.00757215	0.00361679
1999117.00000000	151115241.00000000	63.00000000	0.00169938	0.00304513	0.00957551	0.01878665	0.02186346	0.01087941	0.00433827	0.00190150	0.00041263	0.00012644	0.00013947	0.00041447	0.00008572	1999117.00000000	151116486.00000000	63.00000000	0.33625215	0.52066710	1.50756575	2.79798186	3.70190990	1.77146652	1.00712717	0.37504785	0.00878449	0.00244026	0.00141976	0.00687787	0.00336359
1999117.00000000	151116335.00000000	64.00000000	0.00153968	0.00278479	0.00896323	0.01776171	0.02069715	0.01016661	0.00398798	0.00174086	0.00037977	0.00011754	0.00012148	0.00035385	0.00007517	1999117.00000000	151117513.00000000	64.00000000	0.30259803	0.47024526	1.38818139	2.60098140	3.46059494	1.64307422	0.93027823	0.34127258	0.00784941	0.00223205	0.00126608	0.00629087	0.00309480
1999117.00000000	151117385.00000000	65.00000000	0.00139562	0.00254944	0.00839587	0.01681429	0.01962190	0.00952011	0.00368182	0.00159753	0.00035548	0.00010807	0.00010457	0.00030350	0.00006608	1999117.00000000	151118561.00000000	65.00000000	0.27324969	0.42663408	1.28458397	2.43004656	3.24923827	1.53161056	0.86099564	0.31171323	0.00711366	0.00208160	0.00115677	0.00577364	0.00288830
1999117.00000000	151118411.00000000	66.00000000	0.00126756	0.00233931	0.00788911	0.01593925	0.01863767	0.00893752	0.00339624	0.00146898	0.00033062	0.00010166	0.00009241	0.00026280	0.00005719	1999117.00000000	151119685.00000000	66.00000000	0.24659889	0.38680192	1.18699498	2.26660760	3.04447342	1.42258618	0.79283672	0.28330935	0.00637515	0.00192622	0.00101212	0.00524922	0.00266692
1999117.00000000	151119517.00000000	67.00000000	0.00115440	0.00214905	0.00740842	0.01512140	0.01770768	0.00839714	0.00313947	0.00134990	0.00030860	0.00009490	0.00008094	0.00023184	0.00005154	1999117.00000000	151120704.00000000	67.00000000	0.22324891	0.35167237	1.10013978	2.11907365	2.85840762	1.32321710	0.73066909	0.25785995	0.00575920	0.00178796	0.00091537	0.00481490	0.00249450
1999117.00000000	151120545.00000000	68.00000000	0.00104415	0.00197153	0.00695923	0.01434447	0.01682373	0.00788834	0.00290119	0.00125149	0.00028807	0.00008905	0.00007298	0.00020608	0.00004627	1999117.00000000	151121752.00000000	68.00000000	0.20301140	0.32147610	1.02678502	1.99644919	2.70422294	1.24056241	0.67841991	0.23644876	0.00521810	0.00167446	0.00082645	0.00444633	0.00231240
1999117.00000000	151121602.00000000	69.00000000	0.00095414	0.00181424	0.00655343	0.01362784	0.01601183	0.00741966	0.00268497	0.00115129	0.00026589	0.00008129	0.00006609	0.00018285	0.00004007	1999117.00000000	151122769.00000000	69.00000000	0.18467375	0.29382080	0.95663522	1.87887142	2.55505403	1.16144806	0.62956249	0.21659020	0.00472733	0.00155033	0.00073913	0.00410384	0.00217271
1999117.00000000	151122641.00000000	70.00000000	0.00087069	0.00166655	0.00616943	0.01295922	0.01525002	0.00698555	0.00248598	0.00106365	0.00024628	0.00007700	0.00005770	0.00016366	0.00003762	1999117.00000000	151123541.00000000	70.00000000	0.16764720	0.26787973	0.88814928	1.76153711	2.40236053	1.08191600	0.58041259	0.19710322	0.00428183	0.00143836	0.00067353	0.00380612	0.00203410
1999117.00000000	151123521.00000000	71.00000000	0.00079097	0.00153839	0.00580437	0.01230628	0.01449773	0.00656211	0.00229596	0.00097982	0.00022821	0.00007140	0.00005198	0.00014769	0.00003306	1999117.00000000	151123763.00000000	71.00000000	0.15241808	0.24477266	0.82811444	1.65480352	2.26482881	1.00947608	0.53626879	0.17964842	0.00388328	0.00133316	0.00060864	0.00351096	0.00188179
1999117.00000000	151123662.00000000	72.00000000	0.00071977	0.00141814	0.00546628	0.01169802	0.01379754	0.00617216	0.00211941	0.00090878	0.00021946	0.00006737	0.00004652	0.00013448	0.00002998	1999117.00000000	151124618.00000000	72.00000000	0.13884382	0.22397323	0.77351942	1.55867064	2.14136921	0.94414292	0.49691834	0.16424793	0.00350776	0.00125828	0.00055524	0.00325965	0.00176343
1999117.00000000	151124549.00000000	73.00000000	0.00065350	0.00130518	0.00515550	0.01113799	0.01314372	0.00581154	0.00195619	0.00084008	0.00019825	0.00006222	0.00003989	0.00011724	0.00002730	1999117.00000000	151125538.00000000	73.00000000	0.12649304	0.20512141	0.72260375	1.46927665	2.02457119	0.88400726	0.46037200	0.15019549	0.00322086	0.00117623	0.00051860	0.00303749	0.00166502
1999117.00000000	151125432.00000000	74.00000000	0.00060037	0.00120133	0.00487384	0.01061218	0.01253619	0.00547658	0.00181522	0.00077587	0.00018544	0.00005836	0.00003828	0.00010544	0.00002470	1999117.00000000	151125980.00000000	74.00000000	0.11556510	0.18852056	0.67786629	1.39065950	1.92264584	0.83130658	0.42845982	0.13791631	0.00294741	0.00109667	0.00048493	0.00284160	0.00158294
1999117.00000000	151125946.00000000	75.00000000	0.00054423	0.00110681	0.00461235	0.01012703	0.01196689	0.00516321	0.00167149	0.00071691	0.00017194	0.00005248	0.00003149	0.00009374	0.00002178	1999117.00000000	151126615.00000000	75.00000000	0.10578502	0.17330575	0.63543792	1.31506186	1.82318748	0.78053387	0.39821804	0.12653414	0.00268873	0.00105364	0.00045455	0.00264413	0.00146444
1999117.00000000	151126549.00000000	76.00000000	0.00050280	0.00103071	0.00437339	0.00968517	0.01145054	0.00487488	0.00156266	0.00066762	0.00015945	0.00004969	0.00002843	0.00008153	0.00001875	1999117.00000000	151127021.00000000	76.00000000	0.09661883	0.15913109	0.59456379	1.24117613	1.72493285	0.73080725	0.36910102	0.11574798	0.00244735	0.00096475	0.00039971	0.00247789	0.00137984
1999117.00000000	151126920.00000000	77.00000000	0.00045534	0.00095188	0.00414410	0.00924521	0.01093029	0.00459461	0.00143671	0.00061595	0.00014481	0.00004669	0.00002426	0.00006934	0.00001556	1999117.00000000	151127444.00000000	77.00000000	0.08890497	0.14744574	0.56110050	1.18053292	1.64508023	0.69053365	0.34527354	0.10701340	0.00229585	0.00092181	0.00038395	0.00235673	0.00131567
1999117.00000000	151127396.00000000	78.00000000	0.00041540	0.00088961	0.00393839	0.00885770	0.01047585	0.00435950	0.00133088	0.00057217	0.00014162	0.00004486	0.00002141	0.00005993	0.00001463	1999117.00000000	151128477.00000000	78.00000000	0.08082759	0.13461765	0.52249280	1.10794341	1.54787885	0.64304366	0.31794434	0.09714932	0.00205634	0.00083456	0.00034157	0.00216315	0.00121742
1999117.00000000	151128278.00000000	79.00000000	0.00037512	0.00081944	0.00371663	0.00842838	0.00996719	0.00409377	0.00122661	0.00052622	0.00013483	0.00004125	0.00001767	0.00005282	0.00001204	1999117.00000000	151129203.00000000	79.00000000	0.07412023	0.12399764	0.49112755	1.05042623	1.47092914	0.60414052	0.29544258	0.08900272	0.00189392	0.00078143	0.00032397	0.00202894	0.00115521
1999117.00000000	151129176.00000000	80.00000000	0.00033876	0.00074488	0.00351485	0.00804486	0.00951353	0.00385449	0.00112775	0.00048404	0.00012512	0.00003695	0.00001471	0.00004577	0.00001000	1999117.00000000	151129529.00000000	80.00000000	0.06793248	0.11426706	0.46171956	0.99506822	1.39736018	0.56739372	0.27429812	0.08149963	0.00175429	0.00073710	0.00029609	0.00189109	0.00106779