PROSOFT : ProSoft 7.6
CRUISE-ID : Missing
STATION-ID : Missing
OPERATOR : Missing
LATITUDE : Missing
LONGITUDE : Missing
PRESSURE-TARE : 0.000000
CAST : A
PROFILER : DRY
REFERENCE : DRY
TIME-STAMP : Mon Apr 26 14:20:55 1999
PRO-DARK : OFF
REF-DARK : OFF
COMMENT : Missing
PROCESSING_LEVEL : 3a
FILE_CREATION_TIME : 10-Feb-2004 10:49:57
DEGLITCH_PRODAT : ON																															
PRO_NOISE_THRESH : 5																															
UPPER_PRES_LEVEL : 30																															
LOWER_PRES_LEVEL : 200																															
DEGLITCH_REFDAT : OFF																															
PRES_TARE_CORRECTED : 0																															
DEPTH_RESOLUTION : 0.1m																															
BIN_INTERVAL : 1m																															
BIN_WIDTH : 0.5m																															
TIME_INTERVAL : 2sec																															
TIME_WIDTH : 1sec																															
WAVEL_INTERP : 0nm																															

Lu	Lu	Lu	Lu	Lu	Lu	Lu	Lu	Lu	Lu	Lu	Lu	Lu	Lu	Lu	Lu	Ed	Ed	Ed	Ed	Ed	Ed	Ed	Ed	Ed	Ed	Ed	Ed	Ed	Ed	Ed	Ed
#Datetag	Timetag2	Depth	399.8	412.2	442	470.1	490.4	509.8	531.7	554.5	590.2	619	665.6	683.3	700.4	Datetag	Timetag2	Depth	399.8	411.5	442.6	469.8	490.9	509.6	531.5	554.9	589.4	619.4	665.7	682.5	700.2
1999116	142106139	3	1.45950916	1.89328631	1.96032973	1.87400876	1.40827716	0.82913225	0.50244862	0.29719696	0.08355081	0.02134563	0.00867498	0.00625583	0.00458617	1999116	142106291	3	105.9109068	125.1275652	135.6134281	143.2248144	151.4647559	126.7066381	129.7975694	109.7629534	69.35543893	49.60082514	31.71869696	21.34652976	7.74937747
1999116	142106139	4	1.50765893	1.9524533	2.01637144	1.93509939	1.45822425	0.8689707	0.52628994	0.31432317	0.08779798	0.02132123	0.00861501	0.00621056	0.00461799	1999116	142107329	4	93.71769118	112.9176602	116.2283489	123.4347307	133.1370775	112.4359903	109.1935326	90.63151943	53.41916388	28.72812654	15.64114281	11.171016	3.10604941
1999116	142107197	5	1.47625618	1.92168467	1.98783377	1.91167121	1.44024613	0.8475561	0.51011179	0.29954498	0.07903032	0.01796189	0.00714268	0.00519578	0.00428188	1999116	142108433	5	102.6697148	129.0476206	134.6379404	147.3027373	144.66097	126.326114	120.9595741	98.95010304	55.43091592	26.05681276	12.42703031	9.16003019	2.16491377
1999116	142108285	6	1.35954238	1.77453257	1.84985532	1.78179358	1.34176503	0.77887876	0.46017594	0.26581338	0.06703045	0.01436273	0.00578888	0.0041906	0.00379173	1999116	142109462	6	98.49237877	118.5110625	131.0714184	144.2670334	153.1086529	130.7232533	115.8160339	97.77333925	51.51602798	22.12543899	10.07556039	7.11406951	1.39467304
1999116	142109320	7	1.30944341	1.71265999	1.79433601	1.73249829	1.30465174	0.75730705	0.44900267	0.26017619	0.06501312	0.01370555	0.00553122	0.00410852	0.00368184	1999116	142110445	7	86.01712083	104.3587059	110.3378045	121.3576125	124.4663926	103.0786036	93.85741015	75.22261905	36.76871887	13.13289719	5.16864838	3.76287042	0.66632226
1999116	142110309	8	1.23679382	1.61900536	1.7060532	1.64884002	1.2437774	0.71611107	0.41883023	0.23906706	0.05765717	0.0118905	0.00491024	0.00370868	0.00345533	1999116	142111376	8	88.34459099	106.2562824	111.9882208	121.3122223	122.5046227	103.0665899	94.9192683	73.14960412	33.86966722	9.6075459	3.18858209	2.38646295	0.34824271
1999116	142111251	9	1.18854639	1.56488769	1.65694405	1.60883659	1.21190264	0.69136122	0.39985775	0.22624022	0.05189672	0.01039733	0.00441178	0.00337386	0.0032711	1999116	142112349	9	77.61026136	94.10447283	98.94011081	107.2273368	108.9153498	88.03153549	79.45886181	60.3263185	25.07644617	5.9800451	1.6809393	1.30886316	0.21476999
1999116	142112208	10	1.14347784	1.50703213	1.60847991	1.56132251	1.17934647	0.66732902	0.38398598	0.2142715	0.04829552	0.00980013	0.00422851	0.00335399	0.00320879	1999116	142113332	10	83.63840348	99.71039438	109.914536	120.0263182	124.5226422	101.0219335	88.10486361	66.75699614	25.79331241	5.23619813	1.32270908	1.09820885	0.2312452
1999116	142113161	11	1.04811219	1.3963678	1.50621515	1.46913869	1.10386494	0.60643119	0.33795559	0.18403182	0.03806258	0.00766798	0.00344335	0.00265	0.00280108	1999116	142114281	11	79.40325742	95.90426191	104.1268819	113.1186116	114.6720515	90.42447634	78.92630866	57.68155936	19.94403977	3.28294962	0.68060298	0.65478888	0.18039399
1999116	142114151	12	1.06718508	1.41761356	1.53392875	1.49901106	1.13250302	0.6303072	0.3520902	0.19261611	0.04021252	0.00821045	0.00373177	0.00303384	0.00296522	1999116	142115263	12	67.50919203	81.22657452	87.76179974	94.30642055	95.69493775	74.30640811	63.73239139	45.79397546	14.83495987	2.14512512	0.49898618	0.54691506	0.1432151
1999116	142115117	13	1.0074209	1.34551343	1.47215098	1.44073959	1.08878668	0.59645652	0.32953997	0.17678645	0.03486397	0.00712366	0.00326765	0.00259185	0.00271367	1999116	142116322	13	78.55513635	96.14277337	105.287375	114.9170187	115.3771222	88.35513762	76.77437833	54.62947683	16.8761011	2.27239465	0.39275721	0.46596794	0.16422546
1999116	142116150	14	0.94478673	1.26431245	1.3857825	1.36127201	1.02907001	0.56225722	0.31065996	0.16736211	0.0337616	0.00713204	0.0032963	0.0027203	0.00264291	1999116	142117359	14	67.56407244	81.19741803	89.76272914	96.81603085	97.95747353	74.90414929	63.00010112	44.21474902	12.73374132	1.48286268	0.23223681	0.34267944	0.13412691
1999116	142117202	15	0.8680516	1.16584145	1.2907048	1.27139424	0.96006402	0.51719086	0.27961368	0.14786948	0.02859536	0.00606662	0.0028242	0.00225622	0.00236571	1999116	142118312	15	79.88010016	97.53719897	108.9681649	119.0191082	120.8448295	90.74568778	76.26583277	52.58461219	13.86045941	1.34265954	0.18302868	0.35718612	0.16204057
1999116	142118180	16	0.89378668	1.20505317	1.34063968	1.32956982	1.00829237	0.54809988	0.298236	0.15879923	0.03080248	0.00676139	0.00317948	0.00267722	0.00255293	1999116	142119252	16	67.20853554	82.33194914	91.46535416	99.33913219	100.3802715	73.39807958	60.3868976	40.9981417	9.98342508	0.86623249	0.10917571	0.27064707	0.13232788
1999116	142119152	17	0.82967285	1.12163584	1.2636192	1.25408612	0.95439246	0.51163715	0.27459838	0.14332877	0.02706326	0.00602429	0.00283103	0.00234644	0.00233979	1999116	142120193	17	65.76269044	80.77326065	90.06165155	97.77679654	98.08437787	70.90030038	57.95925353	38.605318	8.7869627	0.67619409	0.07905525	0.24684917	0.12724187
1999116	142120066	18	0.74319641	1.01140543	1.1452806	1.14316922	0.8668627	0.45681205	0.24189862	0.12536865	0.02352866	0.0054123	0.00256502	0.0021685	0.00211827	1999116	142121134	18	64.77448968	79.85132677	89.57272158	97.33822783	97.44047388	69.14457889	55.93601808	36.56149641	7.6641293	0.44035011	0.05731812	0.23045734	0.12435638
1999116	142120985	19	0.70448331	0.96226952	1.10002904	1.10252259	0.83695758	0.4379515	0.2295034	0.11796178	0.02191631	0.00515143	0.00245763	0.00213767	0.00203444	1999116	142122057	19	61.34650992	75.45536903	85.34248163	92.44273335	92.31578736	64.48444226	51.0708411	32.78842692	6.30776236	0.39409997	0.04107888	0.20925263	0.11527433
1999116	142121930	20	0.70411781	0.96404441	1.11591456	1.12188239	0.85606669	0.45050928	0.23533288	0.12088884	0.02216582	0.00523446	0.00248723	0.00219618	0.00204631	1999116	142123019	20	54.53804709	67.6424098	75.73892015	81.8134981	81.93559651	55.60293933	43.32102772	27.30866536	4.85110909	0.28238895	0.0298651	0.18137125	0.10328644
1999116	142122885	21	0.65554579	0.90416083	1.05136642	1.06350492	0.81214749	0.42115451	0.21845437	0.11111608	0.020302	0.00500341	0.00239197	0.00217683	0.00195438	1999116	142123971	21	53.2266879	65.75493483	74.80760034	80.74007373	80.00871733	53.93086751	41.40794233	25.66504506	4.24847483	0.2262535	0.02508505	0.17319484	0.09726458
1999116	142123830	22	0.60770711	0.84274402	0.99190836	1.00782628	0.76907032	0.39462395	0.20179097	0.10175207	0.01836278	0.00455133	0.00217949	0.00197833	0.00180751	1999116	142124937	22	53.81999347	67.21229658	76.7313933	83.27475091	82.8089214	55.05098856	42.38334758	25.85260469	4.06071602	0.20598057	0.02308663	0.17552171	0.10190558
1999116	142124803	23	0.58155983	0.80721735	0.95535541	0.97288068	0.74542434	0.38308542	0.19644635	0.09906808	0.01833247	0.0047043	0.00225301	0.00216662	0.00180709	1999116	142125880	23	48.77070369	60.65116254	69.80632453	75.36045183	74.50220648	48.83428399	36.6902212	21.95147053	3.17141763	0.15399946	0.01870393	0.15584756	0.08947838
1999116	142125745	24	0.53628464	0.75023917	0.90013123	0.92206907	0.70551836	0.35681529	0.17930949	0.08934167	0.01620163	0.00417448	0.0020023	0.00189361	0.00164666	1999116	142126791	24	57.27642353	71.98499964	85.60592488	94.22131925	94.22976549	61.21023758	45.59119836	27.09858657	3.61991002	0.16641327	0.02116023	0.19193365	0.11056511
1999116	142126705	25	0.52885392	0.74093232	0.89354224	0.91859985	0.70592066	0.35778389	0.17989695	0.08958577	0.01662975	0.00443689	0.00213571	0.00214668	0.00170094	1999116	142127790	25	47.10798447	59.49789692	69.47944769	75.7408554	75.03695394	47.08082714	34.44649974	19.94888612	2.45237443	0.12041093	0.01656923	0.15193502	0.08869276
1999116	142127646	26	0.49658193	0.70114299	0.85896067	0.88766375	0.68313466	0.34169345	0.16942986	0.08325609	0.01511652	0.00400437	0.00191861	0.00190278	0.00157614	1999116	142128756	26	49.93508886	63.32830892	75.60732024	83.08479071	81.94489347	51.36284584	37.45756611	21.49735416	2.52170748	0.12017512	0.01727628	0.16330669	0.09421976
1999116	142128627	27	0.45509024	0.6431188	0.79328825	0.82038922	0.63300264	0.31407948	0.15425796	0.07509247	0.01379885	0.00369418	0.00177499	0.00181021	0.00146484	1999116	142129703	27	45.48643786	57.84196949	69.1258223	75.92828442	75.33755807	46.63868924	33.72897663	19.07421879	2.12819452	0.10421546	0.01555615	0.14925588	0.08751589
1999116	142129567	28	0.42007293	0.59583733	0.73603257	0.76545431	0.58993531	0.2914631	0.14249778	0.06973175	0.01306067	0.00359794	0.00174264	0.00185964	0.00139783	1999116	142130602	28	40.92672619	52.01577413	62.26016606	68.11013979	67.22654397	40.86080384	29.01747486	16.08642232	1.67013473	0.08723935	0.01393032	0.1327101	0.07725853
1999116	142130479	29	0.39934573	0.57053826	0.71548973	0.74863847	0.57824365	0.28316037	0.13733199	0.06656646	0.01231457	0.00336744	0.00162554	0.00172506	0.00132766	1999116	142131504	29	44.60031728	57.17237875	70.30230165	77.97474968	77.54745534	46.99822007	33.29456427	18.33101843	1.80985055	0.09360462	0.0152875	0.15037759	0.08762096
1999116	142131390	30	0.39689213	0.56866882	0.72013454	0.75658829	0.58740982	0.28933498	0.14026638	0.0681821	0.01282672	0.00354964	0.00172099	0.00189906	0.00136977	1999116	142132346	30	36.4450464	46.9312121	56.74873553	62.37186603	61.58972764	35.92410749	24.82530003	13.28908719	1.19951154	0.07301025	0.01257359	0.11966254	0.07031921
1999116	142132307	31	0.3605782	0.51909167	0.66212189	0.69790102	0.54306586	0.26317072	0.12614332	0.06040222	0.01144476	0.00318045	0.00152704	0.00169425	0.00124655	1999116	142132463	31	35.95947984	46.51742053	57.27399228	63.27621054	62.40314331	36.03287264	24.60625395	12.94157399	1.08711392	0.06996506	0.01244387	0.11966014	0.06990094
1999116	142132447	32	0.33047379	0.4781553	0.61584404	0.65257132	0.50748269	0.24294592	0.11467796	0.05467529	0.01049596	0.00294539	0.00142574	0.00160518	0.00116099	1999116	142132975	32	35.45382624	46.04160209	57.77453563	64.21360311	63.3949933	36.15361796	24.34276497	12.58835407	1.01029581	0.06768046	0.01234599	0.12003106	0.06977252
1999116	142132914	33	0.31585536	0.46010573	0.60024812	0.64028713	0.49886275	0.23732537	0.11109811	0.05282068	0.01020214	0.00287043	0.00139539	0.0016021	0.00113052	1999116	142133472	33	34.89686406	45.61967052	57.86779293	64.63397462	63.78752119	35.78865632	23.79604017	12.09778806	0.90269998	0.06644155	0.01236726	0.11958214	0.06956005
1999116	142133438	34	0.30428383	0.44448647	0.58554883	0.62618114	0.49024797	0.23318461	0.1086893	0.05150634	0.01007249	0.00284194	0.00138377	0.00164492	0.00111534	1999116	142133825	34	33.21227181	43.51350712	55.7680175	62.42697112	61.45639482	34.13956907	22.50229942	11.28830129	0.78602703	0.06289097	0.01183984	0.114446	0.06631106
1999116	142133759	35	0.27770287	0.40635894	0.53746656	0.57625514	0.45182135	0.21335262	0.09869759	0.04661215	0.00925682	0.00262713	0.00128417	0.00156655	0.00103563	1999116	142134085	35	30.56615658	40.19491714	51.86631493	58.14182167	57.14928093	31.36474763	20.49853037	10.17872283	0.68620464	0.05801644	0.0109681	0.10595878	0.06140241
1999116	142134059	36	0.25347068	0.37304603	0.49746652	0.53676279	0.42119148	0.19686228	0.09041277	0.04251349	0.00846945	0.00239247	0.00117637	0.00145012	0.00095464	1999116	142134543	36	28.05157795	36.97511068	47.98648323	53.76026775	52.68133465	28.50444181	18.40572757	8.97923825	0.5744261	0.0529144	0.01013144	0.09737782	0.05620824
1999116	142134511	37	0.23500183	0.34753547	0.46922176	0.50924199	0.40053191	0.18588381	0.0846326	0.03964757	0.00794915	0.00222879	0.00110123	0.00137608	0.00089784	1999116	142134977	37	28.49718075	37.81607307	50.01566379	56.55157514	55.69601214	29.78304529	19.00464989	9.13463654	0.54685392	0.05462251	0.01056625	0.10176211	0.05876117
1999116	142134906	38	0.22854328	0.3391716	0.46214709	0.50429975	0.39828725	0.18504542	0.08389333	0.03935616	0.00803942	0.00227327	0.00113343	0.00148322	0.00090884	1999116	142135745	38	28.03412601	37.44287196	50.17001622	57.04551257	56.19576267	29.49825275	18.41634713	8.71961581	0.48315837	0.05436067	0.01065654	0.10166485	0.05866159
1999116	142135619	39	0.22248288	0.33205427	0.4576737	0.5023827	0.3987497	0.18500842	0.08367685	0.03918585	0.00810932	0.00229222	0.0011478	0.00155126	0.00091247	1999116	142136157	39	24.97286552	33.43972202	44.88477426	50.93345847	50.00755056	25.76581788	15.90430033	7.3544348	0.38783195	0.04854716	0.00958838	0.09041582	0.05214255
1999116	142136126	40	0.20123033	0.3021316	0.41971151	0.46259303	0.36826202	0.16922931	0.07583114	0.03530811	0.0074076	0.00208351	0.00104354	0.00142516	0.00086141	1999116	142136822	40	23.01062177	30.93071016	41.8542487	47.59065252	46.64971891	23.71408532	14.55527812	6.60547302	0.33472489	0.04506357	0.00895709	0.0840733	0.04833255
1999116	142136777	41	0.18222641	0.27410386	0.38395397	0.42570033	0.33954255	0.15491352	0.06882517	0.03202646	0.0067909	0.00190193	0.00095282	0.00131162	0.00076336	1999116	142137601	41	22.62089326	30.52481735	41.98942649	48.04823567	47.18103134	23.87573341	14.55460715	6.55581058	0.32009458	0.04488248	0.00898971	0.08445488	0.04839194
1999116	142137542	42	0.17067486	0.25952692	0.36677021	0.40892854	0.32749908	0.14952004	0.06637808	0.03093862	0.00665471	0.00186932	0.0009446	0.00133922	0.00074105	1999116	142138244	42	21.06490192	28.60311134	39.53626565	45.34850398	44.5117767	22.10772803	13.23612883	5.89626673	0.27672684	0.04248657	0.00848199	0.07938023	0.04562558
1999116	142138211	43	0.15916139	0.2431538	0.34753532	0.39043499	0.31395576	0.14267532	0.06292235	0.02925072	0.00635377	0.00177181	0.00090477	0.00131892	0.00071026	1999116	142138854	43	19.69261093	26.78648461	37.47549571	43.05139503	42.15302083	20.62223314	12.16848322	5.2936626	0.234097	0.03986132	0.00801495	0.07477904	0.04267698
1999116	142138762	44	0.14912707	0.22891418	0.3312434	0.37449575	0.30267845	0.13710208	0.06018433	0.02795012	0.00615471	0.00170438	0.00088385	0.00134378	0.00068779	1999116	142139512	44	19.15591003	26.29761079	37.25332498	43.0857407	42.2062444	20.28444061	11.82814742	5.06168695	0.21284175	0.03974365	0.00798511	0.07424501	0.04242607
1999116	142139354	45	0.13532206	0.20836366	0.30373635	0.34539738	0.28013301	0.12590322	0.0547824	0.02540519	0.00571707	0.00158898	0.00084173	0.00134102	0.00064947	1999116	142140428	45	17.45664793	24.00754508	34.3118347	39.68495375	38.77736545	18.30294904	10.4717984	4.37622684	0.17440908	0.03642105	0.00733413	0.06802124	0.03873088
1999116	142140299	46	0.12470389	0.19324928	0.28487705	0.32668131	0.26600106	0.11891856	0.05130783	0.02379665	0.00543841	0.00150224	0.00080952	0.00131886	0.00061627	1999116	142141389	46	17.31844393	23.99037623	34.98215987	40.84697404	40.03924298	18.7084596	10.58832128	4.3752285	0.16613984	0.03697173	0.00753054	0.06965492	0.0395163
1999116	142141244	47	0.11917177	0.18356447	0.27828591	0.32242437	0.26422971	0.11818273	0.05090007	0.02364164	0.00546917	0.001506	0.00083181	0.00140602	0.00061733	1999116	142142239	47	16.32496862	22.72327622	33.35614663	39.05500379	38.26918608	17.63228465	10.17664573	4.01904439	0.14824164	0.03543773	0.00727713	0.06653534	0.03773326
1999116	142142183	48	0.11018948	0.16986683	0.26040144	0.30364443	0.25055674	0.11192172	0.04809593	0.02230531	0.00523143	0.00144092	0.00081723	0.00143441	0.00059499	1999116	142142600	48	15.04857145	21.0124163	31.0619805	36.41911049	35.61663125	16.22997409	10.80557515	3.62373494	0.130968	0.03302607	0.00683582	0.06193287	0.03503268
1999116	142142553	49	0.09806512	0.15131991	0.23336576	0.2740431	0.2271325	0.10114273	0.04321102	0.02006269	0.00476294	0.00131144	0.00076824	0.00139899	0.0005505	1999116	142143436	49	13.81984093	19.32449451	28.78560063	33.79286592	33.01799378	14.87447564	8.1770492	3.24029633	0.11462527	0.0305651	0.00636688	0.05733667	0.03234142
1999116	142143288	50	0.08998683	0.13931073	0.21726571	0.25741463	0.21464447	0.09568453	0.04080104	0.01898428	0.00454239	0.00124614	0.00076765	0.00146143	0.0005336	1999116	142143890	50	13.29679011	18.69479751	28.27667372	33.41821277	32.68230176	14.57827059	8.26696149	3.10648886	0.1065469	0.03001529	0.00632956	0.05647747	0.03174855
1999116	142143877	51	0.0831503	0.12918567	0.20320478	0.2437784	0.20412082	0.09124896	0.0387932	0.01807085	0.00437493	0.0011994	0.00079192	0.00160745	0.00053413	1999116	142143987	51	12.80521532	18.13698373	27.8562936	33.17279563	32.50067322	14.31351693	8.42725798	2.97215744	0.09858116	0.02965807	0.00632262	0.0558783	0.03135975
1999116	142143973	52	0.07680453	0.11983576	0.18960245	0.23129521	0.19379578	0.08710223	0.03688647	0.0172005	0.00421991	0.00116466	0.00083605	0.00179792	0.00054628	1999116	142144806	52	11.98696333	17.09441174	26.65951524	31.95283917	31.33413464	13.56955231	7.44092604	2.72213012	0.08700104	0.02842093	0.00611534	0.05368275	0.0300172
1999116	142144666	53	0.07050285	0.11050616	0.17695865	0.218466	0.18416546	0.08277373	0.03488439	0.01625732	0.00405093	0.00111688	0.00088387	0.00201961	0.00056359	1999116	142145735	53	10.95981343	15.69579399	24.76156435	29.78605487	29.17035701	12.4063342	6.513914	2.39226406	0.07439318	0.02645587	0.00580924	0.0500335	0.02782554
1999116	142145611	54	0.06378608	0.10027538	0.16239004	0.20237598	0.1718945	0.07695276	0.0321752	0.01497862	0.0037805	0.00103811	0.00090408	0.00218502	0.00057249	1999116	142146058	54	10.19931196	14.67881302	23.49488516	28.47620603	27.9391628	11.7552652	6.09745677	2.21358868	0.06747372	0.02520164	0.00583041	0.04823283	0.02654119
1999116	142146047	55	0.05822272	0.09179919	0.15005105	0.18817686	0.16123276	0.07205051	0.02997581	0.01396348	0.00355986	0.0009807	0.0009145	0.002299	0.00057626	1999116	142146135	55	9.44440005	13.67397557	22.19705801	27.13539771	26.70212561	11.11294747	5.70961477	2.04898071	0.06139204	0.02397999	0.0059019	0.04658077	0.02531288
1999116	142146124	56	0.05293654	0.08369995	0.1380403	0.17370007	0.15051911	0.06712342	0.0277938	0.01294239	0.00334568	0.00092002	0.00090137	0.00234221	0.00057023	1999116	142146713	56	8.5893504	12.46890868	20.49732524	25.21489052	24.83446656	10.22592935	5.1412515	1.83822924	0.05442948	0.02224945	0.00587001	0.04394568	0.02353741
1999116	142146578	57	0.04781857	0.07582564	0.12626517	0.1599421	0.1400395	0.06225258	0.02561028	0.01191818	0.00310632	0.00084838	0.00086794	0.00229828	0.00054606	1999116	142147692	57	8.15979342	11.89079996	19.91188596	24.75258044	24.47732961	10.03734487	4.88682937	1.7762479	0.0513859	0.0216145	0.0061444	0.04389608	0.02306462
1999116	142147543	58	0.044329	0.07049074	0.11857297	0.15152778	0.13386841	0.05952836	0.02436123	0.01133224	0.00297999	0.00081174	0.00085254	0.00228792	0.0005295	1999116	142148687	58	7.83136378	11.48452117	19.57209356	24.63210265	24.50686598	9.98575239	4.78476292	1.73919232	0.04929802	0.02142769	0.00647753	0.04435676	0.0230103
1999116	142148544	59	0.04149412	0.06617813	0.1124678	0.14489527	0.12881178	0.05737049	0.02342066	0.01088825	0.0029027	0.00079342	0.00085859	0.00233972	0.00052326	1999116	142149060	59	7.14100086	10.51719764	18.11033167	22.97323391	22.93645519	9.24723181	18.36404465	1.57538417	0.04421991	0.02000098	0.00630531	0.04184409	0.02151283
1999116	142149043	60	0.03756556	0.06000069	0.1027399	0.13348241	0.11937651	0.05306579	0.02154465	0.01000939	0.00270421	0.00073813	0.00082471	0.00228688	0.00049843	1999116	142149181	60	6.38922959	9.4361442	16.42236171	20.97887335	20.99823792	8.37049108	42.93234553	1.39069769	0.03861457	0.01825909	0.00594438	0.03848263	0.01963904
1999116	142149161	61	0.03369187	0.05393621	0.09313218	0.12218516	0.1101653	0.04883776	0.01968737	0.00913966	0.00248649	0.00067775	0.0007859	0.00221187	0.00046999	1999116	142149334	61	5.81378289	8.61128099	15.18297898	19.54776195	19.62142978	7.74982542	23.53264265	1.25523269	0.03485036	0.01695036	0.00562362	0.03597586	0.01823625
1999116	142149313	62	0.03059789	0.04910818	0.08564587	0.11344402	0.10320325	0.04568925	0.01829222	0.00848763	0.00232517	0.00063242	0.00075928	0.00216719	0.00044757	1999116	142149399	62	5.3819881	8.00207828	14.28670394	18.55666515	18.70143451	7.32025091	23.0432527	1.15447498	0.03195402	0.01608537	0.00545853	0.03437119	0.01728009
1999116	142149389	63	0.02792168	0.04489142	0.07893707	0.10542324	0.09660442	0.04270604	0.01699955	0.00788067	0.00217938	0.00059245	0.00074283	0.00215211	0.00043189	1999116	142149464	63	4.97208495	7.42598154	13.44235241	17.63262499	17.85169584	6.91948589	26.5808925	1.05884306	0.02917167	0.01529118	0.00532112	0.03291138	0.01639434
1999116	142149454	64	0.02531813	0.04077487	0.07231996	0.09744844	0.08996519	0.0397008	0.01570695	0.00727278	0.00203447	0.00055308	0.00072864	0.00214396	0.00041784	1999116	142149727	64	4.53949475	6.80320105	12.48841433	16.52920568	16.79895935	6.44823562	30.74072874	0.96927567	0.02655226	0.01419949	0.00511483	0.03104071	0.01532904
1999116	142149695	65	0.02281736	0.03682577	0.06593804	0.08974541	0.083627	0.03683391	0.0144633	0.00669311	0.00188678	0.00051248	0.00071791	0.00214838	0.00040508	1999116	142149885	65	4.1994809	6.31912248	11.77130875	15.74504168	16.08822261	6.1337509	36.16387644	0.90753407	0.02448968	0.01339197	0.0049373	0.02970456	0.01457678
1999116	142149872	66	0.02072632	0.0335631	0.0607068	0.0835069	0.07857604	0.03459552	0.01350143	0.00624426	0.00176746	0.00048177	0.00073326	0.00225329	0.0004112	1999116	142149983	66	3.93489146	5.95475078	11.2611766	15.24853666	15.68756459	5.94319169	39.86664887	0.8665224	0.02321281	0.01292936	0.00486144	0.02892906	0.0141259
1999116	142149969	67	0.01891433	0.03070949	0.05616488	0.07806566	0.07401405	0.03260274	0.01267527	0.00585257	0.00167162	0.00045657	0.00076218	0.00240212	0.00042427	1999116	142150414	67	3.55312325	5.38755034	10.27298568	14.0109391	14.46438234	5.43486035	43.22427415	0.77418548	0.02096595	0.01186157	0.004662	0.02696275	0.0129955
1999116	142150391	68	0.01685983	0.02737993	0.05047394	0.07081017	0.0677406	0.02979849	0.01150202	0.00531097	0.00152628	0.0004171	0.00077493	0.00248728	0.00043294	1999116	142150847	68	3.23998584	4.92002119	9.48885102	13.05685069	13.55156789	5.06714349	47.06437896	0.70790617	0.01925745	0.01099897	0.00456514	0.02566439	0.01216614
1999116	142150833	69	0.01503779	0.02444166	0.04541849	0.06435816	0.06218669	0.02730607	0.01044987	0.0048294	0.00139632	0.00038135	0.00078292	0.00255142	0.00044169	1999116	142150941	69	3.02096279	4.610213	9.02106332	12.56907314	13.15867529	4.90796139	52.62800566	0.6785457	0.01829785	0.01054311	0.00472795	0.02546842	0.01182628
1999116	142150927	70	0.01375283	0.02244491	0.04223943	0.0605245	0.05896684	0.02587157	0.00984874	0.00455345	0.00133009	0.00036273	0.00078955	0.00257614	0.00044696	1999116	142151172	70	2.76437551	4.2341601	8.38107854	11.80489116	12.45487065	4.62514822	46.08206277	0.63134112	0.01698066	0.00989727	0.00485487	0.024865	0.01125576
1999116	142151105	71	0.01241128	0.02033921	0.03877791	0.05622687	0.05518547	0.02415445	0.00913882	0.00422175	0.00124762	0.0003383	0.00077574	0.00253419	0.00044392	1999116	142151582	71	2.44702433	3.74798759	7.46106051	10.57667914	11.22036583	4.13712055	22.85161401	0.55346317	0.01504648	0.00887135	0.00473366	0.02312901	0.01017891
1999116	142151539	72	0.01094695	0.01794383	0.03452875	0.05051918	0.0499091	0.0216819	0.00808716	0.00374412	0.001118	0.00030022	0.00068547	0.00223133	0.00039721	1999116	142152003	72	2.17890599	3.34140533	6.72339811	9.62504931	10.29061965	3.77437932	24.69723886	0.49471813	0.01349123	0.00804024	0.00472799	0.02188297	0.00939116
1999116	142151883	73	0.00979896	0.01613213	0.03144822	0.04645748	0.04622298	0.01991953	0.00732411	0.00338676	0.00102123	0.0002736	0.00060038	0.00193569	0.00034568	1999116	142152385	73	1.98969935	3.05991118	6.24014164	9.04273682	9.76437722	3.57008497	17.82736854	0.46135573	0.01257321	0.00753728	0.00472315	0.02108486	0.00889346
1999116	142152374	74	0.00899695	0.01488976	0.02947007	0.04395064	0.04395776	0.01881998	0.00685289	0.00316168	0.00096753	0.00025721	0.00054004	0.00173394	0.00031189	1999116	142152461	74	1.82480474	2.81395507	5.81815736	8.53815246	9.31524694	3.39613391	5.94898351	0.43266833	0.01167646	0.00708126	0.00464569	0.0202129	0.00844233
1999116	142152451	75	0.0083084	0.01382709	0.02776273	0.04177037	0.04191699	0.01782817	0.00642253	0.0029623	0.00091845	0.00024439	0.00048504	0.00155533	0.00028079	1999116	142152975	75	1.64327728	2.53985083	5.31199236	7.88262108	8.6806021	3.15083956	1.38475929	0.39522269	0.01072152	0.00650627	0.00442082	0.01881305	0.00782799
1999116	142152842	76	0.00758519	0.01270029	0.02586275	0.03927278	0.03958573	0.01669608	0.00593357	0.00274038	0.00085508	0.00022715	0.00042602	0.00136442	0.00024809	1999116	142153915	76	1.45754809	2.25365769	4.75107148	7.1097626	7.89033471	2.85113192	1.24265828	0.3520955	0.00963592	0.00586472	0.0039386	0.01684008	0.00705852
1999116	142153790	77	0.00688025	0.01156281	0.0238702	0.03655379	0.03698801	0.01546535	0.00541963	0.0025059	0.00078851	0.00020866	0.0003651	0.00116471	0.00021176	1999116	142154185	77	1.3158628	2.03624667	4.33772844	6.55056001	7.32584484	2.64368734	1.14760266	0.32279463	0.00882894	0.00538551	0.00354792	0.01533949	0.00647372
1999116	142154144	78	0.00629021	0.01062308	0.02221462	0.03428963	0.03482225	0.01446045	0.00500972	0.00231892	0.00073625	0.00019248	0.00031722	0.00100293	0.00018145	1999116	142155105	78	1.20169927	1.8655299	4.01757026	6.12895453	6.9126515	2.49156271	1.07758793	0.30132637	0.00820693	0.00501393	0.00322707	0.01411178	0.00600838
1999116	142154991	79	0.00578497	0.00981931	0.02080424	0.03236891	0.03298124	0.01361341	0.00466405	0.002162	0.00068542	0.00018013	0.00028245	0.00088964	0.00016272	1999116	142156022	79	1.09909816	1.70841814	3.71667544	5.72048039	6.4983546	2.33488611	1.00415702	0.27849153	0.00757284	0.00466882	0.00287347	0.01290444	0.00558024
1999116	142155904	80	0.00533418	0.0091089	0.01955466	0.03066077	0.03133337	0.01284559	0.00435476	0.0020214	0.00064737	0.00017042	0.00025874	0.0008083	0.0001485	1999116	142156968	80	1.0036866	1.56337395	3.43602358	5.33147134	6.09348271	2.17598082	0.93142526	0.25488797	0.00716972	0.00433065	0.00253687	0.0117075	0.00540028
1999116	142156849	81	0.00490963	0.00842108	0.01832134	0.02895356	0.02965854	0.01206477	0.00403085	0.00187525	0.00060532	0.00015871	0.00023281	0.00072527	0.0001348	1999116	142157743	81	0.92027372	1.43030998	3.18024717	4.98006222	5.72788928	2.03326739	0.86494263	0.23336637	0.00658803	0.00401206	0.00226746	0.01073606	0.00486331
1999116	142157616	82	0.0045041	0.00777914	0.01717656	0.0273626	0.0280907	0.01132506	0.00374187	0.0017468	0.00056207	0.00014749	0.0002097	0.00065073	0.00012203	1999116	142158659	82	0.84041718	1.30955159	2.94946699	4.66276701	5.39625655	1.90232032	0.80358346	0.21405225	0.00596844	0.00374058	0.00204637	0.00989354	0.00445335
1999116	142158517	83	0.00414801	0.00720501	0.0161619	0.02594093	0.02668014	0.01065304	0.00346605	0.00162004	0.00053274	0.00013958	0.00018884	0.00058331	0.00011043	1999116	142159565	83	0.76057979	1.18681545	2.69791963	4.29621629	4.9998609	1.74837609	0.73153096	0.19187497	0.00542737	0.00344344	0.00182595	0.00899781	0.00410261
1999116	142159435	84	0.00380616	0.00665167	0.01514438	0.02448983	0.0252122	0.00995969	0.00319316	0.00149593	0.00049287	0.00012764	0.00016489	0.00050718	0.00009683	1999116	142200515	84	0.69177357	1.08414262	2.4938515	4.0068167	4.68953717	1.62859347	0.67396401	0.1746245	0.0049892	0.00319329	0.00166585	0.00829744	0.00380669
1999116	142200362	85	0.00351556	0.00617827	0.01428183	0.02325814	0.02397318	0.00937256	0.00295496	0.00139573	0.00046266	0.00011965	0.00014385	0.00043934	0.00008501	1999116	142201102	85	0.64232375	1.01144532	2.36106177	3.83535215	4.51850941	1.56346953	0.64295403	0.16502445	0.00468377	0.0030374	0.00155926	0.00785507	0.00362814
1999116	142201065	86	0.00328342	0.00582193	0.013653	0.0223718	0.02306662	0.00894822	0.0027881	0.00132133	0.00045127	0.00011394	0.00013116	0.00039408	0.00007726	1999116	142201859	86	0.59109303	0.92836917	2.20099794	3.60740288	4.27792076	1.4726405	0.60331518	0.15314472	0.00401488	0.00282394	0.00141826	0.00726847	0.00340705
1999116	142201721	87	0.00304263	0.00542891	0.0129273	0.02128646	0.02193337	0.0084352	0.00259788	0.00123495	0.00041946	0.00010784	0.00011678	0.00035133	0.00006967	1999116	142202779	87	0.53721723	0.84066658	2.01670586	3.32738083	3.96398122	1.35574417	0.55216857	0.13864584	0.0040644	0.00262514	0.00123185	0.00659754	0.00313044
1999116	142202653	88	0.00279757	0.00501979	0.01209228	0.02002963	0.02063562	0.00785985	0.00238204	0.00114025	0.00038375	0.00009943	0.00010384	0.00031053	0.00006001	1999116	142203690	88	0.48776268	0.76479157	1.8497591	3.07322859	3.67560119	1.24913953	0.50405553	0.12517151	0.00369595	0.00241162	0.00108975	0.00597936	0.00286334
1999116	142203570	89	0.00258642	0.00465273	0.01137854	0.01894847	0.01952411	0.00736013	0.0021956	0.00106332	0.0003624	0.00009348	0.00009308	0.00027476	0.00005527	1999116	142204684	89	0.44806255	0.70621963	1.72881028	2.89473273	3.47718177	1.17472429	0.46921833	0.11520344	0.00340791	0.00223919	0.00098852	0.00553751	0.00268012
1999116	142204487	90	0.00240792	0.00437198	0.01083881	0.01816881	0.01872275	0.00699716	0.00205442	0.0010019	0.00034459	0.00008748	0.00008373	0.00024902	0.00005015	1999116	142205606	90	0.42020801	0.66667402	1.65691385	2.80084843	3.38203218	1.13581587	0.44994415	0.10928626	0.0032661	0.00216021	0.00093661	0.00528784	0.00258699
1999116	142205497	91	0.0022624	0.00414605	0.01043704	0.01759594	0.0181272	0.00671414	0.0019487	0.00095058	0.00032867	0.00008408	0.0000788	0.00023113	0.00004617	1999116	142206546	91	0.39314223	0.62548487	1.57418643	2.68215866	3.25314687	1.08392393	0.42639839	0.10215498	0.00311494	0.0020605	0.00084528	0.00498262	0.00245883
1999116	142206413	92	0.00211512	0.00391354	0.01001884	0.01695519	0.01744369	0.00639936	0.00183099	0.00090161	0.00031357	0.00008043	0.00007119	0.00021019	0.00004184	1999116	142207288	92	0.36214443	0.57720078	1.46575573	2.51570153	3.06150534	1.01138403	0.39428437	0.09312015	0.0029714	0.00193574	0.00075688	0.00462832	0.00229699
1999116	142207163	93	0.00196697	0.00366588	0.00952019	0.01618599	0.01662927	0.0060355	0.0016979	0.00084335	0.00029685	0.00007596	0.00006321	0.0001859	0.00003835	1999116	142208199	93	0.33172435	0.5302474	1.36008094	2.35221075	2.87173504	0.94185993	0.36336736	0.08471107	0.00260458	0.0017827	0.0006975	0.00429049	0.0021398
1999116	142208074	94	0.00182526	0.00341964	0.00903034	0.01542853	0.01583261	0.00568589	0.00156565	0.00078741	0.00027477	0.00006967	0.00005675	0.00016625	0.00003455	1999116	142209091	94	0.30249589	0.48523815	1.25793837	2.19055004	2.68480844	0.87349653	0.3334844	0.07674238	0.00237953	0.00164105	0.00063394	0.00395023	0.00197453
1999116	142209039	95	0.00168675	0.00318675	0.00855646	0.01470092	0.0150596	0.00533666	0.00144827	0.00073153	0.00025723	0.00006677	0.00004982	0.00014478	0.00002992	1999116	142209878	95	0.27987024	0.45067009	1.17956768	2.06641039	2.5394955	0.82043984	0.3101142	0.0705818	0.00224047	0.00155559	0.00060027	0.00368904	0.00187259
1999116	142209752	96	0.00157836	0.00299781	0.00816685	0.01409714	0.01443598	0.00506981	0.0013488	0.00069587	0.00024033	0.00006405	0.00004428	0.00012656	0.00002726	1999116	142210795	96	0.26135757	0.42330819	1.12351878	1.98348365	2.44422918	0.7841801	0.29358927	0.06608317	0.0020948	0.00147127	0.00053379	0.00349805	0.00176259
1999116	142210677	97	0.00148155	0.00283803	0.00785231	0.01361521	0.01392943	0.00484224	0.00127131	0.00065643	0.00023247	0.00005932	0.00003841	0.00011101	0.0000236	1999116	142211714	97	0.24526594	0.3990863	1.07357096	1.90998992	2.3599174	0.7513514	0.27882745	0.06204804	0.00201299	0.00141521	0.00050591	0.0033404	0.00170413
1999116	142211579	98	0.0013899	0.00269049	0.00756189	0.0131772	0.01346366	0.00464013	0.00120236	0.00062624	0.00022196	0.00005603	0.00003286	0.00009701	0.00002184	1999116	142212642	98	0.22767741	0.37170701	1.01105822	1.81025234	2.24196863	0.70720182	0.25975635	0.05698826	0.00185602	0.00132662	0.00043881	0.00310914	0.00159501
1999116	142212509	99	0.00130115	0.00253611	0.0072317	0.01267326	0.01292668	0.00441795	0.00111974	0.00059078	0.0002141	0.00005566	0.00002854	0.00008536	0.00001917	1999116	142213561	99	0.21034845	0.34439078	0.94602401	1.70133191	2.11086572	0.65919207	0.23919549	0.05174059	0.00173235	0.00122604	0.0004043	0.00289717	0.00150531
1999116	142213429	100	0.00121345	0.00237827	0.00688925	0.0121285	0.012366	0.00418196	0.00103742	0.0005557	0.0001957	0.00005275	0.00002475	0.00007263	0.00001591	1999116	142214270	100	0.19553979	0.32163811	0.89690711	1.6154317	2.005906	0.62078607	0.22264495	0.04760776	0.00166941	0.0012378	0.00035892	0.00271931	0.00142681
1999116	142214227	101	0.00112935	0.00223565	0.00657494	0.01164533	0.01186909	0.00397094	0.00097951	0.00052836	0.00018578	0.00004973	0.00002158	0.000063	0.0000146	1999116	142214977	101	0.18436717	0.30539662	0.86262414	1.56702428	1.94871537	0.59828654	0.21243154	0.04495107	0.00151002	0.00109679	0.00033182	0.00257635	0.00134346
1999116	142214904	102	0.00105871	0.00212529	0.00633371	0.01126733	0.01148547	0.00381521	0.00092507	0.00050562	0.00017937	0.00004674	0.00001965	0.00005832	0.00001364	1999116	142215811	102	0.17358013	0.28859554	0.82496596	1.50925733	1.879153	0.57234229	0.20163358	0.042178	0.00145001	0.00106739	0.00029514	0.00245227	0.00129512
1999116	142215750	103	0.00099159	0.00200593	0.00607446	0.01086255	0.01105987	0.00364964	0.00087003	0.00047494	0.00017083	0.00004404	0.00001578	0.00005218	0.00001227	1999116	142216431	103	0.16112144	0.268574	0.77610634	1.42471931	1.77474675	0.53562453	0.18674092	0.03861204	0.00136984	0.00098367	0.00028255	0.0022956	0.00122567
1999116	142216297	104	0.00091811	0.00187176	0.00576458	0.01035676	0.01053727	0.00344131	0.0008031	0.00044782	0.00016139	0.00004107	0.00001358	0.00004565	0.00000973	1999116	142217342	104	0.14905144	0.24934562	0.72826011	1.34204929	1.67218985	0.49929219	0.17190896	0.03505075	0.0012356	0.00091706	0.00023527	0.00211312	0.0011144
1999116	142217234	105	0.00085207	0.00174885	0.0054633	0.00987194	0.01004561	0.00325133	0.00073342	0.00041798	0.00014715	0.00003688	0.00001016	0.00003907	0.00000824	1999116	142217864	105	0.13861811	0.23332054	0.68978302	1.27841234	1.59400956	0.47059355	0.15982296	0.03223314	0.00119418	0.00087643	0.00021742	0.00201978	0.00107762
1999116	142217818	106	0.00079238	0.00164506	0.005207	0.00946177	0.00962556	0.00308413	0.00068444	0.00039125	0.0001438	0.00003654	0.00000894	0.00003408	0.00000649	1999116	142218368	106	0.13007243	0.22037064	0.66162147	1.23433582	1.53989486	0.44978975	0.15083812	0.03000035	0.00112654	0.00083011	0.0002011	0.00191427	0.0010333
1999116	142218296	107	0.00073625	0.00155101	0.00499115	0.00911857	0.0092839	0.0029458	0.00064514	0.00037152	0.00013299	0.00003525	0.00000727	0.00002995	0.00000562	1999116	142218702	107	0.12243204	0.20871644	0.63630632	1.19389497	1.49006491	0.43052858	0.14266066	0.02795296	0.00108364	0.00077904	0.0001797	0.00182639	0.00098403
1999116	142218679	108	0.00068332	0.00144955	0.00478841	0.00880543	0.00896431	0.00282266	0.00059554	0.00035418	0.00012337	0.00003438	0.00000635	0.00002655	0.00000481	1999116	142218985	108	0.11494057	0.19696222	0.60904405	1.14838048	1.43390243	0.40961089	0.1340544	0.02593506	0.00103942	0.00075579	0.00016025	0.00173229	0.0009359
1999116	142218859	109	0.00064156	0.00137068	0.00458418	0.00848661	0.00863919	0.00269258	0.00055693	0.00033491	0.00011548	0.00003186	0.00000538	0.00002308	0.00000557	1999116	142219173	109	0.10929214	0.18782963	0.58569138	1.10880003	1.38361778	0.39240728	0.1274299	0.02450807	0.00097956	0.00074487	0.00015735	0.00169673	0.00091561
1999116	142219172	110	0.00060102	0.00130359	0.00440362	0.00820598	0.00834899	0.00257303	0.00052649	0.0003279	0.00010691	0.00002917	0.00000391	0.00001903	0.00000498	1999116	142219184	110	0.10475035	0.18036446	0.56602762	1.07440965	1.34081509	0.37835778	0.12223868	0.02341278	0.00093909	0.0007171	0.00014858	0.00163494	0.00088341
1999116	142219182	111	0.00057457	0.00125329	0.00426523	0.00797186	0.0081094	0.0024876	0.00050161	0.00031505	0.00010172	0.00002791	0.00000306	0.00001706	0.00000429	1999116	142219194	111	0.10020853	0.17289924	0.54636379	1.04001915	1.29801226	0.36430821	0.11704742	0.02231749	0.00089862	0.00068932	0.00013981	0.00157314	0.00085121
1999116	142219193	112	0.00054823	0.00120312	0.004127	0.00773793	0.00787003	0.00240232	0.00047675	0.00030213	0.00009653	0.00002665	0.00000221	0.0000151	0.0000036	1999116	142219204	112	0.09566667	0.16543396	0.52669986	1.00562854	1.25520928	0.35025856	0.11185611	0.02122218	0.00085815	0.00066154	0.00013104	0.00151134	0.00081901
1999116	142219203	113	0.0005219	0.00115294	0.00398877	0.00750399	0.00763066	0.00231705	0.00045189	0.00028921	0.00009135	0.0000254	0.00000136	0.00001314	0.00000291	1999116	142219215	113	0.09112475	0.15796861	0.50703583	0.97123778	1.21240613	0.33620882	0.10666476	0.02012686	0.00081768	0.00063377	0.00012228	0.00144955	0.00078681
1999116	142219213	114	0.00049557	0.00110276	0.00385054	0.00727005	0.00739129	0.00223178	0.00042703	0.00027629	0.00008617	0.00002414	0.00000046	0.00001118	0.00000222	1999116	142219225	114	0.08658278	0.15050318	0.48737168	0.93684688	1.16960279	0.32215898	0.10147334	0.01903152	0.00077721	0.00060599	0.00011351	0.00138775	0.00075461
1999116	142219223	115	0.00046923	0.00105258	0.0037123	0.00703611	0.00715192	0.00214651	0.00040217	0.00026337	0.00008098	0.00002289	0.00000006	0.00000922	0.00000153	1999116	142219235	115	0.08204075	0.14303766	0.46770741	0.9024558	1.12679923	0.30810902	0.09628185	0.01793616	0.00073673	0.00057821	0.00010474	0.00132595	0.00072241
1999116	142219234	116	0.0004429	0.0010024	0.00357407	0.00680217	0.00691255	0.00206123	0.0003773	0.00025045	0.0000758	0.00002163	0	0.00000726	0.00000083	1999116	142219246	116	0.07749864	0.13557203	0.44804298	0.86806453	1.08399545	0.29405893	0.09109028	0.01684077	0.00069626	0.00055043	0.00009597	0.00126415	0.0006902
1999116	142219244	117	0.00041656	0.00095222	0.00343583	0.00656823	0.00667317	0.00197596	0.00035244	0.00023753	0.00007061	0.00002037	0	0.00000529	0.00000022	1999116	142219256	117	0.07295643	0.12810628	0.4283784	0.83367305	1.0411914	0.28000868	0.08589862	0.01574535	0.00065578	0.00052265	0.0000872	0.00120235	0.000658
1999116	142219254	118	0.00039023	0.00090204	0.0032976	0.00633429	0.0064338	0.00189069	0.00032758	0.0002246	0.00006543	0.00001912	0	0.00000331	0	1999116	142219266	118	0.06841412	0.12064038	0.40871362	0.79928132	0.99838705	0.26595826	0.08070684	0.0146499	0.00061531	0.00049487	0.00007842	0.00114055	0.0006258
1999116	142219265	119	0.00036389	0.00085185	0.00315936	0.00610035	0.00619442	0.00180541	0.00030271	0.00021168	0.00006025	0.00001786	0	0.00000125	0	1999116	142219276	119	0.06387167	0.1131743	0.38904862	0.76488933	0.95558236	0.25190762	0.07551492	0.0135544	0.00057483	0.00046709	0.00006965	0.00107874	0.0005936
1999116	142219275	120	0.00033755	0.00080167	0.00302112	0.0058664	0.00595504	0.00172013	0.00027785	0.00019876	0.00005506	0.00001661	0	0.00000016	0	1999116	142219287	120	0.05932906	0.10570801	0.36938337	0.73049701	0.91277729	0.23785675	0.07032283	0.01245884	0.00053436	0.00043931	0.00006088	0.00101694	0.00056139
1999116	142219285	121	0.00031121	0.00075148	0.00288288	0.00563246	0.00571567	0.00163486	0.00025298	0.00018584	0.00004988	0.00001535	0	0	0	1999116	142219297	121	0.05478624	0.09824145	0.34971781	0.69610434	0.86997178	0.22380558	0.06513054	0.01136321	0.00049388	0.00041153	0.0000521	0.00095514	0.00052919
1999116	142219296	122	0.00028487	0.0007013	0.00274464	0.00539851	0.00547629	0.00154958	0.00022811	0.00017291	0.00004469	0.00001409	0	0	0	1999116	142219307	122	0.05024316	0.09077456	0.33005191	0.66171125	0.82716575	0.20975406	0.05993797	0.01026748	0.00045339	0.00038375	0.00004332	0.00089333	0.00049698
1999116	142219306	123	0.00025853	0.00065111	0.0026064	0.00516456	0.0052369	0.0014643	0.00020324	0.00015999	0.0000395	0.00001284	0	0	0	1999116	142219318	123	0.04569974	0.08330726	0.31038559	0.62731768	0.78435913	0.19570212	0.05474507	0.00917161	0.00041291	0.00035597	0.00003453	0.00083152	0.00046478
1999116	142219316	124	0.00023218	0.00060092	0.00246815	0.00493061	0.00499752	0.00137902	0.00017836	0.00014706	0.00003432	0.00001158	0	0	0	1999116	142219328	124	0.04115909	0.07584453	0.29073043	0.59294298	0.7415757	0.1816582	0.04955528	0.00807638	0.00037245	0.00032818	0.00002572	0.00076975	0.00043258
1999116	142219327	125	0.00020583	0.00055073	0.00232991	0.00469666	0.00475813	0.00129373	0.00015348	0.00013414	0.00002913	0.00001033	0	0	0	1999116	142219352	125	0.03782953	0.07031804	0.27553734	0.56603115	0.70796456	0.17087159	0.04571073	0.00729	0.00034285	0.00030083	0.00001475	0.00072392	0.00040301
1999116	142219347	126	0.00018522	0.00050948	0.00221199	0.00449359	0.0045511	0.00122229	0.00013263	0.00012459	0.00002582	0.0000093	0	0	0	1999116	142219389	126	0.0356138	0.06657858	0.26449939	0.54608916	0.68292001	0.16310905	0.0431052	0.00678558	0.00032323	0.00027385	0.00000356	0.00069287	0.00037588
1999116	142219384	127	0.00017315	0.0004817	0.00212498	0.00433763	0.00439343	0.00117187	0.00011773	0.00012012	0.00002532	0.00000863	0	0	0	1999116	142219426	127	0.03339801	0.06283905	0.25346137	0.52614708	0.65787533	0.15534642	0.04049961	0.00628113	0.00030362	0.00024688	0	0.00066183	0.00034874
1999116	142219421	128	0.00016128	0.00045424	0.0020387	0.00418276	0.00423691	0.00112194	0.00010296	0.00011578	0.00002488	0.00000796	0	0	0	1999116	142219464	128	0.03118215	0.05909944	0.24242325	0.50620488	0.63283052	0.14758369	0.03789396	0.00577666	0.00028401	0.00021991	0	0.00063078	0.00032161
1999116	142219458	129	0.00014942	0.00042678	0.00195241	0.0040279	0.00408039	0.00107201	0.00008818	0.00011143	0.00002445	0.0000073	0	0	0	1999116	142219502	129	0.02905407	0.05548314	0.23167591	0.48672051	0.60834354	0.14003372	0.0353817	0.00529659	0.00026396	0.00019904	0	0.00059893	0.00029852
1999116	142219495	130	0.00013732	0.0003995	0.0018672	0.00387444	0.00392556	0.00102263	0.00007344	0.00010651	0.00002395	0.00000668	0	0	0	1999116	142219598	130	0.02735246	0.05246744	0.22235355	0.46948442	0.58659575	0.13352377	0.03332356	0.00493443	0.00024179	0.0002077	0	0.00056314	0.00029506
