PROSOFT : ProSoft 7.6
CRUISE-ID : Missing
STATION-ID : Missing
OPERATOR : Missing
LATITUDE : Missing
LONGITUDE : Missing
PRESSURE-TARE : 0.000000
CAST : A
PROFILER : DRY
REFERENCE : DRY
TIME-STAMP : Mon Apr 26 14:20:55 1999
PRO-DARK : OFF
REF-DARK : OFF
COMMENT : Missing
PROCESSING_LEVEL : 4
FILE_CREATION_TIME : 10-Feb-2004 10:49:59
DEGLITCH_PRODAT : ON
PRO_NOISE_THRESH : 5
UPPER_PRES_LEVEL : 30
LOWER_PRES_LEVEL : 200
DEGLITCH_REFDAT : OFF
PRES_TARE_CORRECTED : 0
DEPTH_RESOLUTION : 0.1m
BIN_INTERVAL : 1m
BIN_WIDTH : 0.5m
TIME_INTERVAL : 2sec
TIME_WIDTH : 1sec
WAVEL_INTERP : 0nm
INTEGRATION_POINTS : 5
REFLECTION_ALBEDO : 0.043
REFLECTANCE_INDEX : 0.021
REFRACTIVE_INDEX : 1.345

Level 4 Product: K Values
K_Lu	K_Lu	K_Lu	K_Lu	K_Lu	K_Lu	K_Lu	K_Lu	K_Lu	K_Lu	K_Lu	K_Lu	K_Lu	K_Lu	
#Depth	399.8	412.2	442.0	470.1	490.4	509.8	531.7	554.5	590.2	619.0	665.6	683.3	700.4	
3.00000000	-0.00570454	-0.00744406	-0.00696640	-0.00994899	-0.01122347	-0.01098868	-0.00756826	-0.00393475	0.02781170	0.08629735	0.09717744	0.09283349	0.03432701
4.00000000	0.02339049	0.02102156	0.01882699	0.01635590	0.01575489	0.02125252	0.02948758	0.03829589	0.07661307	0.13600824	0.14009285	0.13804177	0.06462424
5.00000000	0.03204060	0.02960824	0.02631474	0.02395690	0.02360954	0.02906758	0.03591725	0.04336993	0.07716230	0.12811587	0.12976359	0.12343135	0.06364053
6.00000000	0.05159784	0.04897039	0.04366443	0.04185867	0.04170107	0.04995365	0.05843743	0.06882607	0.10362900	0.14383782	0.13800448	0.12659332	0.07310624
7.00000000	0.05281822	0.05025014	0.04450658	0.04224815	0.04210778	0.04914093	0.05811854	0.06673849	0.09917842	0.12823035	0.11282358	0.09857435	0.06314337
8.00000000	0.04430187	0.04170233	0.03592958	0.03382277	0.03317956	0.04002507	0.04779257	0.05708628	0.08809501	0.10407332	0.08543084	0.06423859	0.04521436
9.00000000	0.05236711	0.04800163	0.04089632	0.03843151	0.03874297	0.05149071	0.06550883	0.08020009	0.12478908	0.13548389	0.10974009	0.09775329	0.06208418
10.00000000	0.04207364	0.03796139	0.03080758	0.02813678	0.02808195	0.03863271	0.05153508	0.06385786	0.10306965	0.10451599	0.07967154	0.06431966	0.04610592
11.00000000	0.03997250	0.03632442	0.02839581	0.02614371	0.02547854	0.03523881	0.04735410	0.05998544	0.09787640	0.09332429	0.07253843	0.06276957	0.04525922
12.00000000	0.04213380	0.03883263	0.03209246	0.02937470	0.02863636	0.03592324	0.04490310	0.05343344	0.08038072	0.07092281	0.05504760	0.04410068	0.04197299
13.00000000	0.04988100	0.04753091	0.04103904	0.03855104	0.03749206	0.04326065	0.05041996	0.05780968	0.07468286	0.06093147	0.05205215	0.04308234	0.04529205
14.00000000	0.05035227	0.04682349	0.04009069	0.03649428	0.03581634	0.04220940	0.04962933	0.05647295	0.07313758	0.05489775	0.04661724	0.03887807	0.04366353
15.00000000	0.04437267	0.04119797	0.03386073	0.03010631	0.02838858	0.03322832	0.04055900	0.04721219	0.05982825	0.03886129	0.03229406	0.02149094	0.03311197
16.00000000	0.05252174	0.04850301	0.04024390	0.03629373	0.03489853	0.04261711	0.05184598	0.06089912	0.07772770	0.05588489	0.04992492	0.04142034	0.04535739
17.00000000	0.06020798	0.05589904	0.04772009	0.04360776	0.04255860	0.05147931	0.06043485	0.06883206	0.08014027	0.05496080	0.04928040	0.03186954	0.04883554
18.00000000	0.06406097	0.05995321	0.05055885	0.04685012	0.04586319	0.05476652	0.06531599	0.07403189	0.08690330	0.06684553	0.06325394	0.04893014	0.05822502
19.00000000	0.05251413	0.04790312	0.03937540	0.03484707	0.03353184	0.04031252	0.04849826	0.05455186	0.06345834	0.04047686	0.03678428	0.01373733	0.03945396
20.00000000	0.04745311	0.04271531	0.03327944	0.02880481	0.02694878	0.03317859	0.04119135	0.04772241	0.05722993	0.03756656	0.03528368	0.01654120	0.03574486
21.00000000	0.05307542	0.04858773	0.03998157	0.03574015	0.03388054	0.04001457	0.04648257	0.05214389	0.05453406	0.03214419	0.03059426	0.00775625	0.03610912
22.00000000	0.06643155	0.06149049	0.05255406	0.04813501	0.04725593	0.05610626	0.06499633	0.07195749	0.07289245	0.05141907	0.04935973	0.03011715	0.05129291
23.00000000	0.05545398	0.05144671	0.04223948	0.03818803	0.03666078	0.04268563	0.05065049	0.05608291	0.05242654	0.03267591	0.03114305	0.00716598	0.03709885
24.00000000	0.04988907	0.04535865	0.03547050	0.03113270	0.02914316	0.03563674	0.04375917	0.05018468	0.04865552	0.03145885	0.03084502	0.00871202	0.03344912
25.00000000	0.05673528	0.05222072	0.04186110	0.03789923	0.03591989	0.04405281	0.05402003	0.06247209	0.06375003	0.05250383	0.05196478	0.03546151	0.04637166
26.00000000	0.06386900	0.06024285	0.05215394	0.04853729	0.04668681	0.05348928	0.06133316	0.06721007	0.06176212	0.04804528	0.04628019	0.02066771	0.04770839
27.00000000	0.07290896	0.06854023	0.05989015	0.05573123	0.05456942	0.06268320	0.07130785	0.07712568	0.07470033	0.06586251	0.06421174	0.04602479	0.06155710
28.00000000	0.05788361	0.05385765	0.04557896	0.04110702	0.03924178	0.04362904	0.04940166	0.05199978	0.04423180	0.03336817	0.03053533	0.00520982	0.03789930
29.00000000	0.05223376	0.04751674	0.03833103	0.03350535	0.03107782	0.03610145	0.04181984	0.04578625	0.03921828	0.03129899	0.03134261	0.01114379	0.03430089
30.00000000	0.05819206	0.05345640	0.04340788	0.03892771	0.03638653	0.04373595	0.05193798	0.05836626	0.05104813	0.04573746	0.04639337	0.03123261	0.04343358
31.00000000	0.06522234	0.06036105	0.05076926	0.04605777	0.04415887	0.05279089	0.06253907	0.06833663	0.05769108	0.05059921	0.04935472	0.03160211	0.04868506
32.00000000	0.06638316	0.06133814	0.05118835	0.04645197	0.04465224	0.05348802	0.06371050	0.06950775	0.05983795	0.05472811	0.05263240	0.03432565	0.05086664
33.00000000	0.06048806	0.05627032	0.04676104	0.04243343	0.04024387	0.04607218	0.05443508	0.05780362	0.04655247	0.04180118	0.03763098	0.01322743	0.04108516
34.00000000	0.06592911	0.06206870	0.05374075	0.04960945	0.04717942	0.05271547	0.05938378	0.06282224	0.05262865	0.05043993	0.04675680	0.02256155	0.04790544
35.00000000	0.07740950	0.07363970	0.06555565	0.06120702	0.05908989	0.06579466	0.07282962	0.07656296	0.06724073	0.06781673	0.06358602	0.04301907	0.06164719
36.00000000	0.07394291	0.06971970	0.06091238	0.05565649	0.05359691	0.06002827	0.06716354	0.06999364	0.06031975	0.06109693	0.05528066	0.03365827	0.05522663
37.00000000	0.05469257	0.04990725	0.03950652	0.03367621	0.03058200	0.03469930	0.04050356	0.04242601	0.03168012	0.03238531	0.02617181	-0.00029605	0.03023979
38.00000000	0.05163391	0.04672466	0.03648403	0.03109783	0.02730452	0.03072200	0.03631101	0.03831316	0.02479689	0.02484824	0.01982229	-0.00851042	0.01893790
39.00000000	0.06359622	0.05903627	0.04974212	0.04446985	0.04087671	0.04538562	0.05145372	0.05354741	0.03968138	0.04043463	0.03721552	0.01358928	0.03781327
40.00000000	0.07835308	0.07270828	0.06379292	0.05848874	0.05521111	0.06038760	0.06637513	0.06830479	0.05554941	0.05779448	0.05506686	0.03720711	0.05866362
41.00000000	0.08345527	0.07752108	0.06854125	0.06275087	0.05954731	0.06434837	0.07032639	0.07169304	0.05951141	0.06235143	0.05754529	0.03867183	0.06515446
42.00000000	0.07346341	0.06748439	0.05730847	0.05090086	0.04705946	0.05033533	0.05518619	0.05580403	0.04371134	0.04725714	0.03839115	0.01120511	0.05222621
43.00000000	0.07301463	0.06739576	0.05706073	0.05060401	0.04634837	0.05014118	0.05543560	0.05648015	0.04223605	0.04519225	0.03143931	-0.00477348	0.03977128
44.00000000	0.07898977	0.07441682	0.06400619	0.05716765	0.05299574	0.05830411	0.06535796	0.06658716	0.05092693	0.05461389	0.03808470	0.00140095	0.04582388
45.00000000	0.07575624	0.07316227	0.05952302	0.05193812	0.04740373	0.05189660	0.05836431	0.05866667	0.04235734	0.04513352	0.02560052	-0.01091896	0.03902620
46.00000000	0.07322862	0.07233838	0.05687690	0.04882732	0.04364169	0.04691336	0.05219337	0.05231378	0.03693969	0.03894682	0.01685937	-0.01778644	0.03406542
47.00000000	0.07677923	0.07687436	0.06169393	0.05359481	0.04792768	0.04986008	0.05391926	0.05369028	0.04039857	0.04256143	0.01732451	-0.01686167	0.03658005
48.00000000	0.08474916	0.08477178	0.07179152	0.06391771	0.05803198	0.05904639	0.06220404	0.06160145	0.04983277	0.05121491	0.01857072	-0.02002691	0.04026360
49.00000000	0.09223702	0.09009383	0.08099730	0.07243872	0.06709159	0.06740238	0.07077286	0.06986319	0.05877055	0.06005013	0.01608574	-0.02864343	0.03984265
50.00000000	0.08868576	0.08559308	0.07729827	0.06613508	0.06205824	0.06043755	0.06385562	0.06243346	0.05147169	0.05150047	-0.00758964	-0.05906618	0.02010035
51.00000000	0.08183569	0.07792347	0.06895734	0.05603033	0.05215760	0.04948180	0.05289748	0.05193101	0.03974780	0.03887796	-0.03657742	-0.09415310	-0.00704919
52.00000000	0.08532535	0.08137529	0.07205382	0.05907510	0.05470817	0.05332106	0.05812284	0.05797309	0.04441394	0.04365861	-0.04370083	-0.10326831	-0.01944146
53.00000000	0.08984771	0.08614964	0.07614057	0.06513223	0.05916501	0.05963393	0.06523569	0.06540248	0.05222970	0.05176536	-0.03660536	-0.09106483	-0.01987187
54.00000000	0.09357171	0.09032353	0.07997082	0.07219777	0.06384152	0.06598425	0.07177124	0.07209598	0.05935110	0.06016197	-0.01845136	-0.06584999	-0.01080424
55.00000000	0.09629194	0.09339513	0.08375193	0.07764343	0.06806109	0.07064804	0.07644748	0.07670725	0.06531983	0.06707035	0.00393894	-0.03279824	0.00671479
56.00000000	0.09246534	0.08960448	0.08015364	0.07412870	0.06409717	0.06596453	0.07138035	0.07163240	0.06121519	0.06368806	0.01696516	-0.00917153	0.02099462
57.00000000	0.08549024	0.08262639	0.07286344	0.06593032	0.05662264	0.05757548	0.06253646	0.06303780	0.05239078	0.05490473	0.01818591	-0.00116614	0.02670787
58.00000000	0.08278746	0.08018511	0.07064075	0.06255213	0.05471876	0.05516708	0.05987455	0.06043498	0.04935197	0.05075159	0.01885929	0.00299428	0.03118238
59.00000000	0.08658662	0.08423940	0.07520568	0.06653477	0.05944600	0.06003126	0.06488975	0.06550134	0.05422479	0.05441542	0.02317634	0.00770957	0.03605173
60.00000000	0.09497114	0.09274593	0.08392622	0.07493926	0.06766841	0.06902057	0.07466755	0.07531448	0.06510238	0.06568380	0.03201637	0.01646141	0.04435654
61.00000000	0.09974531	0.09765372	0.08900115	0.07987164	0.07210376	0.07400487	0.08045154	0.08114554	0.07242143	0.07387522	0.03723081	0.02209236	0.04914251
62.00000000	0.09769866	0.09561358	0.08675696	0.07768470	0.06970766	0.07144855	0.07788396	0.07869799	0.07009731	0.07117548	0.03040774	0.01564533	0.04372903
63.00000000	0.09688805	0.09491685	0.08597295	0.07691075	0.06885087	0.07046616	0.07690991	0.07775601	0.06855571	0.06930985	0.02221868	0.00690268	0.03659838
64.00000000	0.09809354	0.09592460	0.08682660	0.07737668	0.06895253	0.07041994	0.07689329	0.07772305	0.06926715	0.06891828	0.01038670	-0.00761877	0.02335990
65.00000000	0.09790844	0.09539887	0.08557629	0.07552599	0.06680953	0.06775354	0.07383759	0.07475421	0.06711954	0.06590965	-0.00577549	-0.02695400	0.00516420
66.00000000	0.10007764	0.09781375	0.08797098	0.07780683	0.06895859	0.06958497	0.07551231	0.07629273	0.06958889	0.06798757	-0.01830361	-0.04087038	-0.01172809
67.00000000	0.10403807	0.10234345	0.09301909	0.08299530	0.07408319	0.07478861	0.08103226	0.08145986	0.07487773	0.07351939	-0.02286435	-0.04426718	-0.02245512
68.00000000	0.10496720	0.10330097	0.09377755	0.08368485	0.07482971	0.07584460	0.08239666	0.08237090	0.07485512	0.07476253	-0.01747666	-0.03280955	-0.02070395
69.00000000	0.10463168	0.10227886	0.09189848	0.08132653	0.07258209	0.07411686	0.08094205	0.08071502	0.07226887	0.07392950	-0.00539548	-0.01421504	-0.01224448
70.00000000	0.10557055	0.10288663	0.09173982	0.08103678	0.07304058	0.07586001	0.08385461	0.08336494	0.07351774	0.07774568	0.02545443	0.02239588	0.01672276
71.00000000	0.10847636	0.10547691	0.09367158	0.08325474	0.07600995	0.08074837	0.09079022	0.09053960	0.07993630	0.08532898	0.06722753	0.06960713	0.06081727
72.00000000	0.10850488	0.10525167	0.09294666	0.08308194	0.07647147	0.08292198	0.09467073	0.09499413	0.08367374	0.08998119	0.10158720	0.10611971	0.09697414
73.00000000	0.09988533	0.09584144	0.08267300	0.07337012	0.06769914	0.07489369	0.08710461	0.08776471	0.07571721	0.08049639	0.11776089	0.12285799	0.11578570
74.00000000	0.08987370	0.08454268	0.07026254	0.06099934	0.05612555	0.06335294	0.07506627	0.07580870	0.06422812	0.06706547	0.11645669	0.12025110	0.11492241
75.00000000	0.08779294	0.08250882	0.06819949	0.05920407	0.05505270	0.06259419	0.07463329	0.07454611	0.06407776	0.06661408	0.12319721	0.12556466	0.12089636
76.00000000	0.09043912	0.08541260	0.07163130	0.06298505	0.05910423	0.06691805	0.07963672	0.07873242	0.06988803	0.07377849	0.13481806	0.13841527	0.13655054
77.00000000	0.09112086	0.08631530	0.07291283	0.06456661	0.06077167	0.06832048	0.08091033	0.07968646	0.07349250	0.07757310	0.13763314	0.14250521	0.14039454
78.00000000	0.08775148	0.08281871	0.06966541	0.06166818	0.05822251	0.06518933	0.07688548	0.07562279	0.06966845	0.07217939	0.12539666	0.13165221	0.12898982
79.00000000	0.08397727	0.07878876	0.06566655	0.05780426	0.05472608	0.06150417	0.07322101	0.07171223	0.06574492	0.06690279	0.11036108	0.11631082	0.11038209
80.00000000	0.08320789	0.07767788	0.06414999	0.05628369	0.05358249	0.06095652	0.07294980	0.07089187	0.06641746	0.06590884	0.10210628	0.10694547	0.09817441
81.00000000	0.08344197	0.07769550	0.06346680	0.05565599	0.05332839	0.06164030	0.07454241	0.07231718	0.06452957	0.06545278	0.10153468	0.10610389	0.09717558
82.00000000	0.08436002	0.07847317	0.06365778	0.05593236	0.05405421	0.06333534	0.07714792	0.07483718	0.06730642	0.07064200	0.11104717	0.11499713	0.10546321
83.00000000	0.08363694	0.07759784	0.06240724	0.05489953	0.05337389	0.06334785	0.07795541	0.07456829	0.06689042	0.07094949	0.12033449	0.12517913	0.11533947
84.00000000	0.07976338	0.07333675	0.05828415	0.05119187	0.05010879	0.05991852	0.07479785	0.07073286	0.05801632	0.06703163	0.12107311	0.12865092	0.11758679
85.00000000	0.07675429	0.06993117	0.05503014	0.04859583	0.04807616	0.05739555	0.07122875	0.06669514	0.05662934	0.06295423	0.11901666	0.12662950	0.11468318
86.00000000	0.07602174	0.06922596	0.05497715	0.04906741	0.04895451	0.05789290	0.07148958	0.06654011	0.05985289	0.06034884	0.11332840	0.12047035	0.11558778
87.00000000	0.07739792	0.07154136	0.05759107	0.05204525	0.05219396	0.06131035	0.07514644	0.06914405	0.06505872	0.06298580	0.11041020	0.11770414	0.11135975
88.00000000	0.07826938	0.07271148	0.05892638	0.05325376	0.05336530	0.06282365	0.07789785	0.07031159	0.06856224	0.06713227	0.11244643	0.11638481	0.10959626
89.00000000	0.07425795	0.06773344	0.05373949	0.04783121	0.04784705	0.05726586	0.07230396	0.06527708	0.05954360	0.06259454	0.10020314	0.10582105	0.10027053
90.00000000	0.06931213	0.06131837	0.04625677	0.04073327	0.04103172	0.05030032	0.06454932	0.05817093	0.05016040	0.05302509	0.09217729	0.09534040	0.09014686
91.00000000	0.06772134	0.05875411	0.04352947	0.03842867	0.03917331	0.04861445	0.06292591	0.05690159	0.04933380	0.04990928	0.09362030	0.09508453	0.09119554
92.00000000	0.06940162	0.06144505	0.04570328	0.04104988	0.04215845	0.05215900	0.06811544	0.06015087	0.05546766	0.05566676	0.09980380	0.10259256	0.09301492
93.00000000	0.07346419	0.06612166	0.05012256	0.04538728	0.04677026	0.05774423	0.07501448	0.06593098	0.06222397	0.06045508	0.11435420	0.11700937	0.10584045
94.00000000	0.07391462	0.06731901	0.05154955	0.04654408	0.04776575	0.05888458	0.07703161	0.06602734	0.06752772	0.05844863	0.11878243	0.12645848	0.11045319
95.00000000	0.07121456	0.06435749	0.04857208	0.04361638	0.04466691	0.05552469	0.07277745	0.06247078	0.06229186	0.05789295	0.12448321	0.13038473	0.12082833
96.00000000	0.06746918	0.05955159	0.04408168	0.03921820	0.04021672	0.05037114	0.06583409	0.05663431	0.05281113	0.05540601	0.13532060	0.13428372	0.11548631
97.00000000	0.06462625	0.05649001	0.04133867	0.03643140	0.03751740	0.04664096	0.06294726	0.05328316	0.04465537	0.04976176	0.14127770	0.13225078	0.11123718
98.00000000	0.06556757	0.05754934	0.04225760	0.03725208	0.03842569	0.04767496	0.06518964	0.05552350	0.04931145	0.04518395	0.14600240	0.13734779	0.12847204
99.00000000	0.06786539	0.06005081	0.04482428	0.03954946	0.04051761	0.05007123	0.06690471	0.05535834	0.05742706	0.04128804	0.14361299	0.14224732	0.12763712
100.00000000	0.06859681	0.05977383	0.04496784	0.03977516	0.04031795	0.04981670	0.06581345	0.05395535	0.05680142	0.04753605	0.13073989	0.13215326	0.12140390
101.00000000	0.06798063	0.05815168	0.04328372	0.03819974	0.03858081	0.04738779	0.06192545	0.05309414	0.05386958	0.05890553	0.14151592	0.12039453	0.10470394
102.00000000	0.06879127	0.05874094	0.04356315	0.03854204	0.03906791	0.04742300	0.06305532	0.05382798	0.04693992	0.06218154	0.15140897	0.11173959	0.11589176
103.00000000	0.07059576	0.06181713	0.04645793	0.04146859	0.04197669	0.05030218	0.07200597	0.05900906	0.05717834	0.07270195	0.18758455	0.12004347	0.14814670
104.00000000	0.07311788	0.06494090	0.04978063	0.04449205	0.04495076	0.05410183	0.07733483	0.06406329	0.05913226	0.06698364	0.20152410	0.13635839	0.18817723
105.00000000	0.07427599	0.06435065	0.04945828	0.04403962	0.04405781	0.05380822	0.07580085	0.06261806	0.06162688	0.05624611	0.19675130	0.14022148	0.19657117
106.00000000	0.07367914	0.06313005	0.04614547	0.04039241	0.04021887	0.04950316	0.07262909	0.05869946	0.06385247	0.04012237	0.18560556	0.13497738	0.17898077
107.00000000	0.07156048	0.06138206	0.04346907	0.03743036	0.03728255	0.04657176	0.06897189	0.05426815	0.06380522	0.03537105	0.16145576	0.13024025	0.10851056
108.00000000	0.06904991	0.05889058	0.04202108	0.03566153	0.03565356	0.04522485	0.06717786	0.04570287	0.07339799	0.05515844	0.19551272	0.14256884	0.05414732
109.00000000	0.06242427	0.05323930	0.03981105	0.03392950	0.03416265	0.04307184	0.06265234	0.04068201	0.06793497	0.06314316	0.22168002	0.14588212	0.05083562
110.00000000	0.05508078	0.04622131	0.03694072	0.03210415	0.03236626	0.04016672	0.05495640	0.03789838	0.06174647	0.06415535	0.26748773	0.14311213	0.08426708
111.00000000	0.05047622	0.04261964	0.03431305	0.03048387	0.03073481	0.03690557	0.05172444	0.03752630	0.05708674	0.05438103	0.33276211	0.13584481	0.16195427
112.00000000	0.04819789	0.04180801	0.03354422	0.03026836	0.03045266	0.03555902	0.05231554	0.04281143	0.05389650	0.04727425	0.51085384	0.13248834	0.19987020
113.00000000	0.05060399	0.04361670	0.03470279	0.03120954	0.03140463	0.03685862	0.05520455	0.04477923	0.05695282	0.04957830	0.93769812	0.15309856	0.25401018
114.00000000	0.05331075	0.04561100	0.03595237	0.03221624	0.03242418	0.03827172	0.05844383	0.04688412	0.06040791	0.05217325	NaN	0.18196781	0.35706213
115.00000000	0.05632464	0.04779695	0.03729545	0.03329015	0.03351225	0.03979772	0.06208890	0.04919728	0.06431159	0.05505593	NaN	0.22519102	0.61879161
116.00000000	0.05970133	0.05020367	0.03874297	0.03443823	0.03467598	0.04145073	0.06622153	0.05175134	0.06875783	0.05827720	NaN	0.29893362	NaN
117.00000000	0.06351087	0.05286649	0.04030762	0.03566845	0.03592359	0.04324734	0.07094723	0.05458614	0.07386903	0.06190077	NaN	0.47756167	NaN
118.00000000	0.06784270	0.05582876	0.04200426	0.03698998	0.03726448	0.04520716	0.07640452	0.05775087	0.07980768	0.06600742	NaN	0.90307286	NaN
119.00000000	0.07281290	0.05914424	0.04385036	0.03841339	0.03870954	0.04735356	0.08277915	0.06130696	0.08679450	0.07070133	NaN	NaN	NaN
120.00000000	0.07857498	0.06288043	0.04586663	0.03995095	0.04027144	0.04971458	0.09032620	0.06533222	0.09513731	0.07611914	NaN	NaN	NaN
121.00000000	0.08533644	0.06712332	0.04807782	0.04161701	0.04196496	0.05232425	0.09940632	0.06992664	0.10527939	0.08244384	NaN	NaN	NaN
122.00000000	0.09338510	0.07198420	0.05051372	0.04342841	0.04380752	0.05522416	0.11054750	0.07522106	0.11788469	0.08992646	NaN	NaN	NaN
123.00000000	0.10313264	0.07760977	0.05321054	0.04540510	0.04581976	0.05846583	0.12455698	0.08139006	0.13399814	0.09892135	NaN	NaN	NaN
124.00000000	0.10889554	0.08065365	0.05436606	0.04619132	0.04659898	0.05983520	0.13653286	0.08318182	0.14018079	0.10485511	NaN	NaN	NaN
125.00000000	0.10276664	0.07677745	0.05179903	0.04417965	0.04448099	0.05661890	0.13882104	0.07390502	0.11739892	0.10136454	NaN	NaN	NaN
126.00000000	0.09016127	0.06935732	0.04743812	0.04085034	0.04099572	0.05115538	0.13641675	0.05887256	0.07828802	0.09288054	NaN	NaN	NaN
127.00000000	0.07790345	0.06247020	0.04351024	0.03788892	0.03788602	0.04616717	0.13616326	0.04441680	0.03873390	0.08499646	NaN	NaN	NaN
128.00000000	0.07458307	0.06074271	0.04235970	0.03705806	0.03696404	0.04457674	0.14712071	0.03884920	0.01854146	0.08317217	NaN	NaN	NaN
129.00000000	0.07719475	0.06237396	0.04312139	0.03765038	0.03754485	0.04541927	0.15706123	0.03989414	0.01842225	0.08577432	NaN	NaN	NaN
130.00000000	0.08041668	0.06421240	0.04393531	0.03828523	0.03816281	0.04633885	0.16890619	0.04170080	0.01905571	0.08822870	NaN	NaN	NaN

Level 4 Product: K Values
K_Ed	K_Ed	K_Ed	K_Ed	K_Ed	K_Ed	K_Ed	K_Ed	K_Ed	K_Ed	K_Ed	K_Ed	K_Ed	K_Ed	
Depth	399.8	411.5	442.6	469.8	490.9	509.6	531.5	554.9	589.4	619.4	665.7	682.5	700.2	
3.00000000	0.01554053	-0.01542388	0.00360957	-0.01403719	0.02298005	0.00150385	0.03525984	0.05185368	0.11205354	0.32186410	0.46851618	0.42301986	0.63761599
4.00000000	0.01266270	0.00294597	-0.00448343	-0.01985288	-0.01153982	-0.02101068	0.02395846	0.02591997	0.08550868	0.25194357	0.36704116	0.34949173	0.55058286
5.00000000	0.03664116	0.03146519	0.02923380	0.01753943	0.02528659	0.02620668	0.05895175	0.06798923	0.13054708	0.29189229	0.40683823	0.39226623	0.57078803
6.00000000	0.02950548	0.03339573	0.02733688	0.02284381	0.03168181	0.03773925	0.05338699	0.07027544	0.13217895	0.28758146	0.40579197	0.39766879	0.55547768
7.00000000	0.06683693	0.07407042	0.07734977	0.08083758	0.07906428	0.09600506	0.10394102	0.12798397	0.20057901	0.37778815	0.51515788	0.49836432	0.60086520
8.00000000	0.04297995	0.04489012	0.04611104	0.04917003	0.05467853	0.06732865	0.07134879	0.09838692	0.17662739	0.36689569	0.51841200	0.47928109	0.47260791
9.00000000	0.02147561	0.02325513	0.01345634	0.01512660	0.01475800	0.02819913	0.04210232	0.06224765	0.14958388	0.33797092	0.49346691	0.42733808	0.30226814
10.00000000	0.05151227	0.05182781	0.04364393	0.04501509	0.04424614	0.06275363	0.08033924	0.09815393	0.18800653	0.35983877	0.46136353	0.36391496	0.19515284
11.00000000	0.01900368	0.01621700	0.01007192	0.01026436	0.01480519	0.02998020	0.03925717	0.05752963	0.13451897	0.28275857	0.38826916	0.27627371	0.10157856
12.00000000	0.04375915	0.04082891	0.03939832	0.04140235	0.04737785	0.06214074	0.06984265	0.08783653	0.15787518	0.28911506	0.40291468	0.26694768	0.11832874
13.00000000	-0.00127873	-0.00334078	-0.01134347	-0.01279576	-0.01282300	-0.00151040	0.00801358	0.02201221	0.08805117	0.21574032	0.33914934	0.16796098	0.02801543
14.00000000	-0.00077990	-0.00414331	-0.01170301	-0.01390544	-0.01419018	-0.00020978	0.01144875	0.02594017	0.09889790	0.23397814	0.38027885	0.16728156	0.01715234
15.00000000	0.03607723	0.03345009	0.02936077	0.02973190	0.03003237	0.04604909	0.06046256	0.07698988	0.15485878	0.29617950	0.39608883	0.15066585	0.05238047
16.00000000	0.02788031	0.02220218	0.01947994	0.01858383	0.02192628	0.04068055	0.05123405	0.06891590	0.14711797	0.31142467	0.36377775	0.11629388	0.03930269
17.00000000	0.05648654	0.05439777	0.05096763	0.05257372	0.05683083	0.07429720	0.08785863	0.10592269	0.18388936	0.31281893	0.36326394	0.12301793	0.07431952
18.00000000	0.04873178	0.04611528	0.04311583	0.04442926	0.04666773	0.06501741	0.07907945	0.09759598	0.17749259	0.27816114	0.32471890	0.09657744	0.05943283
19.00000000	0.05949988	0.05773539	0.05389086	0.05566541	0.05806932	0.07651069	0.09281054	0.11083118	0.19107617	0.26339329	0.29476759	0.09482403	0.07229550
20.00000000	0.05125120	0.04822272	0.04412327	0.04474471	0.04684913	0.06346007	0.07646469	0.09381143	0.16656041	0.20745251	0.23119484	0.07337312	0.05680894
21.00000000	0.04720705	0.04431840	0.03888767	0.03909103	0.04181706	0.05659590	0.06832895	0.08572757	0.15530527	0.21948146	0.18309581	0.06221111	0.05200948
22.00000000	-0.00105509	-0.00436493	-0.01757298	-0.02134561	-0.02082983	-0.00928864	0.00188094	0.01717408	0.08778977	0.14423292	0.09826724	-0.00076686	-0.00527590
23.00000000	0.01819908	0.01313860	0.00383334	0.00043335	-0.00008905	0.01656197	0.02951715	0.04568431	0.12139168	0.14747992	0.09165798	0.01725415	0.01029555
24.00000000	0.01845295	0.01382454	0.00342093	-0.00004676	0.00138257	0.01752563	0.03101965	0.04646238	0.12099681	0.13237026	0.07010240	0.01696910	0.01656522
25.00000000	0.02765963	0.02229737	0.01437939	0.01107715	0.01173890	0.02674037	0.03648119	0.05125447	0.11593224	0.11065016	0.05713445	0.02479522	0.02043279
26.00000000	0.07072399	0.06780478	0.06419680	0.06465692	0.06713378	0.08177218	0.09246830	0.10878477	0.16888725	0.14360874	0.08992029	0.07557561	0.07302523
27.00000000	0.03083437	0.02765256	0.01706842	0.01406009	0.01321601	0.02322560	0.03233370	0.04591117	0.10196568	0.08239556	0.03762906	0.02280700	0.02227886
28.00000000	0.06495100	0.06109427	0.05569633	0.05468989	0.05421925	0.07073337	0.08356540	0.10017164	0.16480733	0.11040809	0.06528932	0.06144214	0.05839699
29.00000000	0.05860207	0.05386396	0.04688519	0.04525715	0.04642994	0.06447602	0.07867483	0.09668178	0.16744850	0.09749845	0.05489244	0.05455047	0.05435950
30.00000000	0.05024525	0.04502473	0.03545053	0.03266977	0.03346410	0.05104666	0.06537206	0.08385567	0.15150401	0.07987998	0.04472796	0.04293269	0.04297754
31.00000000	0.05182624	0.04706014	0.03713724	0.03461889	0.03617752	0.05385891	0.06913785	0.08853151	0.15628899	0.07613165	0.04422321	0.04552169	0.04694645
32.00000000	0.02157680	0.01707110	0.00245513	-0.00229970	-0.00176075	0.01087037	0.02299730	0.03937748	0.10312485	0.03500679	0.01264326	0.00897970	0.01222654
33.00000000	0.03903104	0.03486466	0.02337018	0.01974661	0.02069547	0.03348141	0.04439121	0.05892959	0.11712189	0.04479340	0.02943362	0.02908582	0.03101436
34.00000000	0.06008762	0.05651992	0.04807489	0.04612158	0.04801381	0.06073806	0.07083116	0.08484372	0.14034683	0.06278402	0.05154369	0.05392576	0.05570951
35.00000000	0.05740582	0.05380359	0.04419307	0.04166370	0.04253647	0.05477806	0.06506266	0.07907503	0.13160368	0.05644803	0.04706021	0.04842361	0.05027118
36.00000000	0.04090820	0.03615164	0.02478993	0.02080282	0.02047313	0.03439974	0.04764271	0.06246096	0.12002875	0.03518037	0.02479181	0.02772553	0.02891107
37.00000000	0.04048294	0.03554208	0.02446436	0.02054156	0.02024055	0.03590006	0.05069505	0.06793320	0.13142345	0.03294161	0.02183478	0.02741787	0.02842136
38.00000000	0.05281932	0.04799807	0.03816897	0.03484296	0.03509232	0.05128720	0.06475106	0.08308029	0.14237346	0.04391128	0.03435091	0.04120373	0.04214162
39.00000000	0.06593290	0.06194552	0.05310610	0.05071083	0.05180077	0.06604152	0.07688372	0.09411199	0.14381659	0.05803640	0.04968973	0.05628334	0.05819759
40.00000000	0.06705445	0.06298062	0.05430792	0.05172591	0.05243572	0.06529937	0.07492591	0.08974633	0.13065828	0.05713942	0.05209290	0.05630663	0.05772816
41.00000000	0.05634404	0.05219281	0.04177977	0.03845100	0.03886484	0.05154999	0.06304841	0.07711654	0.11999512	0.04531448	0.04129857	0.04372030	0.04582802
42.00000000	0.05053198	0.04551855	0.03466348	0.03086993	0.03128830	0.04589230	0.05940016	0.07462389	0.12184011	0.03698892	0.03445063	0.03703168	0.03863578
43.00000000	0.06133038	0.05643812	0.04633322	0.04336517	0.04454961	0.06176739	0.07709117	0.09609493	0.14769079	0.04845390	0.04674519	0.04996737	0.05180973
44.00000000	0.05121953	0.04612548	0.03329573	0.02905114	0.02952571	0.04532104	0.05965605	0.07870448	0.13147340	0.03683286	0.03267289	0.03561097	0.03845327
45.00000000	0.04759347	0.04208407	0.02957934	0.02482066	0.02460308	0.03941547	0.04682380	0.06966735	0.11615029	0.03075553	0.02517553	0.02974261	0.03172849
46.00000000	0.05496812	0.05037075	0.03917615	0.03521980	0.03527026	0.04833193	0.02094300	0.07535319	0.11337517	0.03976753	0.03186047	0.03847260	0.04090586
47.00000000	0.06077195	0.05665287	0.04700837	0.04361839	0.04386154	0.05569470	0.04743983	0.07894977	0.10773473	0.04634322	0.03796474	0.04592614	0.04810091
48.00000000	0.06950892	0.06608313	0.05729688	0.05461847	0.05536450	0.06689723	0.07137333	0.09003107	0.11456645	0.05648118	0.04810981	0.05682159	0.05919262
49.00000000	0.06094468	0.05677415	0.04543136	0.04124744	0.04127475	0.05243822	0.06450432	0.07575243	0.10222947	0.04516761	0.03581506	0.04413234	0.04684680
50.00000000	0.05311796	0.04761441	0.03384933	0.02801848	0.02720011	0.03965050	0.07159937	0.06585578	0.09688540	0.03304677	0.02297276	0.03116831	0.03398452
51.00000000	0.05674431	0.05054550	0.03600564	0.02972588	0.02899249	0.04345827	0.05600534	0.07389275	0.10672731	0.03433425	0.02177512	0.03232454	0.03568650
52.00000000	0.06860221	0.06282406	0.04882752	0.04277542	0.04217164	0.05734589	0.08663215	0.08948040	0.11952098	0.04638514	0.02489734	0.04260870	0.04778693
53.00000000	0.07703605	0.07172639	0.05805617	0.05169743	0.05077139	0.06497142	0.09777633	0.09506910	0.12013818	0.05452459	0.01854345	0.04710286	0.05514967
54.00000000	0.08154064	0.07689251	0.06350363	0.05668539	0.05533610	0.06759001	0.08711865	0.09401217	0.11301124	0.05878753	0.00660630	0.04717798	0.05809994
55.00000000	0.07618300	0.07184225	0.05724399	0.04918553	0.04686082	0.05631637	0.07453688	0.07812863	0.09548331	0.05288191	-0.01189513	0.03548211	0.04954153
56.00000000	0.06745703	0.06305395	0.04739989	0.03819459	0.03491479	0.04280821	0.06404784	0.06252277	0.08056248	0.04283060	-0.02507727	0.02269124	0.03785248
57.00000000	0.06515245	0.06072034	0.04531440	0.03564027	0.03173103	0.03913405	-0.22646262	0.05810685	0.07552320	0.04005104	-0.02307203	0.02051634	0.03479772
58.00000000	0.07251847	0.06801348	0.05381352	0.04424376	0.04006077	0.04824164	-0.55685089	0.06779984	0.08367411	0.04728915	-0.00510303	0.03133689	0.04317939
59.00000000	0.08814978	0.08418365	0.07177445	0.06326726	0.05967649	0.06937314	-0.53378786	0.09179798	0.10208551	0.06461716	0.02630226	0.05400118	0.06281994
60.00000000	0.09557791	0.09225364	0.08058585	0.07279121	0.06968114	0.07976833	-0.33918669	0.10467285	0.11052835	0.07390392	0.04567378	0.06611952	0.07380116
61.00000000	0.08955832	0.08609000	0.07354591	0.06518447	0.06170964	0.07140335	-0.01173434	0.09808045	0.10212862	0.06637622	0.04246849	0.05932528	0.06713913
62.00000000	0.08399882	0.08023966	0.06694498	0.05798840	0.05407670	0.06351409	0.05462700	0.08921676	0.09268955	0.06059268	0.03558944	0.05188444	0.06020170
63.00000000	0.08207832	0.07812935	0.06435477	0.05483708	0.05043530	0.05945658	-0.11475599	0.08235422	0.08908067	0.05959721	0.03253471	0.04850142	0.05677692
64.00000000	0.07952274	0.07524284	0.06086816	0.05059164	0.04554748	0.05373316	-0.14042023	0.07280270	0.08141339	0.05694401	0.03065523	0.04472621	0.05205967
65.00000000	0.08149569	0.07749920	0.06412255	0.05404703	0.04892672	0.05645755	-0.12323709	0.07383024	0.07950071	0.06016500	0.03152872	0.04691774	0.05464053
66.00000000	0.08416274	0.08076504	0.06855151	0.05883189	0.05360276	0.06030312	-0.10301975	0.07873946	0.07977861	0.06321604	0.02847648	0.04772345	0.05770109
67.00000000	0.08530850	0.08214891	0.07034494	0.06057430	0.05483785	0.06053647	-0.09163517	0.07837350	0.07697423	0.06400648	0.01495391	0.04274642	0.05675646
68.00000000	0.08683885	0.08378255	0.07207245	0.06205383	0.05561211	0.06034510	-0.04866135	0.07651429	0.07613748	0.06523147	-0.00113438	0.03597874	0.05485376
69.00000000	0.09046628	0.08758713	0.07637812	0.06631728	0.05923080	0.06369364	0.12958536	0.07856978	0.07893340	0.06864969	-0.00920395	0.03383805	0.05663464
70.00000000	0.10041950	0.09808977	0.08789123	0.07824757	0.07098897	0.07599412	0.21238766	0.09204034	0.09073557	0.07993297	-0.00713063	0.04151430	0.06677833
71.00000000	0.10731759	0.10565698	0.09575016	0.08626998	0.07875599	0.08398110	0.27887595	0.10154230	0.09804665	0.08790218	0.00285167	0.05055205	0.07511267
72.00000000	0.10375727	0.10200211	0.09086807	0.08046282	0.07199082	0.07651521	0.43426937	0.09377755	0.09285760	0.08325800	0.00903089	0.05068130	0.07102449
73.00000000	0.09737102	0.09500279	0.08240713	0.07078064	0.06128595	0.06502604	0.70304619	0.08075084	0.08222478	0.07471278	0.01543069	0.04924617	0.06317354
74.00000000	0.09954255	0.09739544	0.08554830	0.07431017	0.06488383	0.06859602	0.85340857	0.08348915	0.08323983	0.07781053	0.04314998	0.06378991	0.06986772
75.00000000	0.10516993	0.10365917	0.09299176	0.08278985	0.07406786	0.07757511	0.70520869	0.09203752	0.08991429	0.08607951	0.07373442	0.08188084	0.08141547
76.00000000	0.10576728	0.10430888	0.09432288	0.08481508	0.07662809	0.07949495	0.36048417	0.09259881	0.08994109	0.08795181	0.09486981	0.09227423	0.08701616
77.00000000	0.09974242	0.09820843	0.08819677	0.07896600	0.07113690	0.07342176	0.07852836	0.08558319	0.08558883	0.08204564	0.10608587	0.09307103	0.08380291
78.00000000	0.09261542	0.09069569	0.08026318	0.07111810	0.06366970	0.06646847	0.07101111	0.07937853	0.07447307	0.07492785	0.10906270	0.08999241	0.06840911
79.00000000	0.08952102	0.08831330	0.07771462	0.06876133	0.06182563	0.06604918	0.07112989	0.08161832	0.07206747	0.07353181	0.11360463	0.09004268	0.06787679
80.00000000	0.08927611	0.08853974	0.07739763	0.06854407	0.06214975	0.06779905	0.07360392	0.08607257	0.07763020	0.07375575	0.11478758	0.08942188	0.07365060
81.00000000	0.09138652	0.09057500	0.07933876	0.07066544	0.06457921	0.07129566	0.07811632	0.09196913	0.08496077	0.07553445	0.11217089	0.08895279	0.08080068
82.00000000	0.09349430	0.09187312	0.08054511	0.07189680	0.06597088	0.07304822	0.08146021	0.09521380	0.09189811	0.07621667	0.10577451	0.08651908	0.08694729
83.00000000	0.09137971	0.08819171	0.07634912	0.06739742	0.06147015	0.06808309	0.07690842	0.08966141	0.08615108	0.07147934	0.09546279	0.08008319	0.07428944
84.00000000	0.08728385	0.08479145	0.07187968	0.06267154	0.05657047	0.06238146	0.07023489	0.08204239	0.09403042	0.06876867	0.08911677	0.07524937	0.06585223
85.00000000	0.08526422	0.08447828	0.07069485	0.06161075	0.05561892	0.06093335	0.06733093	0.07810970	0.07956468	0.06655904	0.09480755	0.07529706	0.06518106
86.00000000	0.08775493	0.08828233	0.07551918	0.06726126	0.06181677	0.06730805	0.07332004	0.08400770	0.07419099	0.07073713	0.10844658	0.08297290	0.07170902
87.00000000	0.09124637	0.09122448	0.07972114	0.07229964	0.06756704	0.07363500	0.08097634	0.09204865	0.07187751	0.07676075	0.11749842	0.08944621	0.07795782
88.00000000	0.08639168	0.08365254	0.07219402	0.06454241	0.06010074	0.06627287	0.07494178	0.08600484	0.05889905	0.06948710	0.10498939	0.08114247	0.07060238
89.00000000	0.07735413	0.07286381	0.06055523	0.05239333	0.04784921	0.05426293	0.06305215	0.07465777	0.06557546	0.05944694	0.09046505	0.06843839	0.05844777
90.00000000	0.07263331	0.06842255	0.05590638	0.04766248	0.04322193	0.05027162	0.05869222	0.07117972	0.05263011	0.05227838	0.08855590	0.06178297	0.05269570
91.00000000	0.07499637	0.07172762	0.06023643	0.05224450	0.04821815	0.05578959	0.06433588	0.07749868	0.06322232	0.05656849	0.09104928	0.06435058	0.05691899
92.00000000	0.08272314	0.08005063	0.06971595	0.06228057	0.05864412	0.06656911	0.07590145	0.08942780	0.08123276	0.06945600	0.09727994	0.07328275	0.06793000
93.00000000	0.08596662	0.08291335	0.07300780	0.06600169	0.06266121	0.07035757	0.08043433	0.09328738	0.08811840	0.07273437	0.08618159	0.07596003	0.06959905
94.00000000	0.08222856	0.07827875	0.06742071	0.06049366	0.05733048	0.06468885	0.07482550	0.08684269	0.08497341	0.06850103	0.08485004	0.07110104	0.06630230
95.00000000	0.07501007	0.07048713	0.05861162	0.05158133	0.04864591	0.05598317	0.06570568	0.07722148	0.06427346	0.05709186	0.08142347	0.06221882	0.05688675
96.00000000	0.07002589	0.06546256	0.05311108	0.04600879	0.04338489	0.05103433	0.06060515	0.07240810	0.06039964	0.05199816	0.09067971	0.05781346	0.05211693
97.00000000	0.07090809	0.06679117	0.05467387	0.04801916	0.04561100	0.05409739	0.06417565	0.07691285	0.06354403	0.05796280	0.09863835	0.06011203	0.05365492
98.00000000	0.07338288	0.06967476	0.05770148	0.05261915	0.05067964	0.05981629	0.07065187	0.08375032	0.06041285	0.04890654	0.10180105	0.06460118	0.05467374
99.00000000	0.07229935	0.06798116	0.05573338	0.05097030	0.04941710	0.05859369	0.06981124	0.08245182	0.06809626	0.05790784	0.10444935	0.06533993	0.05870439
100.00000000	0.06744170	0.06263251	0.04991102	0.04459301	0.04329942	0.05201029	0.06252454	0.07425612	0.06310816	0.05462382	0.09908214	0.05920249	0.05303029
101.00000000	0.06523388	0.06057019	0.04795670	0.04228577	0.04121555	0.04964124	0.05942443	0.07064537	0.06104592	0.05886258	0.09122962	0.05688473	0.05078604
102.00000000	0.06777158	0.06376590	0.05222776	0.04660126	0.04574362	0.05462265	0.06461242	0.07644079	0.06992592	0.07086992	0.10054752	0.06198066	0.05860040
103.00000000	0.07227610	0.06845825	0.05718878	0.05245389	0.05185227	0.06166958	0.07285932	0.08502607	0.06293412	0.06003645	0.10722282	0.06356262	0.05912708
104.00000000	0.07275314	0.06801440	0.05592095	0.05105252	0.05056192	0.06113526	0.07361452	0.08619486	0.06420775	0.06182600	0.10293317	0.06233618	0.05804186
105.00000000	0.06854046	0.06278289	0.04931836	0.04371723	0.04320960	0.05412506	0.06692646	0.08016699	0.05611555	0.05660632	0.10620145	0.05561295	0.05147318
106.00000000	0.06439192	0.05830926	0.04382324	0.03800881	0.03749016	0.04849487	0.06110366	0.07448741	0.04429247	0.05045985	0.09584907	0.04980844	0.04399764
107.00000000	0.05990728	0.05460546	0.04099712	0.03568615	0.03544163	0.04569616	0.05709621	0.06935987	0.04767094	0.04190733	0.08737571	0.04484541	0.04248419
108.00000000	0.05465547	0.05061037	0.03949885	0.03514660	0.03509909	0.04385934	0.05333658	0.06273745	0.04649518	0.03375362	0.07381486	0.03890997	0.03855128
109.00000000	0.04934408	0.04645675	0.03780378	0.03425451	0.03430932	0.04133943	0.04880496	0.05526190	0.04759349	0.02972729	0.05776382	0.03563769	0.03477193
110.00000000	0.04538617	0.04317060	0.03600274	0.03295191	0.03300624	0.03873721	0.04470520	0.04947297	0.04695201	0.03438923	0.05205996	0.03485204	0.03397688
111.00000000	0.04543000	0.04326855	0.03604347	0.03310832	0.03301648	0.03863042	0.04445133	0.04921295	0.04514104	0.04037111	0.06299822	0.03935175	0.03789109
112.00000000	0.04759817	0.04523034	0.03739351	0.03424366	0.03414542	0.04018580	0.04652471	0.05176868	0.04728099	0.04207322	0.06725765	0.04096710	0.03938623
113.00000000	0.04998435	0.04737900	0.03884881	0.03545976	0.03535441	0.04187196	0.04880158	0.05460544	0.04963458	0.04392554	0.07213884	0.04272104	0.04100447
114.00000000	0.05262326	0.04974263	0.04042221	0.03676556	0.03665231	0.04370617	0.05131353	0.05777247	0.05223561	0.04594891	0.07778975	0.04463228	0.04276170
115.00000000	0.05555748	0.05235533	0.04212874	0.03817138	0.03804931	0.04570887	0.05409910	0.06133132	0.05512540	0.04816826	0.08440980	0.04672302	0.04467667
116.00000000	0.05883972	0.05525880	0.04398607	0.03968922	0.03955723	0.04790447	0.05720576	0.06535990	0.05835508	0.05061359	0.09227460	0.04901987	0.04677167
117.00000000	0.06253614	0.05850467	0.04601516	0.04133302	0.04118987	0.05032233	0.06069270	0.06995838	0.06198869	0.05332141	0.10177672	0.05155501	0.04907345
118.00000000	0.06673088	0.06215760	0.04824109	0.04311920	0.04296341	0.05299814	0.06463467	0.07525782	0.06610747	0.05633654	0.11349618	0.05436767	0.05161429
119.00000000	0.07153268	0.06629974	0.05069403	0.04506713	0.04489694	0.05597566	0.06912753	0.08143316	0.07081622	0.05971471	0.12833012	0.05750628	0.05443363
120.00000000	0.07708463	0.07103708	0.05341072	0.04719990	0.04701320	0.05930920	0.07429630	0.08872345	0.07625246	0.06352602	0.14775073	0.06103126	0.05758011
121.00000000	0.08357911	0.07650885	0.05643630	0.04954520	0.04933948	0.06306704	0.08030722	0.09746458	0.08260045	0.06786000	0.17437516	0.06501901	0.06111446
122.00000000	0.09126551	0.08288828	0.05981883	0.05213003	0.05190231	0.06732674	0.08737216	0.10812413	0.09009767	0.07283216	0.21347328	0.06955681	0.06511033
123.00000000	0.09401276	0.08484934	0.06036603	0.05234320	0.05213613	0.06835395	0.08983422	0.11277920	0.09266648	0.07831333	0.30449464	0.07032422	0.06835615
124.00000000	0.08772854	0.07894999	0.05619142	0.04868980	0.04857277	0.06387148	0.08396874	0.10579733	0.08627173	0.08430986	0.58495098	0.06468017	0.07011841
125.00000000	0.07719048	0.06942208	0.04997655	0.04340606	0.04341026	0.05695802	0.07422350	0.09312695	0.07566215	0.09128352	NaN	0.05617291	0.07149387
126.00000000	0.06797919	0.06113799	0.04469344	0.03893818	0.03905278	0.05107177	0.06576351	0.08191887	0.06637036	0.09983728	NaN	0.04878903	0.07374696
127.00000000	0.06607501	0.05930598	0.04339212	0.03777588	0.03794836	0.04980819	0.06411288	0.07998538	0.06523695	0.10454653	NaN	0.04729496	0.07562019
128.00000000	0.06671904	0.06008777	0.04370125	0.03801850	0.03823594	0.05040533	0.06498558	0.08076103	0.07206211	0.07684045	NaN	0.05144927	0.06396592
129.00000000	0.06697558	0.06042940	0.04381739	0.03810884	0.03835015	0.05066463	0.06536803	0.08107008	0.07563669	0.06181245	NaN	0.05362413	0.05759559
130.00000000	0.06551959	0.05951434	0.04320824	0.03765319	0.03793337	0.05005794	0.06426350	0.07879420	0.08046890	0.02854766	NaN	0.05671545	0.04307319

Level 4 Product: Surface Optical Data
Lu(0-)	Lu(0-)	Lu(0-)	Lu(0-)	Lu(0-)	Lu(0-)	Lu(0-)	Lu(0-)	Lu(0-)	Lu(0-)	Lu(0-)	Lu(0-)	Lu(0-)	
399.8	412.2	442.0	470.1	490.4	509.8	531.7	554.5	590.2	619.0	665.6	683.3	700.4	
1.66726831	2.14358309	2.18980777	2.08020150	1.56347705	0.94281676	0.58482281	0.35605906	0.11170078	0.03307664	0.01343811	0.00946746	0.00573696

Level 4 Product: Surface Optical Data
Ed(0-)	Ed(0-)	Ed(0-)	Ed(0-)	Ed(0-)	Ed(0-)	Ed(0-)	Ed(0-)	Ed(0-)	Ed(0-)	Ed(0-)	Ed(0-)	Ed(0-)	
399.8	411.5	442.6	469.8	490.9	509.6	531.5	554.9	589.4	619.4	665.7	682.5	700.2	
116.62823202	137.70708545	144.83826128	147.86537781	159.92335507	136.09774770	152.08287138	131.69848498	100.33893594	109.75644936	96.55115202	63.85371222	37.71073257

Level 4 Product: Water Leaving Radiances
Lw-Lu(0+)	Lw-Lu(0+)	Lw-Lu(0+)	Lw-Lu(0+)	Lw-Lu(0+)	Lw-Lu(0+)	Lw-Lu(0+)	Lw-Lu(0+)	Lw-Lu(0+)	Lw-Lu(0+)	Lw-Lu(0+)	Lw-Lu(0+)	Lw-Lu(0+)	
399.8	412.2	442.0	470.1	490.4	509.8	531.7	554.5	590.2	619.0	665.6	683.3	700.4	
0.90228475	1.16005464	1.18507031	1.12575408	0.84611547	0.51022933	0.31649177	0.19269044	0.06044973	0.01790027	0.00727238	0.00512356	0.00310470

Level 4 Product: Water Leaving Radiances
Lwn-Lu(0+)/Ed(0+)	Lwn-Lu(0+)/Ed(0+)	Lwn-Lu(0+)/Ed(0+)	Lwn-Lu(0+)/Ed(0+)	Lwn-Lu(0+)/Ed(0+)	Lwn-Lu(0+)/Ed(0+)	Lwn-Lu(0+)/Ed(0+)	Lwn-Lu(0+)/Ed(0+)	Lwn-Lu(0+)/Ed(0+)	Lwn-Lu(0+)/Ed(0+)	Lwn-Lu(0+)/Ed(0+)	Lwn-Lu(0+)/Ed(0+)	Lwn-Lu(0+)/Ed(0+)	
399.8	411.85	442.3	469.95	490.65	509.7	531.6	554.7	589.8	619.2	665.65	682.9	700.3	
1.09059016	1.39316249	1.45448638	1.45865777	0.96339444	0.69329388	0.37780102	0.26079414	0.10319141	0.02659178	0.01121987	0.01140655	0.01114012

Level 4 Product: Surface Remote Sensing Reflectances
RSR-Lu(0+)/Ed(0+)	RSR-Lu(0+)/Ed(0+)	RSR-Lu(0+)/Ed(0+)	RSR-Lu(0+)/Ed(0+)	RSR-Lu(0+)/Ed(0+)	RSR-Lu(0+)/Ed(0+)	RSR-Lu(0+)/Ed(0+)	RSR-Lu(0+)/Ed(0+)	RSR-Lu(0+)/Ed(0+)	RSR-Lu(0+)/Ed(0+)	RSR-Lu(0+)/Ed(0+)	RSR-Lu(0+)/Ed(0+)	RSR-Lu(0+)/Ed(0+)	
399.8	411.85	442.3	469.95	490.65	509.7	531.6	554.7	589.8	619.2	665.65	682.9	700.3	
0.00741747	0.00807677	0.00784470	0.00729949	0.00507263	0.00359443	0.00199525	0.00140280	0.00057762	0.00015637	0.00007222	0.00007693	0.00007894

Level 4 Product: Surface Reflectances
RFL-Eu(0+)/Ed(0+)	RFL-Eu(0+)/Ed(0+)	RFL-Eu(0+)/Ed(0+)	RFL-Eu(0+)/Ed(0+)	RFL-Eu(0+)/Ed(0+)	RFL-Eu(0+)/Ed(0+)	RFL-Eu(0+)/Ed(0+)	RFL-Eu(0+)/Ed(0+)	RFL-Eu(0+)/Ed(0+)	RFL-Eu(0+)/Ed(0+)	RFL-Eu(0+)/Ed(0+)	RFL-Eu(0+)/Ed(0+)	RFL-Eu(0+)/Ed(0+)	
399.8	411.85	442.3	469.95	490.65	509.7	531.6	554.7	589.8	619.2	665.65	682.9	700.3	
3.33786012	3.63454763	3.53011634	3.28477205	2.28268480	1.61749403	0.89786352	0.63125901	0.25992800	0.07036516	0.03249729	0.03461892	0.03552082

Level 4 Product: Photosynthetically Available Radiation
Profiler PAR	Profiler PAR	Profiler PAR	
Depth	Profiler Par	% Par (0+)	
3.00000000	71882909944471264.00000000	80.04492581
4.00000000	57928382891422984.00000000	64.50591822
5.00000000	63363944416753288.00000000	70.55866594
6.00000000	61447594673378072.00000000	68.42472238
7.00000000	48806790953238576.00000000	54.34860614
8.00000000	47824687733650072.00000000	53.25498904
9.00000000	40590401676275800.00000000	45.19927884
10.00000000	44767437478963528.00000000	49.85060029
11.00000000	40568031079420064.00000000	45.17436815
12.00000000	33342853374761448.00000000	37.12880053
13.00000000	39841206469621368.00000000	44.36501553
14.00000000	33265419542640196.00000000	37.04257439
15.00000000	40160654777981616.00000000	44.72073591
16.00000000	32834948998979660.00000000	36.56322565
17.00000000	31844068896019676.00000000	35.45983509
18.00000000	31185657859198548.00000000	34.72666412
19.00000000	29165305097264880.00000000	32.47690841
20.00000000	25470969987838040.00000000	28.36309638
21.00000000	24754760965425288.00000000	27.56556470
22.00000000	25345522808465576.00000000	28.22340518
23.00000000	22610853758110768.00000000	25.17822543
24.00000000	27928391718564196.00000000	31.09954848
25.00000000	22105370348749320.00000000	24.61534641
26.00000000	24001710458944732.00000000	26.72700833
27.00000000	21845695559026560.00000000	24.32618659
28.00000000	19370180262277412.00000000	21.56958647
29.00000000	22008447386541476.00000000	24.50741824
30.00000000	17346759908501312.00000000	19.31641486
31.00000000	17401780741301554.00000000	19.37768309
32.00000000	17463879206573076.00000000	19.44683258
33.00000000	17385971458474342.00000000	19.36007872
34.00000000	16654973005633782.00000000	18.54607833
35.00000000	15401912132579184.00000000	17.15073743
36.00000000	14124442959142326.00000000	15.72821676
37.00000000	14719357456790672.00000000	16.39068141
38.00000000	14670221420771024.00000000	16.33596617
39.00000000	12994342016206378.00000000	14.46979739
40.00000000	12053188842116288.00000000	13.42178005
41.00000000	12094758078055744.00000000	13.46806931
42.00000000	11317305221707354.00000000	12.60233980
43.00000000	10644883906801672.00000000	11.85356774
44.00000000	10548246112249698.00000000	11.74595711
45.00000000	9628536336078468.00000000	10.72181798
46.00000000	9825583523117914.00000000	10.94123909
47.00000000	9351400489497240.00000000	10.41321448
48.00000000	8762114759251673.00000000	9.75701772
49.00000000	7984945214098681.00000000	8.89160369
50.00000000	7858479299563406.00000000	8.75077808
51.00000000	7762170194634562.00000000	8.64353346
52.00000000	7381894341656341.00000000	8.22007881
53.00000000	6809892070237919.00000000	7.58312798
54.00000000	6464167339752289.00000000	7.19814759
55.00000000	6118393004368970.00000000	6.81311197
56.00000000	5644798593146946.00000000	6.28574281
57.00000000	5501767011402671.00000000	6.12647057
58.00000000	5440530847627750.00000000	6.05828129
59.00000000	5892875259199360.00000000	6.56198759
60.00000000	6944023275257921.00000000	7.73248924
61.00000000	5452245222010641.00000000	6.07132578
62.00000000	5199703036235946.00000000	5.79010844
63.00000000	5205357064605743.00000000	5.79640446
64.00000000	5215797968637489.00000000	5.80803089
65.00000000	5370894244867639.00000000	5.98073773
66.00000000	5481357851782766.00000000	6.10374403
67.00000000	5425870867484427.00000000	6.04195672
68.00000000	5459047467657568.00000000	6.07890039
69.00000000	5691439281144936.00000000	6.33767936
70.00000000	5136889508604535.00000000	5.72016269
71.00000000	3482207105036392.50000000	3.87759774
72.00000000	3401032130362781.50000000	3.78720568
73.00000000	2866342150240021.00000000	3.19180379
74.00000000	2044340795735537.70000000	2.27646749
75.00000000	1636163523908329.50000000	1.82194332
76.00000000	1473931697785093.20000000	1.64129073
77.00000000	1356981324390555.70000000	1.51106111
78.00000000	1268840434012765.50000000	1.41291217
79.00000000	1182826078389260.00000000	1.31713123
80.00000000	1100213643573796.40000000	1.22513849
81.00000000	1025344823683650.40000000	1.14176861
82.00000000	957420711629424.50000000	1.06613199
83.00000000	879992696668826.25000000	0.97991233
84.00000000	818385030254527.50000000	0.91130937
85.00000000	781652530212969.75000000	0.87040604
86.00000000	733925681020831.37000000	0.81726000
87.00000000	675605984519686.25000000	0.75231833
88.00000000	622488227923469.50000000	0.69316927
89.00000000	584767871784858.87000000	0.65116592
90.00000000	564278601964829.75000000	0.62835017
91.00000000	538903436084525.69000000	0.60009376
92.00000000	503935440451920.50000000	0.56115529
93.00000000	469732664219492.31000000	0.52306892
94.00000000	436275823338010.87000000	0.48581319
95.00000000	410449290471481.75000000	0.45705416
96.00000000	392673831379373.12000000	0.43726037
97.00000000	376877980913127.00000000	0.41967096
98.00000000	356003694342892.75000000	0.39642648
99.00000000	333501193703653.81000000	0.37136892
100.00000000	315715304680810.87000000	0.35156351
101.00000000	305018275691725.81000000	0.33965188
102.00000000	292739087886600.44000000	0.32597844
103.00000000	275448660166931.72000000	0.30672475
104.00000000	258475625294623.53000000	0.28782449
105.00000000	245202541554118.12000000	0.27304431
106.00000000	235698496192705.97000000	0.26246111
107.00000000	227011430755668.97000000	0.25278767
108.00000000	217487531076692.19000000	0.24218237
109.00000000	209349327962129.75000000	0.23312010
110.00000000	202476220036292.91000000	0.22546658
111.00000000	195603083519538.84000000	0.21781303
112.00000000	188729915129300.66000000	0.21015944
113.00000000	181856711050536.81000000	0.20250581
114.00000000	174983466820622.09000000	0.19485214
115.00000000	168110177182184.78000000	0.18719841
116.00000000	161236835892619.78000000	0.17954463
117.00000000	154363435474062.75000000	0.17189078
118.00000000	147489966879984.62000000	0.16423686
119.00000000	140616419042391.59000000	0.15658285
120.00000000	133742778243547.16000000	0.14892873
121.00000000	126869027221374.58000000	0.14127450
122.00000000	119995143853646.86000000	0.13362011
123.00000000	113121099136059.70000000	0.12596555
124.00000000	106250890171088.70000000	0.11831525
125.00000000	100924667002771.17000000	0.11238426
126.00000000	97036165022853.75000000	0.10805423
127.00000000	93148439790411.40600000	0.10372507
128.00000000	89261055373488.87500000	0.09939629
129.00000000	85472027714632.37500000	0.09517703
130.00000000	82164798814904.60900000	0.09149428
