PROSOFT : ProSoft 7.6
CRUISE-ID : EMTEC
STATION-ID : I1B-123
OPERATOR : Unknown
LATITUDE : 38 30.21 N
LONGITUDE : 17 59.95 E
PRESSURE-TARE : 0.000000
CAST : B
PROFILER : WET
REFERENCE : WET
TIME-STAMP : Wed May 05 11:18:23 1999
PRO-DARK : OFF
REF-DARK : OFF
COMMENT : 11:15
PROCESSING_LEVEL : 4
FILE_CREATION_TIME : 10-Feb-2004 10:44:09
DEGLITCH_PRODAT : ON
PRO_NOISE_THRESH : 5
UPPER_PRES_LEVEL : 30
LOWER_PRES_LEVEL : 200
DEGLITCH_REFDAT : OFF
PRES_TARE_CORRECTED : 0
DEPTH_RESOLUTION : 0.1m
BIN_INTERVAL : 1m
BIN_WIDTH : 0.5m
TIME_INTERVAL : 2sec
TIME_WIDTH : 1sec
WAVEL_INTERP : 0nm
INTEGRATION_POINTS : 5
REFLECTION_ALBEDO : 0.043
REFLECTANCE_INDEX : 0.021
REFRACTIVE_INDEX : 1.345

Level 4 Product: K Values
K_Lu	K_Lu	K_Lu	K_Lu	K_Lu	K_Lu	K_Lu	K_Lu	K_Lu	K_Lu	K_Lu	K_Lu	K_Lu	K_Lu	
#Depth	399.8	412.2	442.0	470.1	490.4	509.8	531.7	554.5	590.2	619.0	665.6	683.3	700.4	
4.00000000	0.02986324	0.02489402	0.01620564	0.01244882	0.00933597	0.01601312	0.02309591	0.03752296	0.09706157	0.19719953	0.21339417	0.16793083	0.08801277
5.00000000	0.04629306	0.04133579	0.03240718	0.02815529	0.02561021	0.03285398	0.04143838	0.05412456	0.10780398	0.19110273	0.19400324	0.15140585	0.08835559
6.00000000	0.05290592	0.04766260	0.03834682	0.03356873	0.03119853	0.03859924	0.04726130	0.05971178	0.11282574	0.18688020	0.18083795	0.13872675	0.08424888
7.00000000	0.06588778	0.06055614	0.04979997	0.04419351	0.04154540	0.04922287	0.05913049	0.07147068	0.12132951	0.17650119	0.15341408	0.11131732	0.07543673
8.00000000	0.07176113	0.06619824	0.05481037	0.04852868	0.04576221	0.05375163	0.06453397	0.07751180	0.12762744	0.17082635	0.13847044	0.09777192	0.07196993
9.00000000	0.06506093	0.05939781	0.04748696	0.04106967	0.03796140	0.04496513	0.05477445	0.06724877	0.11416332	0.14460399	0.10754107	0.06607524	0.05507659
10.00000000	0.06476118	0.05918058	0.04712278	0.04081584	0.03770387	0.04444521	0.05434365	0.06636798	0.11117215	0.12938976	0.09050442	0.05448636	0.05210458
11.00000000	0.06597054	0.06032731	0.04863578	0.04221145	0.03922973	0.04545736	0.05456094	0.06561351	0.10705911	0.11296040	0.07622021	0.04597484	0.05067834
12.00000000	0.06439688	0.05880149	0.04650115	0.03978487	0.03619529	0.04078321	0.04835679	0.05804919	0.09546927	0.09360872	0.06178580	0.03588637	0.04633984
13.00000000	0.07550824	0.06968197	0.05641953	0.04890994	0.04501597	0.05093530	0.06028669	0.07185107	0.11069639	0.10073750	0.07126626	0.04980214	0.05745740
14.00000000	0.07177923	0.06583825	0.05227291	0.04448563	0.04031826	0.04487949	0.05274084	0.06282000	0.09682371	0.08023986	0.05417366	0.03145202	0.04828202
15.00000000	0.07703346	0.07094322	0.05712219	0.04906697	0.04497107	0.05036458	0.05936111	0.07043894	0.10653211	0.08549579	0.06027312	0.03907118	0.05502085
16.00000000	0.07561024	0.06931579	0.05573204	0.04744662	0.04341011	0.04790235	0.05549929	0.06503590	0.09703877	0.07354453	0.05007989	0.02611307	0.04952658
17.00000000	0.07423837	0.06788979	0.05304874	0.04453718	0.04001808	0.04341273	0.05008814	0.05893943	0.08994445	0.06848280	0.04723983	0.02321440	0.04782047
18.00000000	0.07410603	0.06787843	0.05352280	0.04474904	0.04013687	0.04286584	0.04857701	0.05611871	0.08205958	0.06059766	0.03932889	0.01103873	0.04335071
19.00000000	0.07627681	0.07034351	0.05578989	0.04708030	0.04207497	0.04427029	0.04941440	0.05651240	0.07905402	0.06075890	0.03907196	0.00525430	0.04330435
20.00000000	0.08041227	0.07451122	0.05998316	0.05106975	0.04629726	0.04889226	0.05482169	0.06196617	0.08430281	0.06632148	0.04001254	-0.00017218	0.04458319
21.00000000	0.07293014	0.06693247	0.05323475	0.04429918	0.03955593	0.04044621	0.04370370	0.04827311	0.06420817	0.04625242	0.01613163	-0.03461990	0.02613097
22.00000000	0.08125319	0.07506833	0.06041801	0.05111829	0.04621319	0.04822739	0.05252128	0.05892101	0.07673195	0.05827741	0.02831828	-0.01980460	0.03550713
23.00000000	0.08425695	0.07831357	0.06415209	0.05483244	0.05014379	0.05204186	0.05629185	0.06180231	0.07506268	0.05442141	0.02556620	-0.01985101	0.03618907
24.00000000	0.09152689	0.08577313	0.07136830	0.06197172	0.05715214	0.05994521	0.06544781	0.07203630	0.08465180	0.06228563	0.03565378	-0.00508109	0.04530088
25.00000000	0.09488122	0.08915312	0.07455565	0.06498025	0.06036719	0.06386200	0.07059790	0.07788864	0.09104191	0.06684862	0.03927990	0.00060266	0.04935621
26.00000000	0.09044592	0.08484956	0.07096030	0.06140152	0.05690849	0.05951574	0.06544902	0.07154742	0.08144021	0.05706673	0.02651298	-0.01518373	0.03786995
27.00000000	0.09304427	0.08648194	0.07283993	0.06323248	0.05869939	0.06109703	0.06679740	0.07286338	0.08159865	0.05969008	0.02744746	-0.01315400	0.03847750
28.00000000	0.09774091	0.09072724	0.07767318	0.06807247	0.06369062	0.06599795	0.07162054	0.07712052	0.08318403	0.06372545	0.02945392	-0.00878914	0.04102577
29.00000000	0.09904928	0.09236638	0.07956360	0.06990321	0.06570369	0.06793330	0.07364406	0.07883100	0.08284572	0.06444741	0.03045970	-0.00315299	0.04278327
30.00000000	0.09677010	0.09110910	0.07866097	0.06900812	0.06497253	0.06733825	0.07325080	0.07839674	0.08052337	0.06054961	0.02850736	0.00074431	0.04262857
31.00000000	0.09619954	0.09271316	0.07963190	0.06989046	0.06603332	0.06863712	0.07474845	0.08003021	0.08012788	0.05905377	0.03072906	0.00834813	0.04349308
32.00000000	0.09696807	0.09593425	0.08104627	0.07133642	0.06759796	0.06983689	0.07579260	0.08056209	0.07806419	0.05883801	0.03514494	0.01698240	0.04743685
33.00000000	0.10136889	0.10178319	0.08636004	0.07684551	0.07321948	0.07562889	0.08121888	0.08552086	0.08026110	0.06387957	0.04298085	0.02680038	0.05499242
34.00000000	0.10598879	0.10633452	0.09144106	0.08208993	0.07867967	0.08290725	0.08718905	0.09121062	0.08471188	0.07022318	0.05052766	0.03496760	0.06179222
35.00000000	0.10501105	0.10367152	0.09020774	0.08083897	0.07753184	0.08314991	0.08583568	0.08921140	0.08151364	0.06758169	0.04734815	0.03169074	0.05931869
36.00000000	0.10317425	0.09977214	0.08790036	0.07795568	0.07461769	0.08031956	0.08258545	0.08559274	0.07660942	0.06128452	0.04193501	0.02549300	0.05382031
37.00000000	0.10436224	0.10065102	0.09059659	0.07893530	0.07561067	0.08000633	0.08329738	0.08583717	0.07491558	0.06134166	0.04239398	0.02703856	0.05365591
38.00000000	0.10849405	0.10534877	0.09703913	0.08451628	0.08133776	0.08360961	0.08891314	0.09084786	0.07743778	0.06602198	0.04931682	0.03736428	0.06043245
39.00000000	0.11192306	0.10920853	0.10145988	0.08889282	0.08597224	0.08700164	0.09303500	0.09389923	0.07818976	0.06904073	0.05400673	0.04556761	0.06647616
40.00000000	0.10978164	0.10720713	0.09847541	0.08657458	0.08491067	0.08392456	0.08951810	0.08907540	0.07124596	0.06353262	0.04653103	0.03962622	0.06178351
41.00000000	0.11110108	0.10838871	0.09748210	0.08803175	0.08677101	0.08371151	0.08937555	0.08835495	0.06863646	0.05874694	0.03887433	0.03224178	0.05657514
42.00000000	0.11461530	0.11193404	0.10036512	0.09209913	0.09021370	0.08633856	0.09226345	0.09061568	0.06937578	0.05932702	0.03714440	0.02966183	0.05516797
43.00000000	0.11579160	0.11311108	0.10137664	0.09323030	0.09052195	0.08686739	0.09223623	0.08957691	0.06778098	0.05677442	0.03307735	0.02516957	0.05106330
44.00000000	0.11742700	0.11457459	0.10224097	0.09282765	0.08921385	0.08700806	0.09180850	0.08824212	0.06578907	0.05443608	0.02957907	0.02129435	0.04673571
45.00000000	0.11745600	0.11474370	0.10190144	0.09003297	0.08722794	0.08599346	0.09104849	0.08700416	0.06418406	0.05248903	0.02547649	0.01678170	0.04083886
46.00000000	0.11943123	0.11678689	0.10353942	0.09059076	0.08869057	0.08761846	0.09340909	0.08938028	0.06550704	0.05266428	0.02303994	0.01485699	0.03449359
47.00000000	0.12173531	0.11917452	0.10560739	0.09237487	0.09076066	0.09002160	0.09674516	0.09279035	0.06853026	0.05470020	0.03020279	0.02516979	0.03643753
48.00000000	0.12033726	0.11759520	0.10333171	0.08994867	0.08869805	0.08828150	0.09535786	0.09171381	0.06801234	0.05379925	0.04459816	0.04894239	0.05006964
49.00000000	0.11862352	0.11539775	0.10003764	0.08640531	0.08559367	0.08579667	0.09327931	0.09055657	0.06796246	0.05522844	0.06612699	0.08293197	0.07423651
50.00000000	0.11918279	0.11567114	0.09932486	0.08547010	0.08509912	0.08632452	0.09490291	0.09390666	0.07368881	0.06413273	0.09202651	0.11837655	0.10335737
51.00000000	0.11873486	0.11515297	0.09849381	0.08476335	0.08456044	0.08660782	0.09614268	0.09674763	0.07919089	0.07221372	0.10623436	0.13484999	0.11932508
52.00000000	0.11644483	0.11267988	0.09577697	0.08219425	0.08183784	0.08408157	0.09362882	0.09463835	0.07905280	0.07252944	0.10227811	0.12741719	0.11553506
53.00000000	0.11467667	0.11060045	0.09309876	0.07934602	0.07887236	0.08096993	0.09008691	0.09080969	0.07531610	0.06769568	0.09100785	0.11215938	0.10386122
54.00000000	0.11652449	0.11224854	0.09388145	0.07974430	0.07937118	0.08154803	0.09086834	0.09157190	0.07574958	0.06570619	0.08332106	0.10295925	0.09767839
55.00000000	0.11869419	0.11426366	0.09522286	0.08096304	0.08067628	0.08327910	0.09312958	0.09443051	0.07787236	0.06733754	0.08131199	0.09864497	0.09416068
56.00000000	0.11786154	0.11330344	0.09370310	0.07962937	0.07914495	0.08227076	0.09255194	0.09455700	0.07992648	0.06882149	0.07829604	0.09080613	0.08906610
57.00000000	0.11449982	0.10963451	0.08943413	0.07569638	0.07492783	0.07860077	0.08882781	0.09230623	0.08185345	0.07085485	0.07783392	0.08634922	0.08572269
58.00000000	0.11207057	0.10673549	0.08592827	0.07231467	0.07135039	0.07584041	0.08625501	0.09154843	0.08460574	0.07555111	0.08321962	0.08950574	0.08749958
59.00000000	0.11265148	0.10714775	0.08551298	0.07189494	0.07087167	0.07621472	0.08734730	0.09478794	0.09083112	0.08221768	0.09087981	0.09668595	0.09339336
60.00000000	0.11039376	0.10510888	0.08331455	0.07015484	0.06903685	0.07503049	0.08647575	0.09550656	0.09258599	0.08482677	0.09595376	0.10148795	0.09620857
61.00000000	0.10565793	0.10037850	0.07863153	0.06601351	0.06466353	0.07101685	0.08233270	0.09152731	0.08972254	0.08234271	0.09560908	0.10163617	0.09397070
62.00000000	0.10050515	0.09495667	0.07318798	0.06114387	0.05963483	0.06637721	0.07731083	0.08713047	0.08739283	0.08000760	0.09845733	0.11094659	0.09500406
63.00000000	0.09814840	0.09212323	0.07049184	0.05881329	0.05738480	0.06486316	0.07584576	0.08662455	0.09030840	0.08315525	0.11009582	0.13295186	0.10368566
64.00000000	0.09976117	0.09340912	0.07180749	0.06043139	0.05906126	0.06744711	0.07910001	0.09110730	0.09672607	0.08907289	0.12271112	0.15072779	0.11412968
65.00000000	0.10097715	0.09446879	0.07296735	0.06219268	0.06075888	0.06980443	0.08179638	0.09459301	0.10111902	0.09472897	0.12920563	0.15586222	0.11739260
66.00000000	0.10192380	0.09527947	0.07402731	0.06367127	0.06203833	0.07163994	0.08392732	0.09693816	0.10467698	0.09806298	0.13223324	0.15465642	0.11925742
67.00000000	0.10305998	0.09633111	0.07500720	0.06511039	0.06334482	0.07353423	0.08626598	0.09936735	0.10847168	0.10381350	0.13691849	0.15350756	0.11803337
68.00000000	0.10503037	0.09813674	0.07694765	0.06743378	0.06571049	0.07648443	0.08982205	0.10270378	0.11144582	0.11247614	0.14032633	0.15094271	0.12487367
69.00000000	0.10652136	0.09990687	0.07910796	0.07000045	0.06839031	0.07953334	0.09332193	0.10487459	0.11190099	0.11235113	0.14440123	0.13981726	0.12330952
70.00000000	0.10711316	0.10063878	0.08019451	0.07146574	0.07002625	0.08125478	0.09531155	0.10536550	0.10928774	0.10973212	0.13351578	0.11889919	0.11805485
71.00000000	0.10676100	0.10092773	0.08084413	0.07234225	0.07102306	0.08237676	0.09643197	0.10413779	0.10466612	0.10518308	0.12531659	0.10052093	0.10513835
72.00000000	0.10841882	0.10133587	0.08150559	0.07325744	0.07212186	0.08376204	0.09841949	0.10419667	0.10290848	0.09883858	0.11987108	0.09490123	0.10009004
73.00000000	0.10864097	0.10124877	0.08162929	0.07374504	0.07272405	0.08485922	0.10058525	0.10428568	0.10032666	0.09504543	0.11228632	0.09472630	0.10323004
74.00000000	0.10825297	0.10066631	0.08115905	0.07361006	0.07285023	0.08551772	0.10212518	0.10358304	0.09839850	0.09107524	0.11655105	0.09823112	0.10072141
75.00000000	0.10929382	0.10046359	0.08081297	0.07336831	0.07295029	0.08625838	0.10410069	0.10518315	0.09401687	0.09040826	0.12123854	0.10256769	0.10978933
76.00000000	0.10852337	0.10068378	0.08043902	0.07330244	0.07325824	0.08736738	0.10584002	0.10569448	0.09147138	0.09352836	0.13047705	0.10613886	0.10763139
77.00000000	0.11082829	0.10090680	0.08095484	0.07380037	0.07410997	0.08926896	0.10887708	0.10875330	0.09658801	0.10015143	0.14977490	0.12103454	0.11928252
78.00000000	0.10962567	0.09989107	0.07963668	0.07289770	0.07319543	0.08889764	0.11011198	0.10858581	0.10966020	0.10210942	0.16005666	0.14274020	0.13074776
79.00000000	0.10583893	0.09567941	0.07565813	0.06930609	0.06933743	0.08484847	0.10710704	0.10497997	0.11370436	0.10201897	0.15967132	0.15273263	0.14484765
80.00000000	0.09925850	0.08880015	0.06966753	0.06321137	0.06294402	0.07721932	0.09915221	0.09582074	0.10298468	0.10334474	0.16018083	0.14737691	0.14681633
81.00000000	0.09579455	0.08530834	0.06602627	0.05935543	0.05891897	0.07207287	0.09397924	0.08949446	0.09684632	0.09101136	0.15127867	0.14090563	0.14120251
82.00000000	0.09491695	0.08336881	0.06421382	0.05713404	0.05683687	0.06906574	0.08974939	0.08919744	0.10185652	0.08645809	0.16455622	0.13685787	0.13631131
83.00000000	0.09518846	0.08402802	0.06375153	0.05674151	0.05668960	0.06887209	0.09090480	0.08418859	0.10711475	0.07532861	0.19006151	0.14759609	0.12357873
84.00000000	0.09778746	0.08565062	0.06433477	0.05756491	0.05760880	0.07005830	0.09317070	0.08577592	0.11405725	0.06771169	0.20275370	0.15662846	0.12856351
85.00000000	0.09392319	0.08311802	0.06159836	0.05530533	0.05544101	0.06769203	0.09074554	0.07760814	0.10361185	0.07110482	0.22841805	0.15374676	0.12168784

Level 4 Product: K Values
K_Ed	K_Ed	K_Ed	K_Ed	K_Ed	K_Ed	K_Ed	K_Ed	K_Ed	K_Ed	K_Ed	K_Ed	K_Ed	K_Ed	
Depth	399.8	411.5	442.6	469.8	490.9	509.6	531.5	554.9	589.4	619.4	665.7	682.5	700.2	
4.00000000	0.09883800	0.08990467	0.08116063	0.07446336	0.08009870	0.10413558	0.13024699	0.13779194	0.22634665	0.37108080	0.49304786	0.52095122	0.71274760
5.00000000	0.04508394	0.04266823	0.02692255	0.02326183	0.01814878	0.03435894	0.05223483	0.06029318	0.13801770	0.28278200	0.40176304	0.42318336	0.58637818
6.00000000	0.04751053	0.04294453	0.03049350	0.02655300	0.02291459	0.03941392	0.05425862	0.06462472	0.14280368	0.28919722	0.41194218	0.42378673	0.57710276
7.00000000	0.06931960	0.06276371	0.05685318	0.05515147	0.05732103	0.07596598	0.08380084	0.10015936	0.18380285	0.33123911	0.46331021	0.46078595	0.54202971
8.00000000	0.06049548	0.05677715	0.05023717	0.04930149	0.04886189	0.06108346	0.07003585	0.08739032	0.16632153	0.32936969	0.46697860	0.43480997	0.43437630
9.00000000	0.05984351	0.05163713	0.04567493	0.04162701	0.04749078	0.06243552	0.07198065	0.08963438	0.17433277	0.33647303	0.47649701	0.42272492	0.34974269
10.00000000	0.04361679	0.03841057	0.02850124	0.02500710	0.02643513	0.03909297	0.04915308	0.06504305	0.14469748	0.30352087	0.42835390	0.34747797	0.21722171
11.00000000	0.02435377	0.01920851	0.00599966	0.00093485	0.00025253	0.01177114	0.02169011	0.03539384	0.10976385	0.25776933	0.37138658	0.26382725	0.12969698
12.00000000	0.06160225	0.05694211	0.04917827	0.04677323	0.04754757	0.06225374	0.07251863	0.08792638	0.16303819	0.30434172	0.41855155	0.27939919	0.12991382
13.00000000	0.05338379	0.04905931	0.03942159	0.03645092	0.03591440	0.04902798	0.05860721	0.07364008	0.14676189	0.28850144	0.40433838	0.23080055	0.08696750
14.00000000	0.04699416	0.04248291	0.03180861	0.02845688	0.02849263	0.04210471	0.05247915	0.06822996	0.14523913	0.29047763	0.41147310	0.19718662	0.06574150
15.00000000	0.05752520	0.05228862	0.04358328	0.04043420	0.03979599	0.05542976	0.06646525	0.08268978	0.16081503	0.29764497	0.40826310	0.17161287	0.06420496
16.00000000	0.05103886	0.04647174	0.03513518	0.03149037	0.03180884	0.04595633	0.05712702	0.07299072	0.15028668	0.27081655	0.36931472	0.12765645	0.05406608
17.00000000	0.04946552	0.04370932	0.03257623	0.02798167	0.02763247	0.04211943	0.05251330	0.06731346	0.14113203	0.25444091	0.32537739	0.09729434	0.04426868
18.00000000	0.06427218	0.05914766	0.04898625	0.04524256	0.04456623	0.05946873	0.07083065	0.08575311	0.15758937	0.26327266	0.29792728	0.09317384	0.05771498
19.00000000	0.06743791	0.06370249	0.05250162	0.04951530	0.04971310	0.06395413	0.07646950	0.09301568	0.16897641	0.28136478	0.28187722	0.08873345	0.06437212
20.00000000	0.06064787	0.05475529	0.04291976	0.03813548	0.03725609	0.05215950	0.06298332	0.07919470	0.15533645	0.25937827	0.23474681	0.06817950	0.04908669
21.00000000	0.07515740	0.07052021	0.05880419	0.05500610	0.05545050	0.06974086	0.08098966	0.09779859	0.17213895	0.25014973	0.20893596	0.07883079	0.06800379
22.00000000	0.05766090	0.05126632	0.03613142	0.02926322	0.02772494	0.03958498	0.04784171	0.06145562	0.12731110	0.18891069	0.13426469	0.04510520	0.03918229
23.00000000	0.07956550	0.07349275	0.06003225	0.05400655	0.05249028	0.06560760	0.07496691	0.08950165	0.15606330	0.19465710	0.11818644	0.06395115	0.06140116
24.00000000	0.08354474	0.07810155	0.06287528	0.05658127	0.05487475	0.06768771	0.07819921	0.09383639	0.16517503	0.19317813	0.09925850	0.06439190	0.06542626
25.00000000	0.07348145	0.06675099	0.04950929	0.04136564	0.03855343	0.05111120	0.06071731	0.07599269	0.14886648	0.16611489	0.07039388	0.04762843	0.04900119
26.00000000	0.08591221	0.07997671	0.06453791	0.05744056	0.05506211	0.06777467	0.07775519	0.09302741	0.16209123	0.16265987	0.07083505	0.06206753	0.06425267
27.00000000	0.08828536	0.08261755	0.06698265	0.05961128	0.05682786	0.06802535	0.07697479	0.09040430	0.15116112	0.13783439	0.05860873	0.06195670	0.06537111
28.00000000	0.09565410	0.09025962	0.07494295	0.06785598	0.06532590	0.07697759	0.08655731	0.10104442	0.16234448	0.13431287	0.05782206	0.06894981	0.07338647
29.00000000	0.08850477	0.08235626	0.06448270	0.05581724	0.05250736	0.06401461	0.07361219	0.08842094	0.15516020	0.11819036	0.04010431	0.05576015	0.06176064
30.00000000	0.08803667	0.08138509	0.06277226	0.05328287	0.04951631	0.06125648	0.07075583	0.08579249	0.15499952	0.10826579	0.03068805	0.05114874	0.05828796
31.00000000	0.08957293	0.08332702	0.06560534	0.05618829	0.05249964	0.06336030	0.07201807	0.08617694	0.15092490	0.09845376	0.02770202	0.05212185	0.06016396
32.00000000	0.09414430	0.08876030	0.07270520	0.06378929	0.06022741	0.07011793	0.07808015	0.09115726	0.14994573	0.09350785	0.03130340	0.05852749	0.06649389
33.00000000	0.10021560	0.09573559	0.08087770	0.07253499	0.06944635	0.07926418	0.08763540	0.10124839	0.15798131	0.09596219	0.04024091	0.06791201	0.07534436
34.00000000	0.09462580	0.08991147	0.07359339	0.06416703	0.06069113	0.07022956	0.07851222	0.09236178	0.15107196	0.08561987	0.03568216	0.06108694	0.06786848
35.00000000	0.09329320	0.08812007	0.07126333	0.06117470	0.05745872	0.06777626	0.07655128	0.09136727	0.15292601	0.07996106	0.03552349	0.05875600	0.06484491
36.00000000	0.09418626	0.08919483	0.07255804	0.06245644	0.05884131	0.06895159	0.07771200	0.09244549	0.15243824	0.07813343	0.03904614	0.06021658	0.06624370
37.00000000	0.09708689	0.09257955	0.07747999	0.06798987	0.06472045	0.07433911	0.08261232	0.09642893	0.15057779	0.07943184	0.04450149	0.06504411	0.07103750
38.00000000	0.09874876	0.09485298	0.08065187	0.07172164	0.06898246	0.07788901	0.08589413	0.09938434	0.14984908	0.08106076	0.04776040	0.06796760	0.07474378
39.00000000	0.09228528	0.08801178	0.07312018	0.06365049	0.06078038	0.06898466	0.07633112	0.08927096	0.13816836	0.07220566	0.04016673	0.05939245	0.06653810
40.00000000	0.09496955	0.09038961	0.07541721	0.06567735	0.06275345	0.07177512	0.07983404	0.09382427	0.14430717	0.07342477	0.04468120	0.06272373	0.06848050
41.00000000	0.09698541	0.09258971	0.07738154	0.06751548	0.06451556	0.07362436	0.08209727	0.09652568	0.14723788	0.07462054	0.04986143	0.06606816	0.07068429
42.00000000	0.09516039	0.09085908	0.07543449	0.06521549	0.06162173	0.06998621	0.07785817	0.09133035	0.13876466	0.07073385	0.04702297	0.06314095	0.06731054
43.00000000	0.09729150	0.09317297	0.07794090	0.06756769	0.06363795	0.07159749	0.07916189	0.09216749	0.13654981	0.07146986	0.04617430	0.06372015	0.06849202
44.00000000	0.09815414	0.09426327	0.07953403	0.06942268	0.06578329	0.07375921	0.08157111	0.09494524	0.13812619	0.07175821	0.04381531	0.06378988	0.06980273
45.00000000	0.10160110	0.09791553	0.08372631	0.07387192	0.07063246	0.07894724	0.08732980	0.10145827	0.14435148	0.07486690	0.04561349	0.06789709	0.07421554
46.00000000	0.10338439	0.09995293	0.08593610	0.07618870	0.07320994	0.08101283	0.08933543	0.10329133	0.14451067	0.07654272	0.04591380	0.06927416	0.07649015
47.00000000	0.10057863	0.09718498	0.08285659	0.07266902	0.06940155	0.07575439	0.08297482	0.09566564	0.13314185	0.07182594	0.03307418	0.06110690	0.07114916
48.00000000	0.10132585	0.09793584	0.08368768	0.07292468	0.06911854	0.07401917	0.07998159	0.09145204	0.12446025	0.07045247	0.01827582	0.05371504	0.06803338
49.00000000	0.10799010	0.10505257	0.09167737	0.08094002	0.07730839	0.08158550	0.08747388	0.09896181	0.12907441	0.07601981	0.01858941	0.05827938	0.07396400
50.00000000	0.11139031	0.10900014	0.09613632	0.08549896	0.08257763	0.08635266	0.09252688	0.10440876	0.13306196	0.07854159	0.03001174	0.06721601	0.08026076
51.00000000	0.10882140	0.10633035	0.09280284	0.08166819	0.07911464	0.08210289	0.08810289	0.09965580	0.12699524	0.07465492	0.04852921	0.07463081	0.08007992
52.00000000	0.10621421	0.10342223	0.08941001	0.07791420	0.07562156	0.07835308	0.08419349	0.09540456	0.12017887	0.07170913	0.07049400	0.08317869	0.08003653
53.00000000	0.10860052	0.10580443	0.09206980	0.08078162	0.07888191	0.08195084	0.08824825	0.09985035	0.12201439	0.07571594	0.09072033	0.09366007	0.08509161
54.00000000	0.11001035	0.10746693	0.09403948	0.08310269	0.08167184	0.08511704	0.09193096	0.10402509	0.12440782	0.08068773	0.09981660	0.09858969	0.08809125
55.00000000	0.10733713	0.10496925	0.09121946	0.08025568	0.07917602	0.08244416	0.08930244	0.10197748	0.12074357	0.07943965	0.09489397	0.09465696	0.08514674
56.00000000	0.10418231	0.10149743	0.08731907	0.07594374	0.07500511	0.07775685	0.08438859	0.09683959	0.11404811	0.07510422	0.08645793	0.08829053	0.08000901
57.00000000	0.10464208	0.10248515	0.08825550	0.07672664	0.07596583	0.07822633	0.08474194	0.09693322	0.10881757	0.07490820	0.08072299	0.08572253	0.07267278
58.00000000	0.10998434	0.10808766	0.09383003	0.08222733	0.08178502	0.08374785	0.09045115	0.10267987	0.11281155	0.07819590	0.08196774	0.08892808	0.08039118
59.00000000	0.11155703	0.10930750	0.09507105	0.08353769	0.08342893	0.08521440	0.09212875	0.10397486	0.11357847	0.07975147	0.08238092	0.08911258	0.08492901
60.00000000	0.10891297	0.10618069	0.09116538	0.07948402	0.07935645	0.08094163	0.08766220	0.09929688	0.10934047	0.07761080	0.07989638	0.08483992	0.08426878
61.00000000	0.10669006	0.10400407	0.08766095	0.07600883	0.07581718	0.07745511	0.08409540	0.09543335	0.11056479	0.07504292	0.07656554	0.08121271	0.08349079
62.00000000	0.10734411	0.10669015	0.08874012	0.07751895	0.07747027	0.07934407	0.08637230	0.09785093	0.10658526	0.07718500	0.07977194	0.08177058	0.07870519
63.00000000	0.10970866	0.11031042	0.09134791	0.08029631	0.08033183	0.08231119	0.08946051	0.10121351	0.10585225	0.08063685	0.08355770	0.08409000	0.08144877
64.00000000	0.10954761	0.10969942	0.09042238	0.07927012	0.07932890	0.08131349	0.08858047	0.10003193	0.10168706	0.08050296	0.08772742	0.08599525	0.08080506
65.00000000	0.10878292	0.10729286	0.08852936	0.07684604	0.07689376	0.07905372	0.08694039	0.09773585	0.09716504	0.07897826	0.09399707	0.08839163	0.07999267
66.00000000	0.10908976	0.10608578	0.08805813	0.07622090	0.07634630	0.07909648	0.08755097	0.09839570	0.10077478	0.07890629	0.09616287	0.09186238	0.07911872
67.00000000	0.11038407	0.10706618	0.08906725	0.07732972	0.07766446	0.08106727	0.08994724	0.10127122	0.10299529	0.08064618	0.10354468	0.09526731	0.08136161
68.00000000	0.10979789	0.10623737	0.08798838	0.07633340	0.07662979	0.08051683	0.08924793	0.10105704	0.10236640	0.08193223	0.10725815	0.09509477	0.08039899
69.00000000	0.10771267	0.10390678	0.08494814	0.07327441	0.07337775	0.07786146	0.08603720	0.09820506	0.09990948	0.08175774	0.10885770	0.09275926	0.07608104
70.00000000	0.10616181	0.10224650	0.08259463	0.07092354	0.07078158	0.07606519	0.08445792	0.09686431	0.09997669	0.08122535	0.11313677	0.08971742	0.07449337
71.00000000	0.10577160	0.10179095	0.08183857	0.07036116	0.06998323	0.07641475	0.08526057	0.09830683	0.09658822	0.08133185	0.10628496	0.08681807	0.07234951
72.00000000	0.10524330	0.10111359	0.08116679	0.07000715	0.06941578	0.07696312	0.08598306	0.09950892	0.09917082	0.07827195	0.10309369	0.08395781	0.07425485
73.00000000	0.10340053	0.09910679	0.07929218	0.06817606	0.06733714	0.07532892	0.08444520	0.09789158	0.10297718	0.08223877	0.10083144	0.07979580	0.07312790
74.00000000	0.10150401	0.09731205	0.07760014	0.06660171	0.06548331	0.07347905	0.08247768	0.09566296	0.10302266	0.08672793	0.09263689	0.07540991	0.06918026
75.00000000	0.10065390	0.09677195	0.07725366	0.06655243	0.06536059	0.07318649	0.08238161	0.09548312	0.10360702	0.08780926	0.08854327	0.07246602	0.06832612
76.00000000	0.10107391	0.09740011	0.07807972	0.06761207	0.06641268	0.07422244	0.08392480	0.09715227	0.10000267	0.08757642	0.08038108	0.07185725	0.06538017
77.00000000	0.10089203	0.09702617	0.07764995	0.06740974	0.06630065	0.07429737	0.08421885	0.09756734	0.09606578	0.07745644	0.07396635	0.07180145	0.06852850
78.00000000	0.09866993	0.09428168	0.07517367	0.06493829	0.06410416	0.07227631	0.08225153	0.09541654	0.09601130	0.07738267	0.07008460	0.07042314	0.06689383
79.00000000	0.09439893	0.08906682	0.07054032	0.06045352	0.05986841	0.06824989	0.07816161	0.09101786	0.09498124	0.07770344	0.07727544	0.06957884	0.06438507
80.00000000	0.09145938	0.08642142	0.06801605	0.05845512	0.05795479	0.06706920	0.07726547	0.09056517	0.09537009	0.07688838	0.08113050	0.06763428	0.06371695
81.00000000	0.08949958	0.08503186	0.06639582	0.05776027	0.05663818	0.06657892	0.07696622	0.09135585	0.08709236	0.07436229	0.09777892	0.06897113	0.06346971
82.00000000	0.08827222	0.08464903	0.06541069	0.05814871	0.05690724	0.06635297	0.07683129	0.09242660	0.08259408	0.06838743	0.11177784	0.07007714	0.06299990
83.00000000	0.08742253	0.08431073	0.06492540	0.05845244	0.05776882	0.06654137	0.07786268	0.09285518	0.09177638	0.06889908	0.10481724	0.06774940	0.05823859
84.00000000	0.08590674	0.08233631	0.06324533	0.05716513	0.05701364	0.06484432	0.07637236	0.09070005	0.09542321	0.06759141	0.10818072	0.06789327	0.05471204
85.00000000	0.08526182	0.08181635	0.06308659	0.05697644	0.05831827	0.06521211	0.07780214	0.09055452	0.12014848	0.07092040	0.09163725	0.06398908	0.04868253

Level 4 Product: Surface Optical Data
Lu(0-)	Lu(0-)	Lu(0-)	Lu(0-)	Lu(0-)	Lu(0-)	Lu(0-)	Lu(0-)	Lu(0-)	Lu(0-)	Lu(0-)	Lu(0-)	Lu(0-)	
399.8	412.2	442.0	470.1	490.4	509.8	531.7	554.5	590.2	619.0	665.6	683.3	700.4	
1.50607435	1.92952130	2.10976704	2.23527355	1.83275837	1.27213571	0.85604853	0.55817043	0.19962817	0.06207943	0.02391006	0.01684108	0.00775084

Level 4 Product: Surface Optical Data
Ed(0-)	Ed(0-)	Ed(0-)	Ed(0-)	Ed(0-)	Ed(0-)	Ed(0-)	Ed(0-)	Ed(0-)	Ed(0-)	Ed(0-)	Ed(0-)	Ed(0-)	
399.8	411.5	442.6	469.8	490.9	509.6	531.5	554.9	589.4	619.4	665.7	682.5	700.2	
115.62177176	132.18715285	131.76233812	140.87192805	144.94051109	138.21510390	143.39844951	122.89058854	106.14121182	100.75300725	91.39689434	73.25538772	40.14514302

Level 4 Product: Water Leaving Radiances
Lw-Lu(0+)	Lw-Lu(0+)	Lw-Lu(0+)	Lw-Lu(0+)	Lw-Lu(0+)	Lw-Lu(0+)	Lw-Lu(0+)	Lw-Lu(0+)	Lw-Lu(0+)	Lw-Lu(0+)	Lw-Lu(0+)	Lw-Lu(0+)	Lw-Lu(0+)	
399.8	412.2	442.0	470.1	490.4	509.8	531.7	554.5	590.2	619.0	665.6	683.3	700.4	
0.81505053	1.04420964	1.14175422	1.20967527	0.99184392	0.68844867	0.46327248	0.30206816	0.10803388	0.03359587	0.01293954	0.00911398	0.00419456

Level 4 Product: Water Leaving Radiances
Lwn-Lu(0+)/Ed(0+)	Lwn-Lu(0+)/Ed(0+)	Lwn-Lu(0+)/Ed(0+)	Lwn-Lu(0+)/Ed(0+)	Lwn-Lu(0+)/Ed(0+)	Lwn-Lu(0+)/Ed(0+)	Lwn-Lu(0+)/Ed(0+)	Lwn-Lu(0+)/Ed(0+)	Lwn-Lu(0+)/Ed(0+)	Lwn-Lu(0+)/Ed(0+)	Lwn-Lu(0+)/Ed(0+)	Lwn-Lu(0+)/Ed(0+)	Lwn-Lu(0+)/Ed(0+)	
399.8	411.85	442.3	469.95	490.65	509.7	531.6	554.7	589.8	619.2	665.65	682.9	700.3	
0.99372580	1.30640569	1.54038818	1.64520767	1.24606283	0.92112581	0.58650680	0.43813179	0.17433903	0.05436830	0.02108901	0.01768632	0.01413803

Level 4 Product: Surface Remote Sensing Reflectances
RSR-Lu(0+)/Ed(0+)	RSR-Lu(0+)/Ed(0+)	RSR-Lu(0+)/Ed(0+)	RSR-Lu(0+)/Ed(0+)	RSR-Lu(0+)/Ed(0+)	RSR-Lu(0+)/Ed(0+)	RSR-Lu(0+)/Ed(0+)	RSR-Lu(0+)/Ed(0+)	RSR-Lu(0+)/Ed(0+)	RSR-Lu(0+)/Ed(0+)	RSR-Lu(0+)/Ed(0+)	RSR-Lu(0+)/Ed(0+)	RSR-Lu(0+)/Ed(0+)	
399.8	411.85	442.3	469.95	490.65	509.7	531.6	554.7	589.8	619.2	665.65	682.9	700.3	
0.00675866	0.00757381	0.00830801	0.00823304	0.00656099	0.00477564	0.00309747	0.00235669	0.00097587	0.00031970	0.00013574	0.00011928	0.00010018

Level 4 Product: Surface Reflectances
RFL-Eu(0+)/Ed(0+)	RFL-Eu(0+)/Ed(0+)	RFL-Eu(0+)/Ed(0+)	RFL-Eu(0+)/Ed(0+)	RFL-Eu(0+)/Ed(0+)	RFL-Eu(0+)/Ed(0+)	RFL-Eu(0+)/Ed(0+)	RFL-Eu(0+)/Ed(0+)	RFL-Eu(0+)/Ed(0+)	RFL-Eu(0+)/Ed(0+)	RFL-Eu(0+)/Ed(0+)	RFL-Eu(0+)/Ed(0+)	RFL-Eu(0+)/Ed(0+)	
399.8	411.85	442.3	469.95	490.65	509.7	531.6	554.7	589.8	619.2	665.65	682.9	700.3	
3.04139706	3.40821243	3.73860462	3.70486638	2.95244456	2.14903885	1.39386353	1.06050942	0.43914114	0.14386530	0.06108233	0.05367804	0.04507980

Level 4 Product: Photosynthetically Available Radiation
Profiler PAR	Profiler PAR	Profiler PAR	
Depth	Profiler Par	% Par (0+)	
4.00000000	63001672094402688.00000000	76.47329103
5.00000000	54561019127369552.00000000	66.22777707
6.00000000	47786526625195416.00000000	58.00469791
7.00000000	52481784122725344.00000000	63.70394019
8.00000000	45593040475049600.00000000	55.34217962
9.00000000	34978152115842112.00000000	42.45751450
10.00000000	39436718375946080.00000000	47.86945396
11.00000000	38825924102409616.00000000	47.12805382
12.00000000	33603782539237416.00000000	40.78926410
13.00000000	33928200835686096.00000000	41.18305261
14.00000000	30094802858518904.00000000	36.52996089
15.00000000	31248447260947104.00000000	37.93028855
16.00000000	27746532276926800.00000000	33.67956067
17.00000000	26440046247220024.00000000	32.09370933
18.00000000	25678465508313096.00000000	31.16928013
19.00000000	26088392539102796.00000000	31.66686167
20.00000000	20685154665355632.00000000	25.10825189
21.00000000	21333709873733156.00000000	25.89548737
22.00000000	21829192342965068.00000000	26.49691863
23.00000000	17961848025340556.00000000	21.80262183
24.00000000	18332829847233944.00000000	22.25293053
25.00000000	16728590396665730.00000000	20.30565728
26.00000000	16028048130822688.00000000	19.45531838
27.00000000	14712832287245452.00000000	17.85887053
28.00000000	13847266946812332.00000000	16.80822175
29.00000000	12698381409424860.00000000	15.41367054
30.00000000	11672582095644724.00000000	14.16852502
31.00000000	11502888613275068.00000000	13.96254606
32.00000000	10576169302512542.00000000	12.83766678
33.00000000	9597309629098160.00000000	11.64949799
34.00000000	8896148748883772.00000000	10.79840820
35.00000000	8363797481951642.00000000	10.15222450
36.00000000	7876012617139921.00000000	9.56013682
37.00000000	7183461619815317.00000000	8.71949796
38.00000000	6723710072015507.00000000	8.16143794
39.00000000	6186628950227809.00000000	7.50951301
40.00000000	5704872544695695.00000000	6.92474285
41.00000000	5467333495226292.00000000	6.63641093
42.00000000	4954167012223462.00000000	6.01351429
43.00000000	4555652630414272.00000000	5.52978576
44.00000000	4353195532189817.50000000	5.28403736
45.00000000	4024537146856196.50000000	4.88510210
46.00000000	3603759626501694.50000000	4.37434991
47.00000000	3344261831593266.00000000	4.05936382
48.00000000	3155707517875567.50000000	3.83049102
49.00000000	2903634051910978.00000000	3.52451680
50.00000000	2619667557991833.50000000	3.17982988
51.00000000	2391698503210695.50000000	2.90311431
52.00000000	2213045275027043.20000000	2.68625974
53.00000000	2049207325053622.50000000	2.48738840
54.00000000	1869740516000236.50000000	2.26954628
55.00000000	1692446719186433.50000000	2.05434183
56.00000000	1563499617403263.70000000	1.89782203
57.00000000	1458522505105152.00000000	1.77039771
58.00000000	1339837057297812.50000000	1.62633381
59.00000000	1212168009271453.70000000	1.47136534
60.00000000	1105931686496967.20000000	1.34241256
61.00000000	1028168485643241.00000000	1.24802129
62.00000000	951177038630010.37000000	1.15456679
63.00000000	869684930122767.25000000	1.05564926
64.00000000	793680093565303.75000000	0.96339235
65.00000000	732519774373032.87000000	0.88915415
66.00000000	677998604410965.87000000	0.82297474
67.00000000	622654082973935.12000000	0.75579592
68.00000000	570793287244397.87000000	0.69284576
69.00000000	525690103120100.94000000	0.63809818
70.00000000	488206030777817.62000000	0.59259890
71.00000000	452386281804101.56000000	0.54911984
72.00000000	418154930500149.50000000	0.50756881
73.00000000	386815421759464.12000000	0.46952799
74.00000000	360039908320945.44000000	0.43702708
75.00000000	335682635065499.06000000	0.40746150
76.00000000	311946468340266.87000000	0.37864984
77.00000000	289180013615500.56000000	0.35101524
78.00000000	268630165148172.16000000	0.32607123
79.00000000	250765483267165.84000000	0.30438655
80.00000000	234984382382033.09000000	0.28523099
81.00000000	221746101240045.66000000	0.26916197
82.00000000	206840758461772.87000000	0.25106942
83.00000000	194515618774622.84000000	0.23610881
84.00000000	182651176408562.37000000	0.22170739
85.00000000	171540233047223.81000000	0.20822060