PROSOFT : ProSoft 7.4
CRUISE-ID : Mc472
OPERATOR : Enzo Fab
LATITUDE : Missing
LONGITUDE : Missing
ZONE : Missing
COMMENT : 2/8
STATION-ID : Mc472
CAST : A
TIME-STAMP : Tue Feb 27 12:02:11 2001
MODE : NONE
PRESSURE-TARE : 0.000000
TIMETAG : OFF
PROCESSING_LEVEL : 3a
FILE_CREATION_TIME : 17-Jul-2003 15:43:40
DEGLITCH_PRODAT : OFF
DEGLITCH_REFDAT : OFF
PRES_TARE_CORRECTED : -0.28304
BIN_INTERVAL : 1m
BIN_WIDTH : 0.5m
TIME_INTERVAL : 2sec
TIME_WIDTH : 1sec
WAVEL_INTERP : 0nm

Lu	Lu	Lu	Lu	Lu	Lu	Lu	Lu	Lu	Lu	Lu	Lu	Lu	Lu	Lu	Lu	Ed	Ed	Ed	Ed	Ed	Ed	Ed	Ed	Ed	Ed	Ed	Ed	Ed	Ed	Ed	Ed	
#Datetag	Timetag2	Depth	399.8	412.2	442.0	470.1	490.4	509.8	531.7	554.5	590.2	619.0	665.6	683.3	700.4	Datetag	Timetag2	Depth	399.8	411.5	442.6	469.8	490.9	509.6	531.5	554.9	589.4	619.4	665.7	682.5	700.2	
    02001058	   120211585	    00000004	3.11002467e-001	4.14928716e-001	5.69617031e-001	7.68218335e-001	8.70873922e-001	6.68416264e-001	4.61314722e-001	3.23290893e-001	1.05146131e-001	2.29521851e-002	1.00317374e-002	1.27042413e-002	1.12373435e-002	    02001058	   120212879	    00000004	4.31575913e+001	5.64021141e+001	5.97935013e+001	6.87096304e+001	7.10056804e+001	6.62627970e+001	6.45099492e+001	5.94663590e+001	3.68882105e+001	1.80359220e+001	8.92176645e+000	7.19495494e+000	3.25742564e+000	
    02001058	   120212723	    00000005	2.81849904e-001	3.79613820e-001	5.33920467e-001	7.29079056e-001	8.31087524e-001	6.34865339e-001	4.35945695e-001	3.02643930e-001	9.33600186e-002	1.81865881e-002	7.95313270e-003	1.09617997e-002	9.81004162e-003	    02001058	   120214025	    00000005	4.47028302e+001	5.79169283e+001	6.46916563e+001	7.66543057e+001	7.97871366e+001	7.19913403e+001	6.78434357e+001	6.28131484e+001	3.58027106e+001	1.51725551e+001	6.83908191e+000	5.18213831e+000	2.24546696e+000	
    02001058	   120213871	    00000006	2.52710191e-001	3.42465914e-001	4.90955734e-001	6.78105079e-001	7.78345140e-001	5.90889627e-001	4.01741881e-001	2.76388032e-001	8.05891959e-002	1.41363636e-002	6.41677441e-003	9.76266931e-003	8.74575677e-003	    02001058	   120215172	    00000006	3.75523384e+001	4.75385713e+001	5.30832962e+001	6.31965506e+001	6.56560323e+001	5.95417729e+001	5.44522579e+001	4.95786086e+001	2.63750437e+001	9.37813130e+000	3.63871668e+000	2.81766548e+000	1.37228540e+000	
    02001058	   120214998	    00000007	2.28913532e-001	3.12838737e-001	4.54385250e-001	6.35048694e-001	7.30550793e-001	5.52770467e-001	3.74873675e-001	2.55968663e-001	7.16654701e-002	1.16186647e-002	5.53019539e-003	9.18859739e-003	8.07064471e-003	    02001058	   120216247	    00000007	3.23706572e+001	4.15182044e+001	4.70495307e+001	5.66135512e+001	5.85862413e+001	5.25761888e+001	4.81289734e+001	4.32978391e+001	2.13890800e+001	6.69619281e+000	2.30817896e+000	1.77686483e+000	8.15322316e-001	
    02001058	   120216104	    00000008	1.95928660e-001	2.69615023e-001	3.99700739e-001	5.66119300e-001	6.55923285e-001	4.91842488e-001	3.29900868e-001	2.22665869e-001	5.93876280e-002	9.20048523e-003	4.66901726e-003	8.22538741e-003	7.14461677e-003	    02001058	   120217303	    00000008	3.08565361e+001	4.01466530e+001	4.74007837e+001	5.85009169e+001	6.10136988e+001	5.39771590e+001	4.99143013e+001	4.41181948e+001	1.99431463e+001	5.27838909e+000	1.57816505e+000	1.21692632e+000	4.79416368e-001	
    02001058	   120217162	    00000009	1.72243147e-001	2.39078887e-001	3.63659409e-001	5.23367096e-001	6.11944558e-001	4.55153740e-001	3.01934259e-001	2.01397205e-001	5.04906094e-002	7.27531506e-003	4.03599151e-003	7.65276405e-003	6.54083948e-003	    02001058	   120218395	    00000009	2.49563048e+001	3.33300021e+001	3.99194606e+001	4.97972005e+001	5.17382254e+001	4.43387546e+001	4.05643469e+001	3.52561532e+001	1.38420264e+001	2.99794805e+000	7.39963796e-001	6.00320278e-001	2.62970138e-001	
    02001058	   120218238	    00000010	1.52037982e-001	2.13286092e-001	3.33370333e-001	4.87698495e-001	5.74145185e-001	4.23426584e-001	2.77626143e-001	1.82581866e-001	4.27101208e-002	5.78795252e-003	3.57534426e-003	7.21976100e-003	6.07965437e-003	    02001058	   120219521	    00000010	2.14256231e+001	2.97037187e+001	3.66129732e+001	4.64207056e+001	4.84003172e+001	3.99571248e+001	3.67705096e+001	3.14935158e+001	1.08029912e+001	2.02296664e+000	4.48448534e-001	3.64196551e-001	1.96114175e-001	
    02001058	   120219361	    00000011	1.32389108e-001	1.87462906e-001	2.99911571e-001	4.45373046e-001	5.27527434e-001	3.85321227e-001	2.49788134e-001	1.61806016e-001	3.56967813e-002	4.72534861e-003	3.18202498e-003	6.70334963e-003	5.54070345e-003	    02001058	   120220648	    00000011	1.90939360e+001	2.73530928e+001	3.47466979e+001	4.49903953e+001	4.67235766e+001	3.73640032e+001	3.50527023e+001	2.96755401e+001	9.19453632e+000	1.55976378e+000	2.98986565e-001	2.82077365e-001	1.71499797e-001	
    02001058	   120220497	    00000012	1.17482889e-001	1.67705358e-001	2.74679247e-001	4.13855434e-001	4.94099729e-001	3.58550717e-001	2.30069988e-001	1.47591813e-001	3.11080298e-002	4.06184759e-003	2.91949155e-003	6.34399762e-003	5.13799199e-003	    02001058	   120221763	    00000012	1.69155372e+001	2.38034140e+001	3.06791143e+001	4.00303801e+001	4.18962095e+001	3.37688929e+001	3.07783926e+001	2.57081444e+001	7.56765009e+000	1.07483653e+000	1.80165762e-001	2.13286505e-001	1.41850156e-001	
    02001058	   120221613	    00000013	1.04234355e-001	1.50036572e-001	2.50664604e-001	3.82917699e-001	4.59626416e-001	3.31219011e-001	2.10796923e-001	1.33853517e-001	2.70116446e-002	3.53956618e-003	2.69988494e-003	6.02229805e-003	4.77797882e-003	    02001058	   120222894	    00000013	1.53851573e+001	2.15787912e+001	2.84161061e+001	3.75835094e+001	3.94955323e+001	3.17848711e+001	2.84963212e+001	2.34720428e+001	6.50399315e+000	7.93518555e-001	1.20047534e-001	1.73269653e-001	1.27199242e-001	
    02001058	   120222725	    00000014	9.32852454e-002	1.35182816e-001	2.30134127e-001	3.55894613e-001	4.30058972e-001	3.08236501e-001	1.94603380e-001	1.22531290e-001	2.38179199e-002	3.14888656e-003	2.53100945e-003	5.79231164e-003	4.47258039e-003	    02001058	   120223995	    00000014	1.36670234e+001	1.92459805e+001	2.58589309e+001	3.46043601e+001	3.65156862e+001	2.90792556e+001	2.58508103e+001	2.10158979e+001	5.39827557e+000	5.75708349e-001	7.92419460e-002	1.41477700e-001	1.14141781e-001	
    02001058	   120223853	    00000015	8.24966281e-002	1.20403610e-001	2.08854879e-001	3.26995759e-001	3.97467866e-001	2.83163623e-001	1.77399971e-001	1.10630591e-001	2.07435428e-002	2.80136425e-003	2.35404708e-003	5.52735057e-003	4.17181073e-003	    02001058	   120225103	    00000015	1.26902483e+001	1.79297394e+001	2.47505549e+001	3.36751768e+001	3.56588313e+001	2.84397069e+001	2.47770296e+001	1.99046008e+001	4.84277981e+000	4.45556923e-001	5.70321331e-002	1.27265611e-001	1.08286874e-001	
    02001058	   120224953	    00000016	7.28399514e-002	1.07125267e-001	1.87609419e-001	3.01344718e-001	3.68942823e-001	2.61200079e-001	1.62124389e-001	1.00242495e-001	1.81036244e-002	2.47497581e-003	2.20058577e-003	5.28153464e-003	3.90188109e-003	    02001058	   120226218	    00000016	1.09548302e+001	1.53660193e+001	2.16076248e+001	2.97200866e+001	3.16002586e+001	2.52031660e+001	2.14130411e+001	1.69227780e+001	3.84100335e+000	3.19450952e-001	3.70265678e-002	1.05639799e-001	9.47577238e-002	
    02001058	   120226056	    00000017	6.39909473e-002	9.50105806e-002	1.68753678e-001	2.77909948e-001	3.42516532e-001	2.40045336e-001	1.48254919e-001	9.06341057e-002	1.57629965e-002	2.22093964e-003	2.05457806e-003	5.02052272e-003	3.63413571e-003	    02001058	   120227329	    00000017	9.66893096e+000	1.33746679e+001	1.93056196e+001	2.69988620e+001	2.88368335e+001	2.31718359e+001	1.89929804e+001	1.47059271e+001	3.13387709e+000	2.12455307e-001	2.49435220e-002	9.21218867e-002	8.55186626e-002	
    02001058	   120227179	    00000018	5.44271647e-002	8.14335224e-002	1.48236556e-001	2.48511738e-001	3.09163526e-001	2.00555016e-001	1.30071235e-001	7.82183954e-002	1.29372122e-002	1.89723644e-003	1.78881172e-003	4.35186862e-003	3.17988707e-003	    02001058	   120228475	    00000018	8.76875008e+000	1.21693661e+001	1.80464026e+001	2.56958733e+001	2.77725603e+001	2.21852235e+001	1.79600573e+001	1.37645349e+001	2.72228991e+000	1.59346896e-001	1.96135618e-002	8.60178051e-002	8.11156178e-002	
    02001058	   120228310	    00000019	4.90997076e-002	7.42372978e-002	1.38578407e-001	2.36087649e-001	2.95933818e-001	1.79815781e-001	1.22954708e-001	7.34396980e-002	1.17596349e-002	1.78260533e-003	1.71044146e-003	4.18592113e-003	3.02675759e-003	    02001058	   120229606	    00000019	7.82321823e+000	1.08632461e+001	1.64342178e+001	2.36907527e+001	2.57073953e+001	2.04320415e+001	1.63309383e+001	1.23582789e+001	2.31825386e+000	1.22680885e-001	1.62140025e-002	7.80965274e-002	7.44597937e-002	
    02001058	   120229482	    00000020	4.33726156e-002	6.60471022e-002	1.25783591e-001	2.16818759e-001	2.73560585e-001	1.65089900e-001	1.12010896e-001	6.61608131e-002	1.02909866e-002	1.60929180e-003	1.55257410e-003	3.77705033e-003	2.74383721e-003	    02001058	   120230780	    00000020	6.92388272e+000	9.60344334e+000	1.47546280e+001	2.14524406e+001	2.34348573e+001	1.85166678e+001	1.46048568e+001	1.09201028e+001	1.93833982e+000	9.40542062e-002	1.35124803e-002	7.01461778e-002	6.71221331e-002	
    02001058	   120230631	    00000021	3.80821467e-002	5.82907415e-002	1.12715637e-001	1.94326756e-001	2.49555438e-001	1.49603909e-001	1.00487740e-001	5.88503534e-002	8.94370351e-003	1.43886800e-003	1.38164085e-003	3.32975785e-003	2.45284917e-003	    02001058	   120231962	    00000021	6.37719205e+000	8.93142229e+000	1.41086778e+001	2.08740141e+001	2.30695978e+001	1.80128751e+001	1.42118336e+001	1.05242420e+001	1.74122797e+000	7.69790956e-002	1.21089782e-002	6.72772940e-002	6.48429348e-002	
    02001058	   120231785	    00000022	3.44251400e-002	5.31427192e-002	1.04872497e-001	1.79473115e-001	2.34102881e-001	1.41260779e-001	9.44187898e-002	5.49670044e-002	8.19044430e-003	1.35252235e-003	1.29296321e-003	3.11708729e-003	2.29766313e-003	    02001058	   120233111	    00000022	5.45308090e+000	7.65499836e+000	1.23298090e+001	1.84272356e+001	2.05439577e+001	1.58264282e+001	1.23475176e+001	8.97657589e+000	1.36593302e+000	5.59855118e-002	9.95745694e-003	5.82661075e-002	5.67440785e-002	
    02001058	   120232945	    00000023	2.98151621e-002	4.64110616e-002	9.38604858e-002	1.63193504e-001	2.01487897e-001	1.28252273e-001	8.47330334e-002	4.86706782e-002	7.01351045e-003	1.20686914e-003	1.14101233e-003	2.72663414e-003	2.04506617e-003	    02001058	   120234257	    00000023	4.82352142e+000	6.78814640e+000	1.12357179e+001	1.70600784e+001	1.92817530e+001	1.46389969e+001	1.13542134e+001	8.11580637e+000	1.13664430e+000	4.31714620e-002	8.68735043e-003	5.30299682e-002	5.20762362e-002	
    02001058	   120234089	    00000024	2.57923017e-002	4.04957969e-002	8.39310474e-002	1.48493800e-001	1.80442285e-001	1.16558779e-001	7.60116678e-002	4.31089519e-002	6.03252877e-003	1.07939648e-003	1.01656017e-003	2.41163264e-003	1.83135702e-003	    02001058	   120235374	    00000024	4.25950635e+000	6.01741512e+000	1.02018408e+001	1.57182363e+001	1.79757338e+001	1.34874872e+001	1.03845344e+001	7.32394998e+000	9.33002374e-001	3.45064238e-002	7.70194941e-003	4.82556557e-002	4.77606100e-002	
    02001058	   120235221	    00000025	2.26263441e-002	3.58459133e-002	7.61481880e-002	1.36905193e-001	1.67686257e-001	1.07523051e-001	6.94129134e-002	3.89519939e-002	5.32300658e-003	9.85509990e-004	9.24474849e-004	2.18344105e-003	1.67151381e-003	    02001058	   120236498	    00000025	3.77110400e+000	5.31933991e+000	9.20981054e+000	1.43393270e+001	1.66049882e+001	1.23367939e+001	9.43888467e+000	6.55880836e+000	7.74286685e-001	2.81415477e-002	6.83631094e-003	4.36402870e-002	4.34976333e-002	
    02001058	   120236325	    00000026	2.00849303e-002	3.20691105e-002	6.96090978e-002	1.26933243e-001	1.56500696e-001	9.98185790e-002	6.39083367e-002	3.55915480e-002	4.77340273e-003	9.06359781e-004	8.42467640e-004	1.97068950e-003	1.52996708e-003	    02001058	   120237646	    00000026	3.43186234e+000	4.87291364e+000	8.61833113e+000	1.35752389e+001	1.58452345e+001	1.16724329e+001	8.90097344e+000	6.13211780e+000	6.84973958e-001	2.46580945e-002	6.38818532e-003	4.09964630e-002	4.09777862e-002	
    02001058	   120237485	    00000027	1.79023085e-002	2.87606991e-002	6.34386816e-002	1.16894341e-001	1.44992088e-001	9.19594667e-002	5.84727331e-002	3.23251576e-002	4.28558214e-003	8.32708634e-004	7.68582586e-004	1.78785370e-003	1.39648698e-003	    02001058	   120238805	    00000027	3.00945975e+000	4.28845733e+000	7.71680419e+000	1.22629208e+001	1.44103869e+001	1.05139346e+001	7.95815932e+000	5.41012336e+000	5.69616308e-001	2.06286861e-002	5.64515565e-003	3.65317925e-002	3.67842804e-002	
    02001058	   120238645	    00000028	1.58227896e-002	2.55999010e-002	5.76127621e-002	1.07618740e-001	1.34359946e-001	8.47261639e-002	5.34201308e-002	2.93071043e-002	3.83034375e-003	7.58599834e-004	6.96583375e-004	1.60509906e-003	1.26725072e-003	    02001058	   120239940	    00000028	2.68631998e+000	3.86655531e+000	7.13899079e+000	1.15146952e+001	1.36192304e+001	9.82922168e+000	7.39796113e+000	4.96266011e+000	4.87385443e-001	1.78738773e-002	5.16266994e-003	3.37420504e-002	3.42113238e-002	
    02001058	   120239779	    00000029	1.39796657e-002	2.28061236e-002	5.24813204e-002	9.94824254e-002	1.25144721e-001	7.83848559e-002	4.89664631e-002	2.66220816e-002	3.43015583e-003	6.99271247e-004	6.39028634e-004	1.46453751e-003	1.16388115e-003	    02001058	   120241052	    00000029	2.35131016e+000	3.41506389e+000	6.46287568e+000	1.05662289e+001	1.25859892e+001	8.97069978e+000	6.69158410e+000	4.41821731e+000	4.00389804e-001	1.52560375e-002	4.66053263e-003	3.04778066e-002	3.10975833e-002	
    02001058	   120240891	    00000030	1.21464933e-002	2.00085102e-002	4.72288715e-002	9.10322906e-002	1.15469980e-001	7.17125922e-002	4.42819426e-002	2.37950020e-002	3.01659496e-003	6.35610930e-004	5.77650343e-004	1.31439442e-003	1.05548956e-003	    02001058	   120242200	    00000030	2.03553817e+000	2.98027542e+000	5.77741422e+000	9.57479079e+000	1.14720608e+001	8.06614214e+000	5.96348597e+000	3.86933883e+000	3.23794266e-001	1.29577055e-002	4.13795348e-003	2.71576027e-002	2.78871573e-002	
    02001058	   120242047	    00000031	1.05209967e-002	1.74810841e-002	4.23448282e-002	8.30394419e-002	1.06200515e-001	6.54131059e-002	3.99284014e-002	2.12047352e-002	2.64984573e-003	5.72229160e-004	5.20142183e-004	1.17219273e-003	9.50832935e-004	    02001058	   120243311	    00000031	1.81851328e+000	2.67770642e+000	5.32335480e+000	8.94050901e+000	1.08078950e+001	7.53202465e+000	5.53484223e+000	3.54500677e+000	2.78640179e-001	1.15589331e-002	3.82433221e-003	2.51398397e-002	2.59375275e-002	
    02001058	   120243152	    00000032	9.27650709e-003	1.55414786e-002	3.84920644e-002	7.65777987e-002	9.86104530e-002	6.03925898e-002	3.65503049e-002	1.92596508e-002	2.39003806e-003	5.26816083e-004	4.78531560e-004	1.07208410e-003	8.76308347e-004	    02001058	   120244494	    00000032	1.61896287e+000	2.39929253e+000	4.85119519e+000	8.23503023e+000	9.99168956e+000	6.90497309e+000	5.04201160e+000	3.19515507e+000	2.38738490e-001	1.03317518e-002	3.51008331e-003	2.29688851e-002	2.37411825e-002	
    02001058	   120244308	    00000033	8.23075717e-003	1.38824576e-002	3.50501078e-002	7.05977240e-002	9.15318968e-002	5.57709399e-002	3.34845600e-002	1.75252329e-002	2.15641212e-003	4.83703231e-004	4.37887332e-004	9.71818521e-004	8.01837611e-004	    02001058	   120245738	    00000033	1.44640374e+000	2.15464777e+000	4.44634392e+000	7.65335858e+000	9.33044774e+000	6.39141465e+000	4.63845539e+000	2.90926578e+000	2.06523027e-001	9.30729515e-003	3.22895133e-003	2.10654123e-002	2.18857510e-002	
    02001058	   120245569	    00000034	7.28792673e-003	1.23833709e-002	3.18490822e-002	6.49917899e-002	8.48234859e-002	5.14060327e-002	3.06069327e-002	1.59166853e-002	1.94718828e-003	4.43794174e-004	3.99295611e-004	8.76108423e-004	7.33475221e-004	    02001058	   120246907	    00000034	1.28521128e+000	1.92771544e+000	4.05315613e+000	7.04822652e+000	8.64093163e+000	5.86801448e+000	4.23307883e+000	2.62253966e+000	1.76645759e-001	8.38636964e-003	2.96273292e-003	1.93076749e-002	2.00979501e-002	
    02001058	   120246720	    00000035	6.43640808e-003	1.10228298e-002	2.89792890e-002	5.99888696e-002	7.88954091e-002	4.75258764e-002	2.80371243e-002	1.44547547e-002	1.75940745e-003	4.07176136e-004	3.62966609e-004	7.91580299e-004	6.70491032e-004	    02001058	   120248696	    00000035	1.12601961e+000	1.70586105e+000	3.68547179e+000	6.54220933e+000	8.02958400e+000	5.37965030e+000	3.84150500e+000	2.33826347e+000	1.45509543e-001	7.49167921e-003	2.72241314e-003	1.76098230e-002	1.83610391e-002	
    02001058	   120248457	    00000036	5.66791928e-003	9.79073318e-003	2.64006365e-002	5.56091140e-002	7.37133184e-002	4.41095980e-002	2.57255433e-002	1.31215065e-002	1.58303001e-003	3.73008062e-004	3.30335170e-004	7.14964761e-004	6.13847907e-004	    02001058	   120250729	    00000036	9.86510637e-001	1.53036712e+000	3.37624887e+000	6.07274336e+000	7.45895508e+000	4.94483233e+000	3.52067868e+000	2.11919481e+000	1.24607632e-001	6.81656815e-003	2.50824842e-003	1.61679857e-002	1.68873826e-002	
    02001058	   120250220	    00000037	5.00897285e-003	8.72866602e-003	2.40421326e-002	5.13214095e-002	6.85048809e-002	4.07830519e-002	2.36005066e-002	1.19502934e-002	1.43892577e-003	3.41986523e-004	3.01811664e-004	6.49430386e-004	5.61734039e-004	    02001058	   120252554	    00000037	8.52641830e-001	1.35723464e+000	3.04524169e+000	5.53804487e+000	6.82239671e+000	4.47317524e+000	3.17857666e+000	1.89112185e+000	1.06382637e-001	6.10885084e-003	2.26876222e-003	1.45547397e-002	1.51638795e-002	
    02001058	   120252400	    00000038	4.36856205e-003	7.66821030e-003	2.15192800e-002	4.65733256e-002	6.26292622e-002	3.70783488e-002	2.12584006e-002	1.06842785e-002	1.28339840e-003	3.07662525e-004	2.70385133e-004	5.78252698e-004	5.06156127e-004	    02001058	   120254215	    00000038	7.57726308e-001	1.21550064e+000	2.80937997e+000	5.20215966e+000	6.46185516e+000	4.18640603e+000	2.94784699e+000	1.72725659e+000	9.05520526e-002	5.61337565e-003	2.09408662e-003	1.35004751e-002	1.40982894e-002	
    02001058	   120254006	    00000039	3.84347641e-003	6.81822915e-003	1.96500258e-002	4.32687096e-002	5.86911091e-002	3.45251948e-002	1.96101948e-002	9.76543640e-003	1.16711071e-003	2.84523775e-004	2.49168489e-004	5.31908868e-004	4.66186185e-004	    02001058	   120255560	    00000039	6.59933289e-001	1.06591694e+000	2.52408758e+000	4.74394867e+000	5.93097150e+000	3.80086983e+000	2.64836157e+000	1.52929433e+000	7.49354497e-002	5.04889913e-003	1.91373146e-003	1.22225872e-002	1.27927000e-002	
    02001058	   120255381	    00000040	3.34923101e-003	5.99613578e-003	1.77354539e-002	3.96785499e-002	5.42833915e-002	3.17322388e-002	1.78489255e-002	8.80097324e-003	1.05105560e-003	2.59974741e-004	2.25716357e-004	4.82660446e-004	4.26868375e-004	    02001058	   120256829	    00000040	5.85140700e-001	9.45063552e-001	2.29810372e+000	4.36792799e+000	5.48288607e+000	3.48658085e+000	2.41571461e+000	1.38238230e+000	6.50496159e-002	4.59500387e-003	1.77621294e-003	1.11624726e-002	1.17321361e-002	
    02001058	   120256643	    00000041	2.94097662e-003	5.30367800e-003	1.59969362e-002	3.62623351e-002	4.99827138e-002	2.90914148e-002	1.62390561e-002	7.95905773e-003	9.44225734e-004	2.34940028e-004	2.05835996e-004	4.37201142e-004	3.89958042e-004	    02001058	   120258040	    00000041	5.19050957e-001	8.27565489e-001	2.08610653e+000	4.00989997e+000	5.06077371e+000	3.19305859e+000	2.19887290e+000	1.24680060e+000	5.67031849e-002	4.17737951e-003	1.60683059e-003	1.01756003e-002	1.06920248e-002	
    02001058	   120257866	    00000042	2.59229424e-003	4.71525992e-003	1.45037328e-002	3.33565504e-002	4.63275202e-002	2.68533502e-002	1.48824664e-002	7.25729422e-003	8.59509530e-004	2.13879709e-004	1.87906136e-004	3.98822729e-004	3.59535117e-004	    02001058	   120259161	    00000042	4.58834942e-001	7.34107316e-001	1.89850191e+000	3.70202263e+000	4.70731787e+000	2.94223799e+000	2.00902313e+000	1.12498709e+000	4.87633580e-002	3.81112982e-003	1.49385782e-003	9.33696476e-003	9.85827736e-003	
    02001058	   120258999	    00000043	2.27277717e-003	4.17626304e-003	1.31639350e-002	3.07733723e-002	4.30975321e-002	2.48635659e-002	1.36653487e-002	6.62064265e-003	7.83001179e-004	1.96002436e-004	1.73716131e-004	3.67213647e-004	3.31820159e-004	    02001058	   120300342	    00000043	4.03060338e-001	6.49982251e-001	1.72876074e+000	3.42782586e+000	4.38861939e+000	2.71313314e+000	1.83566241e+000	1.00639556e+000	4.13343936e-002	3.52171548e-003	1.39270470e-003	8.59313323e-003	9.08478823e-003	
    02001058	   120300147	    00000044	1.98527792e-003	3.67682001e-003	1.19119781e-002	2.83349659e-002	4.00700375e-002	2.29921753e-002	1.25191553e-002	6.00948651e-003	7.11893974e-004	1.79038098e-004	1.58725276e-004	3.36999106e-004	3.06843281e-004	    02001058	   120301491	    00000044	3.50116421e-001	5.68225092e-001	1.55234766e+000	3.12694547e+000	4.03163232e+000	2.46624320e+000	1.65154879e+000	8.81107555e-001	3.46455344e-002	3.12626106e-003	1.27258314e-003	7.78353913e-003	8.25589138e-003	
    02001058	   120301329	    00000045	1.71066637e-003	3.20961780e-003	1.06705111e-002	2.58388797e-002	3.68846597e-002	2.10363941e-002	1.13364360e-002	5.39400038e-003	6.37761948e-004	1.62083015e-004	1.44642004e-004	3.04784217e-004	2.80218572e-004	    02001058	   120302710	    00000045	3.05800776e-001	5.00168492e-001	1.39526499e+000	2.84402190e+000	3.68839722e+000	2.23705137e+000	1.48886032e+000	7.82447893e-001	2.96759837e-002	2.82302229e-003	1.16662597e-003	7.07222299e-003	7.49486266e-003	
    02001058	   120302517	    00000046	1.48928225e-003	2.82627357e-003	9.61469953e-003	2.36548581e-002	3.40762965e-002	1.93595800e-002	1.03371156e-002	4.89456999e-003	5.78382333e-004	1.45894193e-004	1.31374106e-004	2.79179265e-004	2.57706320e-004	    02001058	   120303978	    00000046	2.73120666e-001	4.49868186e-001	1.28132722e+000	2.64383989e+000	3.44852405e+000	2.07710120e+000	1.37570152e+000	7.15846072e-001	2.64060702e-002	2.60726469e-003	1.10441792e-003	6.52907390e-003	6.93754550e-003	
    02001058	   120303826	    00000047	1.31335012e-003	2.50781954e-003	8.71354621e-003	2.17609011e-002	3.15972627e-002	1.78991571e-002	9.49609332e-003	4.47501462e-003	5.32935462e-004	1.35492452e-004	1.21558398e-004	2.56885433e-004	2.37476601e-004	    02001058	   120305243	    00000047	2.43923593e-001	4.04024019e-001	1.17497750e+000	2.45622533e+000	3.22042120e+000	1.92609798e+000	1.26913912e+000	6.54071835e-001	2.34038370e-002	2.39435173e-003	1.03338836e-003	6.07250656e-003	6.42353690e-003	
    02001058	   120305059	    00000048	1.15815633e-003	2.23275146e-003	7.91045330e-003	2.00485413e-002	2.93536178e-002	1.65679759e-002	8.72441948e-003	4.08920231e-003	4.82747840e-004	1.23087925e-004	1.12448721e-004	2.36977456e-004	2.21341781e-004	    02001058	   120306431	    00000048	2.12425046e-001	3.53275275e-001	1.02528951e+000	2.23458958e+000	2.95148181e+000	1.74835458e+000	1.14296172e+000	5.80938522e-001	1.97988028e-002	2.53199154e-003	9.61431292e-004	5.51134650e-003	5.82926872e-003	
    02001058	   120306281	    00000049	1.00071706e-003	1.95101637e-003	7.08603739e-003	1.82609682e-002	2.69865018e-002	1.51527080e-002	7.90139941e-003	3.67394055e-003	4.39712831e-004	1.11007402e-004	1.00820527e-004	2.11371364e-004	2.01169629e-004	    02001058	   120307567	    00000049	1.82672946e-001	3.05690174e-001	8.16562146e-001	2.02021671e+000	2.68841049e+000	1.57600221e+000	1.00482655e+000	5.11463219e-001	1.67966935e-002	1.98027480e-003	9.02956829e-004	4.97220102e-003	5.27021758e-003	
    02001058	   120307401	    00000050	8.55192886e-004	1.69467819e-003	6.31172311e-003	1.65711603e-002	2.47486310e-002	1.38150565e-002	7.12202178e-003	3.27989317e-003	3.91296834e-004	9.88751672e-005	9.06226445e-005	1.89005627e-004	1.81919870e-004	    02001058	   120308652	    00000050	1.58047385e-001	2.66650705e-001	7.07267245e-001	1.84227349e+000	2.47135836e+000	1.43643984e+000	8.74366177e-001	4.55943675e-001	1.45221184e-002	1.74378204e-003	8.12876925e-004	4.52861960e-003	4.78956929e-003	
    02001058	   120308501	    00000051	7.34277450e-004	1.47869720e-003	5.65644049e-003	1.51336216e-002	2.28373715e-002	1.26886044e-002	6.47547004e-003	2.96484907e-003	3.51705760e-004	8.89726712e-005	8.22362641e-005	1.70603151e-004	1.66134894e-004	    02001058	   120309750	    00000051	1.37643274e-001	2.33835358e-001	6.36467923e-001	1.68506891e+000	2.27764455e+000	1.31242259e+000	7.87486924e-001	4.08634424e-001	1.26374473e-002	1.57040103e-003	7.57433118e-004	4.13475114e-003	4.38060099e-003	
    02001058	   120309589	    00000052	6.29898581e-004	1.29166695e-003	5.08383344e-003	1.38563477e-002	2.11152744e-002	1.16858299e-002	5.90705706e-003	2.68412692e-003	3.22227617e-004	8.22708393e-005	7.58350819e-005	1.55000811e-004	1.53981931e-004	    02001058	   120310826	    00000052	1.20172213e-001	2.05626616e-001	5.72469765e-001	1.53745227e+000	2.09207349e+000	1.19616762e+000	7.12679572e-001	3.65862040e-001	1.10328031e-002	1.42534140e-003	6.94161108e-004	3.76798722e-003	3.97844300e-003	
    02001058	   120310666	    00000053	5.52215962e-004	1.13411310e-003	4.56923354e-003	1.26897844e-002	1.95357999e-002	1.07715853e-002	5.39240511e-003	2.43881627e-003	2.98248183e-004	7.30669969e-005	6.85863098e-005	1.40025431e-004	1.42094379e-004	    02001058	   120311926	    00000053	1.05221389e-001	1.81035863e-001	5.15426317e-001	1.40472562e+000	1.92467191e+000	1.09262689e+000	6.45956808e-001	3.28275316e-001	9.70640667e-003	1.29799768e-003	6.63706544e-004	3.44352068e-003	3.62328201e-003	
    02001058	   120311760	    00000054	4.78702476e-004	9.98014230e-004	4.12252670e-003	1.16228033e-002	1.80663706e-002	9.93581962e-003	4.93191294e-003	2.21534315e-003	2.69129244e-004	6.45653958e-005	6.18670364e-005	1.26224652e-004	1.28740991e-004	    02001058	   120313003	    00000054	9.22100911e-002	1.59560372e-001	4.64500040e-001	1.28356872e+000	1.77260819e+000	9.95408325e-001	5.87056023e-001	2.95258319e-001	8.89836821e-003	1.17979814e-003	6.37792904e-004	3.16211047e-003	3.32428394e-003	
    02001058	   120312869	    00000055	4.14450050e-004	8.81491736e-004	3.72406394e-003	1.06843159e-002	1.67716257e-002	9.20487734e-003	4.52749296e-003	2.02898718e-003	2.44477351e-004	5.96455286e-005	5.51262747e-005	1.11073964e-004	1.17904573e-004	    02001058	   120315098	    00000055	8.10704501e-002	1.41903621e-001	4.22044774e-001	1.18492596e+000	1.64345357e+000	9.08920061e-001	5.36782607e-001	2.67146975e-001	7.58243739e-003	1.05557299e-003	5.87740031e-004	2.90846364e-003	3.04062650e-003	
    02001058	   120314417	    00000056	3.67528419e-004	7.87514455e-004	3.40159829e-003	9.91415232e-003	1.57101164e-002	8.60877051e-003	4.19603684e-003	1.87241245e-003	2.22219116e-004	5.52232135e-005	5.03336431e-005	1.02504291e-004	1.10614464e-004	    02001058	   120318106	    00000056	6.94257589e-002	1.22217250e-001	3.74825233e-001	1.07167851e+000	1.49763767e+000	8.16933860e-001	4.80145375e-001	2.35864775e-001	6.53187101e-003	9.57177280e-004	5.52754828e-004	2.62336485e-003	2.73483665e-003	
    02001058	   120317916	    00000057	3.07706194e-004	6.76330404e-004	3.01176509e-003	8.96910522e-003	1.43881428e-002	7.85393313e-003	3.79703922e-003	1.68110096e-003	2.03338934e-004	4.91465743e-005	4.70112732e-005	9.17777411e-005	1.00653822e-004	    02001058	   120319337	    00000057	5.95330346e-002	1.06553037e-001	3.35111984e-001	9.81291645e-001	1.37132432e+000	7.42019332e-001	4.32903236e-001	2.10151892e-001	5.64053764e-003	9.12381649e-004	7.02640122e-004	2.39791905e-003	2.50915597e-003	
    02001058	   120319154	    00000058	2.61463225e-004	5.95623700e-004	2.70410036e-003	8.20761357e-003	1.33199265e-002	7.26308328e-003	3.47754966e-003	1.53229909e-003	1.81314763e-004	4.30454488e-005	4.12464875e-005	8.12530678e-005	9.24470884e-005	    02001058	   120320617	    00000058	5.21886882e-002	9.29831283e-002	2.99870183e-001	9.08490047e-001	1.25647760e+000	6.74144280e-001	3.90658005e-001	1.87847015e-001	5.07431638e-003	7.69736620e-004	4.69325737e-004	2.18016231e-003	2.25886199e-003	
    02001058	   120320447	    00000059	2.22611347e-004	5.17127471e-004	2.44418171e-003	7.54516215e-003	1.23804105e-002	6.74658067e-003	3.20902648e-003	1.40657305e-003	1.63489113e-004	3.77231894e-005	3.86336079e-005	7.36117214e-005	8.53564841e-005	    02001058	   120321779	    00000059	4.53055904e-002	8.11770382e-002	2.68435270e-001	8.27898149e-001	1.15208303e+000	6.12796138e-001	3.52705841e-001	1.67865368e-001	4.47655245e-003	6.90828084e-004	4.41803753e-004	1.97560276e-003	2.05779023e-003	
    02001058	   120321629	    00000060	1.97864134e-004	4.54463301e-004	2.20331210e-003	6.93254165e-003	1.15140500e-002	6.27359669e-003	2.96076222e-003	1.29499369e-003	1.51134851e-004	3.45248704e-005	3.42522982e-005	6.64345328e-005	7.98410923e-005	    02001058	   120322879	    00000060	3.92810215e-002	7.07053873e-002	2.39661533e-001	7.50960158e-001	1.05351556e+000	5.55428525e-001	3.17523851e-001	1.49481859e-001	3.98364049e-003	6.07790043e-004	4.32604731e-004	1.80457301e-003	1.85799404e-003	
    02001058	   120322729	    00000061	1.67635109e-004	4.09497386e-004	1.99162826e-003	6.38984678e-003	1.07309358e-002	5.85218068e-003	2.74820836e-003	1.19790821e-003	1.36330339e-004	2.92299678e-005	3.10128294e-005	5.89322129e-005	7.45328631e-005	    02001058	   120323964	    00000061	3.39867233e-002	6.15503743e-002	2.13843843e-001	6.81120788e-001	9.71771023e-001	5.03387000e-001	2.86253086e-001	1.32982751e-001	3.56805210e-003	5.50193539e-004	4.06271969e-004	1.64222166e-003	1.67135272e-003