PROSOFT : ProSoft 7.4
CRUISE-ID : Mc479
OPERATOR : enzo
LATITUDE : Missing
LONGITUDE : Missing
ZONE : Missing
COMMENT : 2/8
STATION-ID : Missing
CAST : A
TIME-STAMP : Wed Apr 18 10:20:46 2001
MODE : PROVIEW
PRESSURE-TARE : 0.000000
TIMETAG : OFF
PROFILER : WET
REFERENCE : WET
PRO-DARK : OFF
REF-DARK : OFF
PRO-ID : PRO0029
REF-ID : REF0045
PROCESSING_LEVEL : 3a
FILE_CREATION_TIME : 17-Jul-2003 15:43:42
DEGLITCH_PRODAT : OFF
DEGLITCH_REFDAT : OFF
PRES_TARE_CORRECTED : 0.083864
BIN_INTERVAL : 1m
BIN_WIDTH : 0.5m
TIME_INTERVAL : 2sec
TIME_WIDTH : 1sec
WAVEL_INTERP : 0nm

Lu	Lu	Lu	Lu	Lu	Lu	Lu	Lu	Lu	Lu	Lu	Lu	Lu	Lu	Lu	Lu	Ed	Ed	Ed	Ed	Ed	Ed	Ed	Ed	Ed	Ed	Ed	Ed	Ed	Ed	Ed	Ed	
#Datetag	Timetag2	Depth	399.8	412.2	442.0	470.1	490.4	509.8	531.7	554.5	590.2	619.0	665.6	683.3	700.4	Datetag	Timetag2	Depth	399.8	411.5	442.6	469.8	490.9	509.6	531.5	554.9	589.4	619.4	665.7	682.5	700.2	
         NaN	         NaN	    00000002	         NaN	         NaN	         NaN	         NaN	         NaN	         NaN	         NaN	         NaN	         NaN	         NaN	         NaN	         NaN	         NaN	    02001108	   102046886	    00000002	4.67623998e+001	5.57782691e+001	5.83548666e+001	6.94214027e+001	7.39608267e+001	7.28040630e+001	7.65343632e+001	7.35011256e+001	5.58087737e+001	3.80391124e+001	2.57084874e+001	1.98121448e+001	1.97145716e+001	
    02001108	   102046686	    00000003	1.32037149e-001	1.61275906e-001	1.85306715e-001	2.70440857e-001	3.44965577e-001	3.53233929e-001	3.76317165e-001	3.45967134e-001	1.39214720e-001	3.51796232e-002	1.99298232e-002	4.00096182e-002	2.11167384e-002	    02001108	   102048260	    00000003	3.51677609e+001	4.14441784e+001	4.46583574e+001	5.53914829e+001	6.33427983e+001	6.36825211e+001	6.44148012e+001	6.44251939e+001	4.47763306e+001	2.52255976e+001	1.41598262e+001	1.11629716e+001	9.78830409e+000	
    02001108	   102048055	    00000004	1.05767145e-001	1.29124614e-001	1.50033831e-001	2.24959816e-001	2.93691556e-001	3.02630358e-001	3.22257781e-001	2.96191162e-001	1.12825904e-001	2.48461630e-002	1.46938523e-002	3.31245012e-002	1.67477649e-002	    02001108	   102049562	    00000004	2.63947488e+001	3.12249018e+001	3.47511557e+001	4.52803405e+001	5.23961112e+001	5.29833312e+001	5.49338699e+001	5.51531827e+001	3.47392942e+001	1.67269133e+001	7.87554150e+000	5.94834270e+000	4.40696769e+000	
    02001108	   102049389	    00000005	8.27110908e-002	1.01101900e-001	1.19327924e-001	1.84956312e-001	2.48382236e-001	2.57821742e-001	2.75180290e-001	2.53019037e-001	9.02414498e-002	1.67684637e-002	1.07673992e-002	2.72920122e-002	1.33420372e-002	    02001108	   102050785	    00000005	2.01616768e+001	2.38537982e+001	2.71125417e+001	3.66911657e+001	4.36766442e+001	4.47740757e+001	4.68217455e+001	4.72706221e+001	2.76722161e+001	1.12616137e+001	4.54873202e+000	3.40506993e+000	2.24965086e+000	
    02001108	   102050613	    00000006	6.39395140e-002	7.83549789e-002	9.38292176e-002	1.50371895e-001	2.07092657e-001	2.16694040e-001	2.31970441e-001	2.13374960e-001	7.11940880e-002	1.14552227e-002	8.18605006e-003	2.25539014e-002	1.07785459e-002	    02001108	   102051940	    00000006	1.59341381e+001	1.88837483e+001	2.19736193e+001	3.09270755e+001	3.77475741e+001	3.90876491e+001	4.14259850e+001	4.18426563e+001	2.24927853e+001	7.60096653e+000	2.57632431e+000	1.91150154e+000	1.12289337e+000	
    02001108	   102051771	    00000007	5.09215119e-002	6.25986546e-002	7.62627875e-002	1.26279584e-001	1.78399533e-001	1.88154090e-001	2.01782122e-001	1.85813744e-001	5.86070466e-002	8.25309864e-003	6.72545823e-003	1.98797565e-002	9.33482099e-003	    02001108	   102053122	    00000007	1.24448648e+001	1.47852415e+001	1.74582341e+001	2.53542354e+001	3.15756686e+001	3.29646422e+001	3.52219087e+001	3.55600300e+001	1.75869461e+001	4.98751042e+000	1.43681276e+000	1.08827680e+000	5.99202502e-001	
    02001108	   102052943	    00000008	4.03431761e-002	4.97471568e-002	6.16008197e-002	1.05233003e-001	1.52286059e-001	1.61727193e-001	1.73953993e-001	1.60178900e-001	4.76756355e-002	5.97428704e-003	5.55525014e-003	1.71985020e-002	8.02061865e-003	    02001108	   102054309	    00000008	9.90078864e+000	1.17885168e+001	1.42022144e+001	2.13179686e+001	2.71491241e+001	2.85802320e+001	3.08372621e+001	3.11109377e+001	1.42494717e+001	3.41011603e+000	8.49961171e-001	6.69681171e-001	3.47480006e-001	
    02001108	   102054138	    00000009	3.18543711e-002	3.93935803e-002	4.95453371e-002	8.73520510e-002	1.29522921e-001	1.38510639e-001	1.49343319e-001	1.37585834e-001	3.86549942e-002	4.36386581e-003	4.59285251e-003	1.46463674e-002	6.80701948e-003	    02001108	   102055494	    00000009	7.87903012e+000	9.39357273e+000	1.14773651e+001	1.77301307e+001	2.30138127e+001	2.43780634e+001	2.64527049e+001	2.66587027e+001	1.12771276e+001	2.28160482e+000	5.04068536e-001	4.24193665e-001	2.09463244e-001	
    02001108	   102055320	    00000010	2.53861864e-002	3.14936423e-002	4.02260356e-002	7.31013846e-002	1.10918221e-001	1.19296868e-001	1.28768542e-001	1.18689923e-001	3.16308701e-002	3.27987629e-003	3.85126353e-003	1.24707530e-002	5.81818998e-003	    02001108	   102056704	    00000010	6.43885519e+000	7.69930834e+000	9.59304135e+000	1.52735546e+001	2.02298747e+001	2.15661342e+001	2.35526406e+001	2.37424036e+001	9.38317676e+000	1.63303048e+000	3.13018817e-001	2.87166206e-001	1.45773688e-001	
    02001108	   102056519	    00000011	2.05261843e-002	2.55452730e-002	3.31215887e-002	6.18701409e-002	9.58657350e-002	1.03607118e-001	1.11887330e-001	1.03111996e-001	2.62092824e-002	2.53925266e-003	3.24789999e-003	1.05606149e-002	4.94571470e-003	    02001108	   102057990	    00000011	5.04438364e+000	6.04203210e+000	7.64692414e+000	1.25603594e+001	1.69871792e+001	1.82339292e+001	2.00465064e+001	2.01600064e+001	7.31972669e+000	1.06412257e+000	1.78242297e-001	1.90450591e-001	1.00100453e-001	
    02001108	   102057788	    00000012	1.62970123e-002	2.03569474e-002	2.68541334e-002	5.17948094e-002	8.22514632e-002	8.93465196e-002	9.65811960e-002	8.89932030e-002	2.14217049e-002	1.94338156e-003	2.68373222e-003	8.71258838e-003	4.08805732e-003	    02001108	   102059176	    00000012	4.01723203e+000	4.82783379e+000	6.23148896e+000	1.05726647e+001	1.46127279e+001	1.58038338e+001	1.74908237e+001	1.76093537e+001	5.91515587e+000	7.25065477e-001	1.09276122e-001	1.37731295e-001	7.57300566e-002	
    02001108	   102059002	    00000013	1.29164571e-002	1.62017176e-002	2.17784173e-002	4.33864555e-002	7.06281378e-002	7.70879126e-002	8.33296551e-002	7.67589851e-002	1.75059229e-002	1.50704797e-003	2.22918740e-003	7.19990465e-003	3.39984141e-003	    02001108	   102100382	    00000013	3.24452622e+000	3.90111268e+000	5.11213987e+000	8.91201406e+000	1.25498956e+001	1.36407984e+001	1.51771626e+001	1.52418155e+001	4.77088875e+000	5.13254965e-001	7.06371607e-002	1.04745617e-001	6.02666443e-002	
    02001108	   102100246	    00000014	1.04061497e-002	1.31054464e-002	1.79098527e-002	3.67360546e-002	6.10371631e-002	6.67954465e-002	7.20584748e-002	6.62704878e-002	1.43906210e-002	1.19562696e-003	1.86250444e-003	5.94532007e-003	2.83012592e-003	    02001108	   102101771	    00000014	2.66491671e+000	3.21164167e+000	4.27795220e+000	7.66688678e+000	1.10002992e+001	1.20253184e+001	1.34455393e+001	1.35065390e+001	3.96284331e+000	3.85576760e-001	4.81907264e-002	8.36866681e-002	5.02175359e-002	
    02001108	   102101555	    00000015	8.55121240e-003	1.08236228e-002	1.50490122e-002	3.16562026e-002	5.34815671e-002	5.85699143e-002	6.29730162e-002	5.78098994e-002	1.20509046e-002	9.84259685e-004	1.58794301e-003	4.99075769e-003	2.39271761e-003	    02001108	   102103183	    00000015	2.10247912e+000	2.53920820e+000	3.43565443e+000	6.34459738e+000	9.30027386e+000	1.02281374e+001	1.14965349e+001	1.15457423e+001	3.13951366e+000	2.62199323e-001	3.16492892e-002	6.50634510e-002	4.08524564e-002	
    02001108	   102103026	    00000016	6.81075078e-003	8.66289654e-003	1.22861262e-002	2.65994328e-002	4.59052333e-002	5.03223569e-002	5.39472941e-002	4.93632393e-002	9.78397551e-003	7.88301201e-004	1.31731203e-003	4.07254576e-003	1.96975926e-003	    02001108	   102104560	    00000016	1.66505766e+000	2.01722687e+000	2.78428258e+000	5.31489369e+000	7.96800465e+000	8.81748846e+000	9.97464465e+000	1.00160401e+001	2.51857120e+000	1.76587096e-001	2.13407251e-002	5.18135825e-002	3.39394374e-002	
    02001108	   102104381	    00000017	5.45091692e-003	6.97698191e-003	1.01165128e-002	2.26170271e-002	3.98804475e-002	4.37823356e-002	4.67969639e-002	4.27119621e-002	8.05834540e-003	6.44477496e-004	1.11279040e-003	3.39352822e-003	1.66144563e-003	    02001108	   102105898	    00000017	1.34860272e+000	1.63702363e+000	2.30069333e+000	4.51511469e+000	6.89744732e+000	7.66021632e+000	8.69255536e+000	8.71760651e+000	2.04698930e+000	1.23371749e-001	1.54363127e-002	4.24584835e-002	2.87549913e-002	
    02001108	   102105720	    00000018	4.43486404e-003	5.71984635e-003	8.46784937e-003	1.94862490e-002	3.49589890e-002	3.83310431e-002	4.07514249e-002	3.70282451e-002	6.68744982e-003	5.36783854e-004	9.47220104e-004	2.85907111e-003	1.40961263e-003	    02001108	   102107251	    00000018	1.11450357e+000	1.35509365e+000	1.93422481e+000	3.88738958e+000	6.03880805e+000	6.72901471e+000	7.66065789e+000	7.67304324e+000	1.69462267e+000	8.92427631e-002	1.17965186e-002	3.56993998e-002	2.47901310e-002	
    02001108	   102107063	    00000019	3.69121717e-003	4.78652415e-003	7.22577545e-003	1.70168911e-002	3.09363045e-002	3.38071708e-002	3.56576238e-002	3.21910043e-002	5.59429182e-003	4.54133843e-004	8.07961947e-004	2.41411227e-003	1.20394456e-003	    02001108	   102108644	    00000019	8.96397291e-001	1.10240980e+000	1.59674484e+000	3.29246217e+000	5.20819754e+000	5.82758432e+000	6.65675634e+000	6.66932919e+000	1.38133379e+000	6.36112815e-002	9.09916639e-003	2.98199596e-002	2.14229186e-002	
    02001108	   102108443	    00000020	3.05760816e-003	3.99191228e-003	6.16087817e-003	1.48455953e-002	2.73066609e-002	2.96596607e-002	3.10075440e-002	2.77601520e-002	4.62584652e-003	3.83488275e-004	6.81330585e-004	2.00504103e-003	1.01367890e-003	    02001108	   102110024	    00000020	7.04908647e-001	8.64470819e-001	1.29492654e+000	2.75021107e+000	4.44412370e+000	4.99497595e+000	5.72958691e+000	5.73650715e+000	1.10218148e+000	4.36030094e-002	7.02451798e-003	2.46969040e-002	1.79193970e-002	
    02001108	   102109837	    00000021	2.50289159e-003	3.29827417e-003	5.22633283e-003	1.29091068e-002	2.40281484e-002	2.58823755e-002	2.67346731e-002	2.36686513e-002	3.75166606e-003	3.19761361e-004	5.61224905e-004	1.61873417e-003	8.31947686e-004	    02001108	   102111324	    00000021	5.62586980e-001	6.82965410e-001	1.03618221e+000	2.32084227e+000	3.83036362e+000	4.32527814e+000	4.98497310e+000	4.98916150e+000	8.78097259e-001	3.08190849e-002	5.59805541e-003	2.07911294e-002	1.53250461e-002	
    02001108	   102111161	    00000022	2.09434647e-003	2.79011617e-003	4.53654029e-003	1.14685782e-002	2.15426129e-002	2.29869763e-002	2.34201953e-002	2.04958578e-002	3.10419399e-003	2.73219271e-004	4.68658956e-004	1.33120678e-003	6.96760724e-004	    02001108	   102112701	    00000022	4.61751213e-001	5.64079640e-001	7.72341595e-001	1.99905116e+000	3.35517336e+000	3.80061252e+000	4.39399229e+000	4.39467928e+000	7.21298354e-001	2.23936413e-002	4.62771610e-003	1.77706950e-002	1.33022991e-002	
    02001108	   102112525	    00000023	1.79992873e-003	2.42261552e-003	4.03617056e-003	1.03733484e-002	1.95384499e-002	2.05800683e-002	2.06206284e-002	1.77756230e-002	2.59069416e-003	2.36500076e-004	3.87703078e-004	1.07496143e-003	5.76127357e-004	    02001108	   102114310	    00000023	3.85680694e-001	4.72915711e-001	6.37602349e-001	1.73187322e+000	2.94743220e+000	3.34403012e+000	3.87092425e+000	3.86257945e+000	5.99824470e-001	1.68850183e-002	3.88875023e-003	1.52552340e-002	1.15680393e-002	
    02001108	   102114041	    00000024	1.56610133e-003	2.13913153e-003	3.63965677e-003	9.43468479e-003	1.77227902e-002	1.83468724e-002	1.79927655e-002	1.52095237e-002	2.12544003e-003	2.05956459e-004	3.13400574e-004	8.31659668e-004	4.61563667e-004	    02001108	   102117845	    00000024	3.13000108e-001	3.85557514e-001	5.29700625e-001	1.47960196e+000	2.56910290e+000	2.92165312e+000	3.39155846e+000	3.38123470e+000	4.89516252e-001	1.21733710e-002	3.23728054e-003	1.29140751e-002	9.99037522e-003	
    02001108	   102117328	    00000025	1.35091802e-003	1.86713254e-003	3.25901173e-003	8.56290669e-003	1.60750707e-002	1.63736460e-002	1.57267817e-002	1.30403846e-002	1.73701530e-003	1.80403350e-004	2.52893181e-004	6.38759460e-004	3.70280605e-004	    02001108	   102119892	    00000025	2.58338581e-001	3.18686597e-001	4.46516483e-001	1.27740553e+000	2.25279524e+000	2.56412447e+000	2.97746548e+000	2.95899721e+000	3.99966401e-001	8.94010597e-003	2.65612179e-003	1.08525635e-002	8.59746920e-003	
    02001108	   102119635	    00000026	1.16668891e-003	1.63660004e-003	2.94049342e-003	7.79819908e-003	1.46159347e-002	1.46163952e-002	1.37201768e-002	1.11216584e-002	1.41391534e-003	1.58937928e-004	2.02075539e-004	4.77600057e-004	2.91380067e-004	    02001108	   102121433	    00000026	2.16484361e-001	2.68239387e-001	3.82830416e-001	1.11844158e+000	1.99909421e+000	2.27217753e+000	2.63542127e+000	2.60473427e+000	3.28600926e-001	6.66244836e-003	2.15653079e-003	9.14752541e-003	7.43423083e-003	
    02001108	   102121228	    00000027	1.02422399e-003	1.44964447e-003	2.67194747e-003	7.15923100e-003	1.33918569e-002	1.31841384e-002	1.21295760e-002	9.63867241e-003	1.17688859e-003	1.42596480e-004	1.68652637e-004	3.74987599e-004	2.40538699e-004	    02001108	   102122979	    00000027	1.85362864e-001	2.31864544e-001	3.36301868e-001	1.00236515e+000	1.79799537e+000	2.03414419e+000	2.35098089e+000	2.30335889e+000	2.72366781e-001	5.17726356e-003	1.94109917e-003	7.71567258e-003	6.48946650e-003	
    02001108	   102122767	    00000028	8.97543111e-004	1.28577738e-003	2.43046397e-003	6.57675137e-003	1.22931389e-002	1.19418117e-002	1.07760079e-002	8.41267258e-003	9.94318274e-004	1.29229022e-004	1.44183865e-004	3.10321211e-004	2.06758278e-004	    02001108	   102124652	    00000028	1.60987291e-001	2.01976674e-001	2.98635307e-001	9.24244190e-001	1.63703309e+000	1.84139235e+000	2.11703462e+000	2.05193513e+000	2.25735580e-001	3.93924921e-003	1.42146541e-003	6.54103123e-003	5.70288461e-003	
    02001108	   102124434	    00000029	7.83742331e-004	1.14343690e-003	2.21191215e-003	6.05104737e-003	1.13131556e-002	1.08357731e-002	9.58641695e-003	7.34786136e-003	8.38730936e-004	1.14680892e-004	1.21144397e-004	2.45991016e-004	1.73121529e-004	    02001108	   102126005	    00000029	1.41328234e-001	1.78405030e-001	2.68573450e-001	8.45099662e-001	1.50401665e+000	1.68023335e+000	1.92220894e+000	1.84393871e+000	1.89844895e-001	3.13284463e-003	1.20147423e-003	5.71791652e-003	5.12654177e-003	
    02001108	   102125843	    00000030	6.93882125e-004	1.02399515e-003	2.02876710e-003	5.60001052e-003	1.04686073e-002	9.89195767e-003	8.57921279e-003	6.45329512e-003	7.17406816e-004	1.06169820e-004	1.02357313e-004	1.92035758e-004	1.45679533e-004	    02001108	   102128216	    00000030	1.26226981e-001	1.60772175e-001	2.45466834e-001	7.80538534e-001	1.39550748e+000	1.54759530e+000	1.76066153e+000	1.66986984e+000	1.62513150e-001	2.57127366e-003	1.03627524e-003	5.07119942e-003	4.64820447e-003	
    02001108	   102127677	    00000031	6.24651885e-004	9.32379882e-004	1.88766245e-003	5.24333465e-003	9.78982042e-003	9.14919330e-003	7.78668688e-003	5.76838078e-003	6.20352726e-004	9.93503949e-005	8.98788897e-005	1.56188146e-004	1.25705328e-004	    02001108	   102132732	    00000031	1.11074845e-001	1.42346601e-001	2.21911737e-001	7.15264550e-001	1.28718999e+000	1.41580970e+000	1.59874256e+000	1.49827880e+000	1.36040354e-001	2.07987895e-003	8.79007241e-004	4.41379694e-003	4.16153168e-003	
    02001108	   102132257	    00000032	5.51025387e-004	8.32392725e-004	1.72874681e-003	4.87008344e-003	9.10523489e-003	8.42604229e-003	7.04544546e-003	5.13798983e-003	5.37388383e-004	9.08192496e-005	7.92246602e-005	1.31166701e-004	1.08636573e-004	    02001108	   102135109	    00000032	1.00164249e-001	1.29218312e-001	2.05044381e-001	6.66893013e-001	1.20271953e+000	1.31010048e+000	1.46724385e+000	1.35652571e+000	1.15804307e-001	1.73686295e-003	7.45915431e-004	3.90245585e-003	3.78711375e-003	
    02001108	   102134734	    00000033	4.94814425e-004	7.57545924e-004	1.59991702e-003	4.54474537e-003	8.51251624e-003	7.80250253e-003	6.42954446e-003	4.62407607e-003	4.73322129e-004	8.29170616e-005	7.20118167e-005	1.17726613e-004	9.91947608e-005	    02001108	   102139332	    00000033	8.95844261e-002	1.16474931e-001	1.88735329e-001	6.20785829e-001	1.12321094e+000	1.21140884e+000	1.34496854e+000	1.22522494e+000	9.78287374e-002	1.45128693e-003	6.51794896e-004	3.44668916e-003	3.44923402e-003	
    02001108	   102138946	    00000034	4.34198142e-004	6.76295840e-004	1.46483943e-003	4.21764719e-003	7.93118167e-003	7.20961737e-003	5.84772840e-003	4.15090334e-003	4.11064350e-004	7.60237862e-005	6.54701496e-005	1.07249962e-004	8.97689386e-005	    02001108	   102142799	    00000034	8.06825801e-002	1.05408609e-001	1.74391420e-001	5.78828179e-001	1.04944334e+000	1.11996244e+000	1.23132265e+000	1.10557264e+000	8.27332816e-002	1.22425820e-003	5.73602175e-004	3.09674295e-003	3.15095062e-003	
    02001108	   102142517	    00000035	3.86168271e-004	6.12117302e-004	1.34698568e-003	3.91216447e-003	7.38145688e-003	6.64136741e-003	5.29574220e-003	3.69907487e-003	3.62681246e-004	7.04002944e-005	5.94718807e-005	9.53399542e-005	8.25058526e-005	    02001108	   102144662	    00000035	7.17486353e-002	9.43737048e-002	1.59641878e-001	5.35446123e-001	9.87488225e-001	1.02696655e+000	1.12260030e+000	9.83196088e-001	6.99434667e-002	1.06869286e-003	5.13121212e-004	2.80331592e-003	2.86557582e-003	
    02001108	   102144385	    00000036	3.41071866e-004	5.43481116e-004	1.23582358e-003	3.63018619e-003	6.87916666e-003	6.13743075e-003	4.81427185e-003	3.31716495e-003	3.15315183e-004	6.27553083e-005	5.41332744e-005	8.54332716e-005	7.35611229e-005	    02001108	   102146410	    00000036	6.47243964e-002	8.57921971e-002	1.47802112e-001	5.01326656e-001	9.54951037e-001	9.43956701e-001	1.01492567e+000	8.84571393e-001	5.95261943e-002	9.07552781e-004	4.71859414e-004	2.55057065e-003	2.63549719e-003	
    02001108	   102146177	    00000037	3.03895332e-004	4.94998275e-004	1.14426898e-003	3.39596207e-003	6.46146313e-003	5.72099657e-003	4.42060422e-003	3.00715930e-003	2.78319547e-004	5.80815442e-005	4.89936884e-005	7.78655263e-005	6.83267960e-005	    02001108	   102150343	    00000037	5.86759374e-002	7.82965912e-002	1.37359248e-001	4.70393297e-001	8.98242808e-001	8.78596078e-001	9.01534992e-001	8.05861314e-001	5.13377672e-002	8.04396459e-004	4.38928609e-004	2.35404569e-003	2.43542523e-003	
    02001108	   102149776	    00000038	2.71836915e-004	4.49782434e-004	1.06367303e-003	3.19583813e-003	6.09646209e-003	5.36694304e-003	4.09036916e-003	2.75312229e-003	2.49529942e-004	5.46241533e-005	4.38335919e-005	7.11958873e-005	6.22749374e-005	    02001108	   102152277	    00000038	5.24955271e-002	7.04620572e-002	1.26234478e-001	4.37137558e-001	8.37285870e-001	8.10497669e-001	8.23874435e-001	7.25111597e-001	4.33909127e-002	7.09603791e-004	4.16146610e-004	2.14180520e-003	2.23284174e-003	
    02001108	   102152042	    00000039	2.34311044e-004	4.00592500e-004	9.74671497e-004	2.97818812e-003	5.71260915e-003	4.99118028e-003	3.74048758e-003	2.48641200e-003	2.23238430e-004	5.03093382e-005	4.03034271e-005	6.48825519e-005	5.82408838e-005	    02001108	   102154436	    00000039	4.81463759e-002	6.50416980e-002	1.18447005e-001	4.13253505e-001	7.91461307e-001	7.59142475e-001	7.64852053e-001	6.64107667e-001	3.78299181e-002	6.38403041e-004	3.99994699e-004	2.00448246e-003	2.08023587e-003	
    02001108	   102154077	    00000040	2.16005249e-004	3.68671079e-004	9.15437014e-004	2.81241671e-003	5.41830453e-003	4.70003110e-003	3.47869676e-003	2.28271912e-003	1.98242848e-004	4.53309073e-005	3.70054131e-005	5.85591417e-005	5.33218214e-005	    02001108	   102157017	    00000040	4.31954610e-002	5.87151498e-002	1.09041050e-001	3.84632264e-001	7.38833081e-001	7.01919972e-001	7.00977579e-001	5.99965287e-001	3.22528278e-002	5.69844298e-004	3.73986502e-004	1.83271146e-003	1.91345782e-003	
    02001108	   102156644	    00000041	1.91549528e-004	3.31897920e-004	8.44597614e-004	2.63143125e-003	5.10163448e-003	4.40824909e-003	3.21445372e-003	2.08641186e-003	1.78447851e-004	4.17736084e-005	3.40361410e-005	5.26215602e-005	4.85931839e-005	    02001108	   102159780	    00000041	3.90497515e-002	5.34622508e-002	1.01133844e-001	3.60424993e-001	6.93410868e-001	6.52719391e-001	6.46000988e-001	5.45120409e-001	2.77600805e-002	5.10710409e-004	3.39450872e-004	1.69407813e-003	1.76916710e-003	
    02001108	   102159348	    00000042	1.67206037e-004	2.98211889e-004	7.83670980e-004	2.47046892e-003	4.81750185e-003	4.13943388e-003	2.97636631e-003	1.91185362e-003	1.62392474e-004	3.86343432e-005	3.16545327e-005	5.06573928e-005	4.52694497e-005	    02001108	   102202874	    00000042	3.55982938e-002	4.90047256e-002	9.42641696e-002	3.38779535e-001	6.52671349e-001	6.08726053e-001	5.97111411e-001	4.96992006e-001	2.40975170e-002	4.62300102e-004	3.24487508e-004	1.58624434e-003	1.64553980e-003	
    02001108	   102202398	    00000043	1.47290760e-004	2.74629714e-004	7.28900162e-004	2.33387629e-003	4.57369115e-003	3.90465987e-003	2.77146655e-003	1.75888005e-003	1.43945976e-004	3.57561756e-005	2.91516369e-005	4.50405215e-005	4.17163687e-005	    02001108	   102205961	    00000043	3.19125563e-002	4.41349604e-002	8.66868786e-002	3.15125907e-001	6.09042088e-001	5.62604579e-001	5.46968794e-001	4.48732716e-001	2.05809325e-002	4.03430486e-004	3.12611690e-004	1.45820858e-003	1.50129088e-003	
    02001108	   102205645	    00000044	1.31915537e-004	2.47521270e-004	6.75660805e-004	2.19053789e-003	4.32201692e-003	3.67079458e-003	2.56860722e-003	1.61280253e-003	1.26238414e-004	3.34803836e-005	2.55871672e-005	3.97522392e-005	3.87703452e-005	    02001108	   102207820	    00000044	2.87127381e-002	3.99369950e-002	7.99306992e-002	2.93551088e-001	5.68737252e-001	5.20657385e-001	5.01766193e-001	4.05882020e-001	1.77041167e-002	3.62424639e-004	3.02080829e-004	1.34697300e-003	1.38010990e-003	
    02001108	   102207569	    00000045	1.15605340e-004	2.22994975e-004	6.27115440e-004	2.06036747e-003	4.08873904e-003	3.45818183e-003	2.38334757e-003	1.48272493e-003	1.10817358e-004	2.97929943e-005	2.32076518e-005	3.53903734e-005	3.61835350e-005	    02001108	   102209616	    00000045	2.59912797e-002	3.63471074e-002	7.40163059e-002	2.74396629e-001	5.32515891e-001	4.83126504e-001	4.61472989e-001	3.68183086e-001	1.53409108e-002	3.37773417e-004	2.84868704e-004	1.25722334e-003	1.28359350e-003	
    02001108	   102209377	    00000046	9.92842099e-005	2.07197579e-004	5.84383809e-004	1.94265498e-003	3.88838372e-003	3.27144883e-003	2.22866280e-003	1.37235450e-003	9.79265585e-005	2.67764618e-005	2.00887067e-005	3.19909429e-005	3.29973320e-005	    02001108	   102211118	    00000046	2.34406970e-002	3.29139487e-002	6.83083468e-002	2.55890819e-001	4.97879672e-001	4.47737535e-001	4.23934309e-001	3.33587917e-001	1.32656617e-002	2.93334331e-004	2.60475491e-004	1.15960759e-003	1.16650265e-003	
    02001108	   102210910	    00000047	8.68565408e-005	1.86102004e-004	5.39576130e-004	1.83582242e-003	3.70025186e-003	3.09982042e-003	2.08257831e-003	1.26566501e-003	8.97783039e-005	2.38468326e-005	1.76221497e-005	2.89516176e-005	2.94496265e-005	    02001108	   102212520	    00000047	2.11064449e-002	2.97596383e-002	6.29375849e-002	2.38448061e-001	4.65187534e-001	4.14815567e-001	3.89473451e-001	3.02313858e-001	1.14737575e-002	2.80212752e-004	2.49678096e-004	1.07455198e-003	1.08259859e-003	
    02001108	   102212345	    00000048	7.16569027e-005	1.65581685e-004	5.00700745e-004	1.73840006e-003	3.52361332e-003	2.94667430e-003	1.95566005e-003	1.17921457e-003	8.12912535e-005	2.24949636e-005	1.64688160e-005	2.78759550e-005	2.81376327e-005	    02001108	   102213952	    00000048	1.90219804e-002	2.69974822e-002	5.81626955e-002	2.22599463e-001	4.35185020e-001	3.84853424e-001	3.58319221e-001	2.74481272e-001	9.99224203e-003	2.33431634e-004	2.54463342e-004	1.01871415e-003	9.95054709e-004	
    02001108	   102213747	    00000049	6.41120119e-005	1.55225983e-004	4.74240322e-004	1.63926137e-003	3.36791580e-003	2.80102106e-003	1.83691813e-003	1.10140323e-003	7.25780562e-005	2.13958706e-005	1.57233006e-005	2.34255529e-005	2.74691017e-005	    02001108	   102215382	    00000049	1.71994265e-002	2.45420915e-002	5.37831719e-002	2.07957645e-001	4.07309855e-001	3.57178026e-001	3.29695084e-001	2.49163268e-001	8.71941097e-003	2.22579070e-004	2.46105395e-004	9.47342043e-004	9.31038514e-004	
    02001108	   102215177	    00000050	5.12370448e-005	1.35597933e-004	4.45805307e-004	1.55910864e-003	3.22087020e-003	2.67142331e-003	1.73299471e-003	1.02902977e-003	5.95853862e-005	1.91537087e-005	1.41381819e-005	1.93436288e-005	2.29432551e-005	    02001108	   102216826	    00000050	1.55464193e-002	2.22549188e-002	4.96469931e-002	1.93987616e-001	3.80807100e-001	3.31124022e-001	3.03032208e-001	2.25969503e-001	7.60154134e-003	1.98658407e-004	2.27654789e-004	8.74251292e-004	8.49239994e-004	
    02001108	   102216612	    00000051	4.69920209e-005	1.28525416e-004	4.20183773e-004	1.47896862e-003	3.08676705e-003	2.55754156e-003	1.64517259e-003	9.67658218e-004	5.66480079e-005	1.91033931e-005	1.34834305e-005	1.70498235e-005	2.17058975e-005	    02001108	   102218250	    00000051	1.40049121e-002	2.01629493e-002	4.57994103e-002	1.80976528e-001	3.56181796e-001	3.07183638e-001	2.78819781e-001	2.05148141e-001	6.66059666e-003	1.73666890e-004	2.22389697e-004	8.20659155e-004	7.99406948e-004	
    02001108	   102218052	    00000052	4.47715134e-005	1.07634988e-004	3.91403722e-004	1.41123810e-003	2.96212597e-003	2.45398745e-003	1.56041020e-003	9.11905879e-004	4.97792804e-005	1.40582256e-005	1.08902097e-005	1.60505717e-005	2.10705371e-005	    02001108	   102219853	    00000052	1.26488016e-002	1.83509863e-002	4.23320577e-002	1.69051028e-001	3.33156154e-001	2.85150014e-001	2.56662275e-001	1.86391774e-001	5.84855493e-003	1.74626253e-004	2.16891871e-004	7.70629325e-004	7.38869139e-004	
    02001108	   102219598	    00000053	3.62095798e-005	1.00612262e-004	3.69807875e-004	1.34637652e-003	2.85585805e-003	2.36094168e-003	1.49027553e-003	8.65211559e-004	4.59401245e-005	1.30007812e-005	8.90292757e-006	1.46471958e-005	2.04069523e-005	    02001108	   102221621	    00000053	1.15238605e-002	1.67893399e-002	3.93998655e-002	1.58883494e-001	3.13660730e-001	2.66410660e-001	2.37918318e-001	1.70649906e-001	5.19171028e-003	1.41666057e-004	2.16230971e-004	7.22579898e-004	6.64991253e-004	
    02001108	   102221356	    00000054	2.66413990e-005	9.27262168e-005	3.46211149e-004	1.29018001e-003	2.76025409e-003	2.27959791e-003	1.42918743e-003	8.30163979e-004	3.65353608e-005	1.18931656e-005	7.80076530e-006	1.27681129e-005	1.72192292e-005	    02001108	   102224076	    00000054	1.04376109e-002	1.52624509e-002	3.64464538e-002	1.48537439e-001	2.94042478e-001	2.47687835e-001	2.19373059e-001	1.55318679e-001	4.58630665e-003	1.39703894e-004	1.94577323e-004	6.72081277e-004	6.36012216e-004	
    02001108	   102223764	    00000055	2.15411736e-005	8.54056538e-005	3.21884811e-004	1.23363683e-003	2.66159235e-003	2.19670079e-003	1.36765581e-003	7.87481228e-004	3.33173108e-005	9.75539571e-006	6.87746569e-006	1.03002273e-005	1.52639837e-005	    02001108	   102226012	    00000055	9.36505414e-003	1.37234902e-002	3.34198727e-002	1.37855536e-001	2.73829694e-001	2.28859559e-001	2.01081516e-001	1.40483675e-001	4.04988786e-003	1.16253505e-004	2.01546393e-004	6.29668559e-004	5.73641702e-004	
    02001108	   102225751	    00000056	2.08789707e-005	7.45526723e-005	3.10746139e-004	1.17616876e-003	2.56436543e-003	2.11618851e-003	1.30978295e-003	7.52586993e-004	2.99046214e-005	8.98955941e-006	6.20247175e-006	5.61120148e-006	1.65083018e-005	    02001108	   102227916	    00000056	8.42375574e-003	1.23888361e-002	3.07221630e-002	1.28228257e-001	2.55442008e-001	2.11907742e-001	1.84743099e-001	1.27449098e-001	3.55844400e-003	1.04369103e-004	1.92898649e-004	5.94877218e-004	5.15356410e-004	
    02001108	   102227634	    00000057	1.00758374e-005	6.58456022e-005	2.90827108e-004	1.11326007e-003	2.44817866e-003	2.01720361e-003	1.23666692e-003	7.07448937e-004	2.54840236e-005	8.82253444e-006	3.16633149e-006	5.60347347e-006	1.32158792e-005	    02001108	   102230771	    00000057	7.64546566e-003	1.12774428e-002	2.84680503e-002	1.20176199e-001	2.40010254e-001	1.97603648e-001	1.70973920e-001	1.16531961e-001	3.21663748e-003	9.43744857e-005	1.79773780e-004	5.42607726e-004	4.92696010e-004	
    02001108	   102230361	    00000058	6.89325958e-006	5.85283607e-005	2.70880378e-004	1.05571391e-003	2.33229277e-003	1.91930179e-003	1.16050133e-003	6.60422910e-004	1.91282458e-005	6.09704117e-006	3.32885806e-006	2.27279746e-006	1.15829631e-005	    02001108	   102232994	    00000058	6.69894543e-003	9.90342099e-003	2.57083151e-002	1.10268398e-001	2.21557158e-001	1.80922563e-001	1.55432209e-001	1.04593008e-001	2.80901434e-003	6.26207500e-005	1.87726817e-004	5.08738584e-004	4.41069513e-004	
    02001108	   102232708	    00000059	4.79233618e-006	5.50146528e-005	2.49206110e-004	9.85364122e-004	2.20152587e-003	1.81126596e-003	1.08066226e-003	6.14995190e-004	1.58074824e-005	4.39631030e-006	2.14172469e-006	2.81119941e-006	1.13010415e-005	    02001108	   102234893	    00000059	5.87737913e-003	8.72323224e-003	2.32307993e-002	1.01203177e-001	2.04410807e-001	1.65655139e-001	1.41303163e-001	9.39570792e-002	2.48693921e-003	7.21792013e-005	1.68427038e-004	4.65801992e-004	4.08002166e-004