PROSOFT : ProSoft 7.4
CRUISE-ID : mc486
OPERATOR : Missing
LATITUDE : Missing
LONGITUDE : Missing
ZONE : Missing
COMMENT : 0\8
STATION-ID : Missing
CAST : A
TIME-STAMP : Tue Jun 05 10:50:00 2001
MODE : PROVIEW
PRESSURE-TARE : 0.000000
TIMETAG : OFF
PROFILER : WET
REFERENCE : WET
PRO-DARK : OFF
REF-DARK : OFF
PRO-ID : PRO0029
REF-ID : REF0045
PROCESSING_LEVEL : 3a
FILE_CREATION_TIME : 17-Jul-2003 16:32:28
DEGLITCH_PRODAT : OFF
DEGLITCH_REFDAT : OFF
PRES_TARE_CORRECTED : 1.0902
BIN_INTERVAL : 1m
BIN_WIDTH : 0.5m
TIME_INTERVAL : 2sec
TIME_WIDTH : 1sec
WAVEL_INTERP : 0nm

Lu	Lu	Lu	Lu	Lu	Lu	Lu	Lu	Lu	Lu	Lu	Lu	Lu	Lu	Lu	Lu	Ed	Ed	Ed	Ed	Ed	Ed	Ed	Ed	Ed	Ed	Ed	Ed	Ed	Ed	Ed	Ed	Es	Es	Es	Es	Es	Es	Es	Es	Es	Es	Es	Es	Es	Es	Es	Ls	Ls	Ls	Ls	Ls	Ls	Ls	Ls	Ls	
#Datetag	Timetag2	Depth	399.8	412.2	442.0	470.1	490.4	509.8	531.7	554.5	590.2	619.0	665.6	683.3	700.4	Datetag	Timetag2	Depth	399.8	411.5	442.6	469.8	490.9	509.6	531.5	554.9	589.4	619.4	665.7	682.5	700.2	Datetag	Timetag2	399.5	412.3	442.7	470.3	490.4	510.4	531.9	554.9	590.6	620.5	664.6	683.3	700.2	Datetag	Timetag2	411.8	442.7	490.8	510.1	555.0	664.5	683.6	
         NaN	         NaN	    00000001	1.94898380e-001	2.41804098e-001	2.94654690e-001	4.59334138e-001	6.12252862e-001	6.63230277e-001	6.59863377e-001	6.50315289e-001	3.59581338e-001	1.05308767e-001	5.22276231e-002	7.41311825e-002	4.48067058e-002	    02001156	   105002248	    00000001	5.08518992e+001	6.02492603e+001	6.45710326e+001	7.89506640e+001	8.81812550e+001	8.76741236e+001	9.02375315e+001	9.17542802e+001	7.07809427e+001	5.10676826e+001	3.56597012e+001	2.98007528e+001	2.95948625e+001	    02001156	   105002248	8.65641320e+001	1.03246873e+002	1.16541974e+002	1.27767809e+002	1.25717795e+002	1.32608009e+002	1.25943737e+002	1.19062657e+002	1.12290068e+002	1.12141992e+002	1.09332757e+002	1.03663657e+002	1.00121358e+002	    02001156	   105002248	4.29489468e-001	4.95610755e-001	7.62380478e-001	8.24870533e-001	8.91418873e-001	1.19768094e-001	1.35546042e-001	
    02001156	   105002028	    00000002	1.50127177e-001	1.87677205e-001	2.34997720e-001	3.83583916e-001	5.24364245e-001	5.75021962e-001	5.76040339e-001	5.68618448e-001	3.03415474e-001	7.95171605e-002	3.83111706e-002	6.01033710e-002	3.39394286e-002	    02001156	   105003474	    00000002	3.50299173e+001	4.15848472e+001	4.63290686e+001	6.04949122e+001	6.97104310e+001	7.08358242e+001	7.45197955e+001	7.67412852e+001	5.55515282e+001	3.40623729e+001	2.03756159e+001	1.63860597e+001	1.44538554e+001	    02001156	   105003474	8.72163248e+001	1.04067412e+002	1.17462371e+002	1.28841148e+002	1.26749105e+002	1.33640845e+002	1.26953301e+002	1.20088204e+002	1.13206322e+002	1.13102808e+002	1.10287133e+002	1.04504846e+002	1.00967007e+002	    02001156	   105003474	4.30295104e-001	4.96037627e-001	7.64203806e-001	8.27306801e-001	8.93961997e-001	1.19927848e-001	1.35612702e-001	
    02001156	   105003310	    00000003	1.00405833e-001	1.27356705e-001	1.65580911e-001	2.87928976e-001	4.05367978e-001	4.48966674e-001	4.51159982e-001	4.43451390e-001	2.17409514e-001	5.08224170e-002	2.44321817e-002	4.39853472e-002	2.30116877e-002	    02001156	   105004609	    00000003	2.40084043e+001	2.88158326e+001	3.34814002e+001	4.67966165e+001	5.57998203e+001	5.82929646e+001	6.30165412e+001	6.60220460e+001	4.44256438e+001	2.28007563e+001	1.13954639e+001	8.93684250e+000	6.95647713e+000	    02001156	   105004609	8.88254416e+001	1.06027577e+002	1.19735401e+002	1.31348348e+002	1.29359108e+002	1.36220511e+002	1.29607356e+002	1.22562379e+002	1.15509977e+002	1.15425321e+002	1.12462210e+002	1.06490632e+002	1.02903498e+002	    02001156	   105004609	4.29921642e-001	4.95347344e-001	7.61139607e-001	8.23518425e-001	8.88428969e-001	1.18831122e-001	1.35115779e-001	
    02001156	   105004448	    00000004	6.76367082e-002	8.69182581e-002	1.17689930e-001	2.17217949e-001	3.17630663e-001	3.53391075e-001	3.53221141e-001	3.45337429e-001	1.47942314e-001	3.13410170e-002	1.54020249e-002	3.12808975e-002	1.56829939e-002	    02001156	   105005707	    00000004	1.54716846e+001	1.86161281e+001	2.24723961e+001	3.35283892e+001	4.13661059e+001	4.42805237e+001	4.91685657e+001	5.20540170e+001	3.24240214e+001	1.38627758e+001	5.79111248e+000	4.45729268e+000	3.07942508e+000	    02001156	   105005707	8.85992380e+001	1.05829662e+002	1.19428359e+002	1.31174690e+002	1.28973367e+002	1.35822693e+002	1.29082431e+002	1.22211402e+002	1.15196948e+002	1.15236462e+002	1.12174383e+002	1.06153644e+002	1.02687143e+002	    02001156	   105005707	4.27098795e-001	4.90348963e-001	7.54720343e-001	8.16983231e-001	8.88308445e-001	1.17874623e-001	1.33800175e-001	
    02001156	   105005542	    00000005	4.53740274e-002	5.93724419e-002	8.49061403e-002	1.63472222e-001	2.48220799e-001	2.76942355e-001	2.75110049e-001	2.66188392e-001	1.03826763e-001	1.86928027e-002	9.53046716e-003	2.12683282e-002	1.04776928e-002	    02001156	   105006809	    00000005	1.10310854e+001	1.34159785e+001	1.69218182e+001	2.68625267e+001	3.41769631e+001	3.73848265e+001	4.23883667e+001	4.54914374e+001	2.65188303e+001	9.67985648e+000	3.48765483e+000	2.65092709e+000	1.63808551e+000	    02001156	   105006809	8.58299045e+001	1.02361887e+002	1.15517599e+002	1.26599272e+002	1.24526957e+002	1.31405560e+002	1.24639147e+002	1.17819486e+002	1.11193518e+002	1.10983832e+002	1.08179379e+002	1.02599739e+002	9.90802974e+001	    02001156	   105006809	4.34083388e-001	5.00385828e-001	7.76059100e-001	8.41837355e-001	9.04934786e-001	1.19481563e-001	1.35903885e-001	
    02001156	   105006649	    00000006	3.24944446e-002	4.34340693e-002	6.55092818e-002	1.29499860e-001	1.90963005e-001	2.15823684e-001	2.17609681e-001	2.06827087e-001	7.52979336e-002	1.18486787e-002	6.31776408e-003	1.45465490e-002	7.22851982e-003	    02001156	   105007915	    00000006	7.86367255e+000	9.62561989e+000	1.25977028e+001	2.10862304e+001	2.75252466e+001	3.06462518e+001	3.54238426e+001	3.81883011e+001	2.07564367e+001	6.44530099e+000	2.00422808e+000	1.52517405e+000	8.53098145e-001	    02001156	   105007915	8.83744647e+001	1.05565322e+002	1.19115292e+002	1.30830744e+002	1.28605263e+002	1.35461795e+002	1.28682331e+002	1.21848934e+002	1.14876300e+002	1.14902284e+002	1.11858300e+002	1.05855142e+002	1.02403494e+002	    02001156	   105007915	4.24790255e-001	4.86816887e-001	7.51977085e-001	8.14681441e-001	8.83719198e-001	1.17942200e-001	1.34189493e-001	
    02001156	   105007764	    00000007	2.42372828e-002	3.30651931e-002	5.23745047e-002	1.06526359e-001	1.54201826e-001	1.63810526e-001	1.74316737e-001	1.61965283e-001	5.48093690e-002	7.56718360e-003	4.21431810e-003	9.71488074e-003	4.97882066e-003	    02001156	   105008966	    00000007	5.82798322e+000	7.21692251e+000	9.80558139e+000	1.71873959e+001	2.29715703e+001	2.58952046e+001	3.02585052e+001	3.28103590e+001	1.66194125e+001	4.41103962e+000	1.19632815e+000	9.25215455e-001	4.73999154e-001	    02001156	   105008966	8.67679843e+001	1.03575272e+002	1.16854418e+002	1.28213795e+002	1.26008230e+002	1.32829256e+002	1.25976158e+002	1.19171221e+002	1.12469116e+002	1.12389652e+002	1.09379508e+002	1.03614232e+002	1.00156309e+002	    02001156	   105008966	4.35498973e-001	5.01417483e-001	7.73819822e-001	8.38479092e-001	9.00573665e-001	1.19154476e-001	1.36459741e-001	
    02001156	   105008824	    00000008	1.88587714e-002	2.61944391e-002	4.32329736e-002	8.99620319e-002	1.31191914e-001	1.35307238e-001	1.42660066e-001	1.30483643e-001	4.13212859e-002	5.15948857e-003	3.04654477e-003	6.98731784e-003	3.71263099e-003	    02001156	   105010022	    00000008	4.29536261e+000	5.37935750e+000	7.64086333e+000	1.40100937e+001	1.91582741e+001	2.17344146e+001	2.56557986e+001	2.77656427e+001	1.29514301e+001	2.87401554e+000	6.73813289e-001	5.36708039e-001	2.55166970e-001	    02001156	   105010022	8.95732561e+001	1.07064497e+002	1.20815069e+002	1.32796508e+002	1.30544805e+002	1.37367156e+002	1.30627603e+002	1.23742641e+002	1.16604537e+002	1.16728243e+002	1.13566118e+002	1.07372368e+002	1.03931965e+002	    02001156	   105010022	4.24238886e-001	4.83357023e-001	7.43476211e-001	8.03589205e-001	8.81024604e-001	1.16314813e-001	1.32037475e-001	
    02001156	   105009864	    00000009	1.48558971e-002	2.10155957e-002	3.61460953e-002	7.72135274e-002	1.13410563e-001	1.15509949e-001	1.19856391e-001	1.07687130e-001	3.16088473e-002	3.59305348e-003	2.24070961e-003	5.01612368e-003	2.79401318e-003	    02001156	   105011126	    00000009	3.37520242e+000	4.28279520e+000	6.35985559e+000	1.21124859e+001	1.68781510e+001	1.92063182e+001	2.28094381e+001	2.46094415e+001	1.06216795e+001	1.98650713e+000	4.07334489e-001	3.36713979e-001	1.51797261e-001	    02001156	   105011126	8.53391698e+001	1.01761457e+002	1.14824151e+002	1.25791469e+002	1.23718646e+002	1.30532012e+002	1.23758398e+002	1.16936029e+002	1.10381148e+002	1.10143579e+002	1.07303645e+002	1.01772940e+002	9.82594715e+001	    02001156	   105011126	4.35822400e-001	5.04684312e-001	7.83491472e-001	8.50512214e-001	9.11856644e-001	1.19926743e-001	1.36675810e-001	
    02001156	   105010961	    00000010	1.21949458e-002	1.75395231e-002	3.12936694e-002	6.82163919e-002	1.00580815e-001	1.01191078e-001	1.03268011e-001	9.11562792e-002	2.50398283e-002	2.67690573e-003	1.73395214e-003	3.66922537e-003	2.16401046e-003	    02001156	   105012299	    00000010	2.75061899e+000	3.52533001e+000	5.39769282e+000	1.05167396e+001	1.48271267e+001	1.68332245e+001	1.99787195e+001	2.14027601e+001	8.61836255e+000	1.40235889e+000	2.56001898e-001	2.23805531e-001	1.01541415e-001	    02001156	   105012299	9.00907388e+001	1.07608467e+002	1.21539515e+002	1.33428126e+002	1.31442125e+002	1.38309933e+002	1.31816715e+002	1.24781141e+002	1.17428200e+002	1.17415749e+002	1.14489282e+002	1.08302868e+002	1.04707428e+002	    02001156	   105012299	4.27186325e-001	4.91828341e-001	7.56309900e-001	8.19069500e-001	8.88012469e-001	1.22128942e-001	1.36915687e-001	
    02001156	   105012144	    00000011	1.02868983e-002	1.50065999e-002	2.75724187e-002	6.09161919e-002	8.98592835e-002	8.91808439e-002	8.94939654e-002	7.75607269e-002	2.00612228e-002	2.09348616e-003	1.40350942e-003	2.78529274e-003	1.73252582e-003	    02001156	   105013351	    00000011	2.27135678e+000	2.94339939e+000	4.64961533e+000	9.27441415e+000	1.32388259e+001	1.49892678e+001	1.77847782e+001	1.88974585e+001	7.06040077e+000	9.82267385e-001	1.59219016e-001	1.52173002e-001	7.08746657e-002	    02001156	   105013351	8.53330299e+001	1.01737993e+002	1.14824025e+002	1.25793843e+002	1.23758430e+002	1.30622121e+002	1.24012119e+002	1.17219050e+002	1.10502241e+002	1.10275734e+002	1.07659787e+002	1.02123648e+002	9.85602620e+001	    02001156	   105013351	4.31574076e-001	5.01598231e-001	7.71042279e-001	8.34757702e-001	8.93772301e-001	1.19885290e-001	1.37186738e-001	
    02001156	   105013214	    00000012	8.73656313e-003	1.29109223e-002	2.43532717e-002	5.45809707e-002	8.05854673e-002	7.90398994e-002	7.81270162e-002	6.65587349e-002	1.62401944e-002	1.68362626e-003	1.17513883e-003	2.21171827e-003	1.43211051e-003	    02001156	   105014471	    00000012	1.87712925e+000	2.46000544e+000	4.01657237e+000	8.21109692e+000	1.18539937e+001	1.33771977e+001	1.58590686e+001	1.66863107e+001	5.75177127e+000	6.75466139e-001	9.63048921e-002	1.04618320e-001	5.18638924e-002	    02001156	   105014471	8.91207394e+001	1.06398085e+002	1.20160857e+002	1.31843714e+002	1.29862595e+002	1.36652538e+002	1.30078746e+002	1.22971417e+002	1.15911689e+002	1.15883320e+002	1.12767455e+002	1.06723268e+002	1.03171513e+002	    02001156	   105014471	4.24318385e-001	4.88024709e-001	7.52911677e-001	8.14817040e-001	8.87028043e-001	1.16517216e-001	1.32685567e-001	
    02001156	   105014299	    00000013	7.41065189e-003	1.10977316e-002	2.15276961e-002	4.90856445e-002	7.27136823e-002	7.06149698e-002	6.88967212e-002	5.78041708e-002	1.33302082e-002	1.38298311e-003	1.01493142e-003	1.86187695e-003	1.23152669e-003	    02001156	   105015601	    00000013	1.58018657e+000	2.09226974e+000	3.52011502e+000	7.33526497e+000	1.06705007e+001	1.19693656e+001	1.41401467e+001	1.46980006e+001	4.68824391e+000	4.83118216e-001	6.01570248e-002	7.56755111e-002	4.06936368e-002	    02001156	   105015601	8.62178506e+001	1.02883088e+002	1.16070629e+002	1.27332791e+002	1.25138286e+002	1.32011606e+002	1.25240259e+002	1.18471210e+002	1.11760116e+002	1.11675396e+002	1.08816959e+002	1.03140237e+002	9.96600805e+001	    02001156	   105015601	4.38605058e-001	5.04270860e-001	7.74294138e-001	8.37900014e-001	9.06377406e-001	1.21770752e-001	1.38772023e-001	
    02001156	   105015443	    00000014	6.32111002e-003	9.58817414e-003	1.90818095e-002	4.42579304e-002	6.57907874e-002	6.32753591e-002	6.09039445e-002	5.03106236e-002	1.09873426e-002	1.15487702e-003	8.84950204e-004	1.59838008e-003	1.07149505e-003	    02001156	   105016724	    00000014	1.35894442e+000	1.81807240e+000	3.14669353e+000	6.67187316e+000	9.76954600e+000	1.08915096e+001	1.28080570e+001	1.31522571e+001	3.89544884e+000	3.60207073e-001	3.91452704e-002	5.80451305e-002	3.39871512e-002	    02001156	   105016724	8.75746094e+001	1.04454943e+002	1.17959038e+002	1.29303411e+002	1.27348566e+002	1.34282060e+002	1.27730502e+002	1.20736237e+002	1.13769202e+002	1.13620607e+002	1.10877281e+002	1.05116711e+002	1.01485716e+002	    02001156	   105016724	4.16155997e-001	4.80938761e-001	7.43423672e-001	8.06850291e-001	8.69232772e-001	1.18050566e-001	1.34311171e-001	
    02001156	   105016571	    00000015	5.46083767e-003	8.37908607e-003	1.70743302e-002	4.01964176e-002	5.99095556e-002	5.70569915e-002	5.41983176e-002	4.40721374e-002	9.13107921e-003	9.83388594e-004	7.75953239e-004	1.38633992e-003	9.40580238e-004	    02001156	   105017799	    00000015	1.17467928e+000	1.58628701e+000	2.82284575e+000	6.08926745e+000	8.96579976e+000	9.93137916e+000	1.16240524e+001	1.17875672e+001	3.24402075e+000	2.59119053e-001	2.58505726e-002	4.62054470e-002	2.92933911e-002	    02001156	   105017799	8.73091544e+001	1.04179333e+002	1.17610729e+002	1.28980265e+002	1.26933807e+002	1.33821591e+002	1.27149014e+002	1.20212844e+002	1.13376542e+002	1.13262575e+002	1.10379379e+002	1.04610452e+002	1.01054851e+002	    02001156	   105017799	4.39307704e-001	5.03669652e-001	7.72081654e-001	8.36296550e-001	9.04127428e-001	1.23534136e-001	1.40485942e-001	
    02001156	   105017652	    00000016	4.77147497e-003	7.40867669e-003	1.54190091e-002	3.67573092e-002	5.48813971e-002	5.17364672e-002	4.84685895e-002	3.87916290e-002	7.64111693e-003	8.53921496e-004	6.84426355e-004	1.20612080e-003	8.26320544e-004	    02001156	   105018905	    00000016	1.01534768e+000	1.38649226e+000	2.53406829e+000	5.55470205e+000	8.22117242e+000	9.04654486e+000	1.05292033e+001	1.05451506e+001	2.70237207e+000	1.86205378e-001	1.75837668e-002	3.79426651e-002	2.60739700e-002	    02001156	   105018905	8.73451884e+001	1.04146024e+002	1.17628481e+002	1.28890626e+002	1.26991631e+002	1.33941757e+002	1.27472180e+002	1.20446805e+002	1.13462201e+002	1.13279430e+002	1.10630669e+002	1.04917568e+002	1.01250371e+002	    02001156	   105018905	4.20625564e-001	4.87121532e-001	7.51451080e-001	8.15117084e-001	8.75619665e-001	1.18871418e-001	1.36507416e-001	
    02001156	   105018724	    00000017	4.18283161e-003	6.56239494e-003	1.39406478e-002	3.36652381e-002	5.03506068e-002	4.70192897e-002	4.34948897e-002	3.42828254e-002	6.46171102e-003	7.54489459e-004	6.14660928e-004	1.06438386e-003	7.35491067e-004	    02001156	   105019930	    00000017	8.69836800e-001	1.21111008e+000	2.26833251e+000	5.04878631e+000	7.51231520e+000	8.21257444e+000	9.50769459e+000	9.40642552e+000	2.24410694e+000	1.34205995e-001	1.22666865e-002	3.17548979e-002	2.28257778e-002	    02001156	   105019930	8.60841095e+001	1.02569094e+002	1.15843182e+002	1.26809137e+002	1.24958024e+002	1.31875921e+002	1.25355693e+002	1.18326197e+002	1.11592840e+002	1.11318884e+002	1.08648424e+002	1.03129883e+002	9.94810590e+001	    02001156	   105019930	4.33755490e-001	4.99662914e-001	7.68885104e-001	8.34263255e-001	8.94254526e-001	1.23590462e-001	1.41224877e-001	
    02001156	   105019775	    00000018	3.66367415e-003	5.79817099e-003	1.25715644e-002	3.07959344e-002	4.62149606e-002	4.27597715e-002	3.90350139e-002	3.02837650e-002	5.43030647e-003	6.59509535e-004	5.41112673e-004	9.27839927e-004	6.49982890e-004	    02001156	   105020990	    00000018	7.43328620e-001	1.05332822e+000	2.02638536e+000	4.59158401e+000	6.87378859e+000	7.46790681e+000	8.60892261e+000	8.41159737e+000	1.86194303e+000	9.56094589e-002	8.68991764e-003	2.70109371e-002	2.03351662e-002	    02001156	   105020990	8.76473426e+001	1.04577329e+002	1.18079210e+002	1.29476375e+002	1.27474194e+002	1.34386272e+002	1.27779791e+002	1.20824198e+002	1.13870556e+002	1.13737473e+002	1.10943456e+002	1.05138334e+002	1.01542733e+002	    02001156	   105020990	4.26534589e-001	4.90602027e-001	7.56179934e-001	8.21203438e-001	8.83961160e-001	1.20228363e-001	1.38377128e-001	
    02001156	   105020839	    00000019	3.22534886e-003	5.15106414e-003	1.13768503e-002	2.83015854e-002	4.26281075e-002	3.90758183e-002	3.52223326e-002	2.68679169e-002	4.57740771e-003	5.66101548e-004	4.55960719e-004	7.82916806e-004	5.57844703e-004	    02001156	   105022078	    00000019	6.46225307e-001	9.18063778e-001	1.83243178e+000	4.22572634e+000	6.35410176e+000	6.86318933e+000	7.87221085e+000	7.59833244e+000	1.56881950e+000	6.98698359e-002	6.58982366e-003	2.37159924e-002	1.84981344e-002	    02001156	   105022078	8.79265843e+001	1.04891373e+002	1.18471910e+002	1.29869127e+002	1.27945642e+002	1.34871541e+002	1.28349327e+002	1.21320800e+002	1.14306041e+002	1.14154538e+002	1.11399234e+002	1.05588361e+002	1.01949561e+002	    02001156	   105022078	4.22785755e-001	4.85592301e-001	7.47123655e-001	8.12033483e-001	8.72033537e-001	1.19573716e-001	1.38248469e-001	
    02001156	   105021932	    00000020	2.86883984e-003	4.62593172e-003	1.04124074e-002	2.62589453e-002	3.96815620e-002	3.61204945e-002	3.22023556e-002	2.42448087e-002	3.95849572e-003	5.02946405e-004	3.98615138e-004	6.81466071e-004	4.90697165e-004	    02001156	   105023143	    00000020	5.74371969e-001	8.10611127e-001	1.68171771e+000	3.92217456e+000	5.91236149e+000	6.33265054e+000	7.20751596e+000	6.86570146e+000	1.32865812e+000	5.24310849e-002	5.17591951e-003	2.10159044e-002	1.68851957e-002	    02001156	   105023143	8.64565899e+001	1.02958667e+002	1.16341541e+002	1.27311910e+002	1.25568629e+002	1.32567237e+002	1.26291364e+002	1.19160077e+002	1.12207284e+002	1.11955764e+002	1.09509540e+002	1.03999453e+002	1.00241175e+002	    02001156	   105023143	4.17870080e-001	4.84651251e-001	7.47805028e-001	8.12430867e-001	8.71215262e-001	1.19754994e-001	1.37110377e-001	
    02001156	   105022993	    00000021	2.56056504e-003	4.16030644e-003	9.53580546e-003	2.43658761e-002	3.69108035e-002	3.33846934e-002	2.94682790e-002	2.19307327e-002	3.47222672e-003	4.61421283e-004	3.65907763e-004	6.18578902e-004	4.44546093e-004	    02001156	   105024229	    00000021	5.12352841e-001	7.26923381e-001	1.54018671e+000	3.63041865e+000	5.49073336e+000	5.82718369e+000	6.58350592e+000	6.18578209e+000	1.11830721e+000	3.91216698e-002	4.10602661e-003	1.86168649e-002	1.53630526e-002	    02001156	   105024229	8.76259131e+001	1.04464707e+002	1.18007545e+002	1.29270814e+002	1.27432067e+002	1.34391219e+002	1.27967259e+002	1.20886191e+002	1.13850143e+002	1.13663611e+002	1.11016856e+002	1.05298222e+002	1.01606672e+002	    02001156	   105024229	4.34317971e-001	5.02093169e-001	7.69271063e-001	8.32989472e-001	8.98603792e-001	1.25704073e-001	1.42542213e-001	
    02001156	   105024060	    00000022	2.24887669e-003	3.69329769e-003	8.63830231e-003	2.24197355e-002	3.40836507e-002	3.06681573e-002	2.68009074e-002	1.97464085e-002	3.04327196e-003	4.34052513e-004	3.50325716e-004	5.93127988e-004	4.15450962e-004	    02001156	   105025263	    00000022	4.53757718e-001	6.48471571e-001	1.40362665e+000	3.35573329e+000	5.10026651e+000	5.36456029e+000	6.02314053e+000	5.58314506e+000	9.26993549e-001	2.89180886e-002	3.29084374e-003	1.65533983e-002	1.40354093e-002	    02001156	   105025263	8.90712166e+001	1.06285731e+002	1.20070645e+002	1.31660201e+002	1.29777342e+002	1.36712290e+002	1.30282262e+002	1.23179716e+002	1.15955080e+002	1.15852534e+002	1.13082464e+002	1.07127666e+002	1.03455254e+002	    02001156	   105025263	4.23046427e-001	4.87132723e-001	7.48616042e-001	8.12744628e-001	8.75497417e-001	1.20549966e-001	1.38675026e-001	
    02001156	   105025112	    00000023	1.95547024e-003	3.24541098e-003	7.77704678e-003	2.05688432e-002	3.14122818e-002	2.81525440e-002	2.43794323e-002	1.77884814e-002	2.67232729e-003	4.07836734e-004	3.39089687e-004	5.80295063e-004	3.95229237e-004	    02001156	   105026333	    00000023	4.01703494e-001	5.79291453e-001	1.28253657e+000	3.10796856e+000	4.74655551e+000	4.94750726e+000	5.51685354e+000	5.04463322e+000	7.69887280e-001	2.15744831e-002	2.74776250e-003	1.48473552e-002	1.28402991e-002	    02001156	   105026333	8.68727952e+001	1.03523033e+002	1.16964509e+002	1.28061445e+002	1.26254560e+002	1.33196363e+002	1.26773318e+002	1.19637540e+002	1.12769287e+002	1.12547970e+002	1.09871959e+002	1.04270254e+002	1.00573593e+002	    02001156	   105026333	4.22802723e-001	4.87296013e-001	7.51842093e-001	8.17614329e-001	8.72157680e-001	1.19072412e-001	1.37628298e-001	
    02001156	   105026193	    00000024	1.70457487e-003	2.86213271e-003	7.03367939e-003	1.89674778e-002	2.91071956e-002	2.59496546e-002	2.22462373e-002	1.60528546e-002	2.34588586e-003	3.74705613e-004	3.16299246e-004	5.39249070e-004	3.64676163e-004	    02001156	   105027505	    00000024	3.58693108e-001	5.21204016e-001	1.17711489e+000	2.88395762e+000	4.41611306e+000	4.56529437e+000	5.05340617e+000	4.55869835e+000	6.50688813e-001	1.66708276e-002	2.49729363e-003	1.35859570e-002	1.18967418e-002	    02001156	   105027505	8.63105815e+001	1.02778770e+002	1.16131414e+002	1.27066239e+002	1.25318467e+002	1.32308338e+002	1.25996374e+002	1.18865081e+002	1.11960666e+002	1.11698823e+002	1.09213266e+002	1.03721803e+002	9.99715303e+001	    02001156	   105027505	4.18141741e-001	4.86017909e-001	7.48136154e-001	8.10950616e-001	8.72520366e-001	1.21252766e-001	1.37244756e-001	
    02001156	   105027331	    00000025	1.50338203e-003	2.54688188e-003	6.40418462e-003	1.75876647e-002	2.70859644e-002	2.40173827e-002	2.03664498e-002	1.45301259e-002	2.06505747e-003	3.48880933e-004	2.94376878e-004	5.02950430e-004	3.36459431e-004	    02001156	   105028629	    00000025	3.22441604e-001	4.71644987e-001	1.07751123e+000	2.69024245e+000	4.12882344e+000	4.23540372e+000	4.65409563e+000	4.14365136e+000	5.54325527e-001	1.35043651e-002	2.32002670e-003	1.25378282e-002	1.10576271e-002	    02001156	   105028629	8.65245148e+001	1.03109511e+002	1.16456546e+002	1.27516869e+002	1.25645676e+002	1.32610136e+002	1.26132425e+002	1.19104597e+002	1.12235783e+002	1.12008058e+002	1.09418383e+002	1.03848683e+002	1.00164287e+002	    02001156	   105028629	4.35080776e-001	5.02316482e-001	7.70467156e-001	8.33771466e-001	9.00124900e-001	1.24959865e-001	1.40777251e-001	
    02001156	   105028467	    00000026	1.33460236e-003	2.28381307e-003	5.87010812e-003	1.63939839e-002	2.53346417e-002	2.22973689e-002	1.87006307e-002	1.31656773e-002	1.82359588e-003	3.21430148e-004	2.70084928e-004	4.59532140e-004	3.10820694e-004	    02001156	   105029746	    00000026	2.88676285e-001	4.24741239e-001	8.93322778e-001	2.50469368e+000	3.85638121e+000	3.93060611e+000	4.29167274e+000	3.77304462e+000	4.73670973e-001	1.08466282e-002	2.18486236e-003	1.15721538e-002	1.02804110e-002	    02001156	   105029746	8.91196324e+001	1.06288926e+002	1.20125922e+002	1.31636629e+002	1.29860388e+002	1.36816967e+002	1.30531123e+002	1.23324695e+002	1.16029313e+002	1.15897591e+002	1.13222146e+002	1.07309693e+002	1.03569010e+002	    02001156	   105029746	4.20740093e-001	4.84893365e-001	7.45654492e-001	8.08654636e-001	8.70056274e-001	1.20592996e-001	1.36977513e-001	
    02001156	   105029590	    00000027	1.19289610e-003	2.05406940e-003	5.40690094e-003	1.53324693e-002	2.37837774e-002	2.07637293e-002	1.72129413e-002	1.19435073e-002	1.60620771e-003	2.91542786e-004	2.42679535e-004	4.13157277e-004	2.80217295e-004	    02001156	   105030840	    00000027	2.54552326e-001	3.76390923e-001	7.60477989e-001	2.30008218e+000	3.55057179e+000	3.59964855e+000	3.90692145e+000	3.39197492e+000	3.98914196e-001	8.38320626e-003	2.06520427e-003	1.05645639e-002	9.44165054e-003	    02001156	   105030840	8.81236283e+001	1.05025425e+002	1.18705392e+002	1.29977251e+002	1.28250354e+002	1.35218044e+002	1.28929713e+002	1.21692131e+002	1.14569153e+002	1.14380516e+002	1.11742656e+002	1.06008282e+002	1.02249975e+002	    02001156	   105030840	4.24778880e-001	4.89960119e-001	7.55768790e-001	8.21510409e-001	8.80776120e-001	1.20149555e-001	1.36837344e-001	
    02001156	   105030690	    00000028	1.06083276e-003	1.83844959e-003	4.95759497e-003	1.42991763e-002	2.22939146e-002	1.92999882e-002	1.58052019e-002	1.08010103e-002	1.39764112e-003	2.59839398e-004	2.15117383e-004	3.70418443e-004	2.53299714e-004	    02001156	   105031958	    00000028	2.23517307e-001	3.32456278e-001	6.85353966e-001	2.10340988e+000	3.25569928e+000	3.28392027e+000	3.54259105e+000	3.03627159e+000	3.34312658e-001	6.77810536e-003	1.94304246e-003	9.59885807e-003	8.62852971e-003	    02001156	   105031958	8.72156941e+001	1.03869610e+002	1.17403089e+002	1.28459893e+002	1.26773340e+002	1.33747182e+002	1.27494548e+002	1.20226471e+002	1.13230241e+002	1.12993772e+002	1.10403800e+002	1.04813914e+002	1.01042752e+002	    02001156	   105031958	4.27573418e-001	4.94126969e-001	7.59384850e-001	8.23308886e-001	8.84005805e-001	1.22927507e-001	1.38463027e-001	
    02001156	   105031815	    00000029	9.28342761e-004	1.63175739e-003	4.51467704e-003	1.32603242e-002	2.07880837e-002	1.78399917e-002	1.44124178e-002	9.70250401e-003	1.21355449e-003	2.34172905e-004	1.89826995e-004	3.29354650e-004	2.26924539e-004	    02001156	   105033077	    00000029	1.97409519e-001	2.95434356e-001	6.21366186e-001	1.93653176e+000	3.00626119e+000	3.01625260e+000	3.23518105e+000	2.73822218e+000	2.82377478e-001	5.58797600e-003	1.82345680e-003	8.76460796e-003	7.93455150e-003	    02001156	   105033077	8.65737174e+001	1.03132210e+002	1.16522201e+002	1.27543773e+002	1.25757940e+002	1.32733525e+002	1.26470459e+002	1.19409277e+002	1.12365509e+002	1.12127854e+002	1.09714216e+002	1.04146763e+002	1.00400219e+002	    02001156	   105033077	4.19316603e-001	4.86157115e-001	7.51231721e-001	8.14862281e-001	8.74178707e-001	1.21076696e-001	1.36112123e-001	
    02001156	   105032921	    00000030	8.19758364e-004	1.45353287e-003	4.13793620e-003	1.23842773e-002	1.95026164e-002	1.65980940e-002	1.32423635e-002	8.78856993e-003	1.06985717e-003	2.13124446e-004	1.70739116e-004	2.94963347e-004	2.04667811e-004	    02001156	   105034177	    00000030	1.75776356e-001	2.64797977e-001	5.68331080e-001	1.79601305e+000	2.79885740e+000	2.79013103e+000	2.97402052e+000	2.48522303e+000	2.40555646e-001	4.66554811e-003	1.68935202e-003	8.03913225e-003	7.34161216e-003	    02001156	   105034177	8.76889176e+001	1.04512793e+002	1.18098468e+002	1.29309786e+002	1.27542779e+002	1.34463074e+002	1.28056294e+002	1.20844111e+002	1.13888495e+002	1.13681153e+002	1.10913159e+002	1.05215179e+002	1.01512129e+002	    02001156	   105034177	4.29692204e-001	4.95402845e-001	7.60660261e-001	8.24322253e-001	8.85966154e-001	1.22346184e-001	1.38603959e-001	
    02001156	   105034025	    00000031	7.30506188e-004	1.31395537e-003	3.82213492e-003	1.16457244e-002	1.84212096e-002	1.55533252e-002	1.22464413e-002	8.02519210e-003	9.52705236e-004	1.99201732e-004	1.56173710e-004	2.66041758e-004	1.87267876e-004	    02001156	   105035252	    00000031	1.57861504e-001	2.39172278e-001	5.23031833e-001	1.67347411e+000	2.61279686e+000	2.58779129e+000	2.74035015e+000	2.26078107e+000	2.06076531e-001	4.01165930e-003	1.58848042e-003	7.41383360e-003	6.82442328e-003	    02001156	   105035252	8.88531276e+001	1.06004856e+002	1.19761181e+002	1.31309302e+002	1.29435418e+002	1.36377763e+002	1.30020413e+002	1.22918130e+002	1.15649773e+002	1.15567163e+002	1.12870303e+002	1.06950300e+002	1.03252607e+002	    02001156	   105035252	4.22056606e-001	4.87357198e-001	7.50610380e-001	8.13561796e-001	8.78874460e-001	1.18938064e-001	1.35435873e-001	
    02001156	   105035090	    00000032	6.57308927e-004	1.18648903e-003	3.55966744e-003	1.09988018e-002	1.74616169e-002	1.46202302e-002	1.13776682e-002	7.35793035e-003	8.53564200e-004	1.84419646e-004	1.43229861e-004	2.41201349e-004	1.71678082e-004	    02001156	   105036357	    00000032	1.41070704e-001	2.14658807e-001	4.78384756e-001	1.55058621e+000	2.42802337e+000	2.39041400e+000	2.51508196e+000	2.04892035e+000	1.75787874e-001	3.46529086e-003	1.50498609e-003	6.81500981e-003	6.33760404e-003	    02001156	   105036357	8.71627322e+001	1.03795834e+002	1.17316643e+002	1.28363719e+002	1.26680616e+002	1.33642671e+002	1.27412433e+002	1.20127221e+002	1.13142962e+002	1.12922681e+002	1.10323613e+002	1.04746499e+002	1.00969965e+002	    02001156	   105036357	4.27870717e-001	4.96274129e-001	7.64621743e-001	8.29325192e-001	8.91422463e-001	1.21661208e-001	1.37802575e-001	
    02001156	   105036211	    00000033	5.88468482e-004	1.07353318e-003	3.30505718e-003	1.03935817e-002	1.65661311e-002	1.37612079e-002	1.05715367e-002	6.74755520e-003	7.65614296e-004	1.72048783e-004	1.30741590e-004	2.20355917e-004	1.58527136e-004	    02001156	   105037440	    00000033	1.25093044e-001	1.91147455e-001	4.34435816e-001	1.42975929e+000	2.24871776e+000	2.19936093e+000	2.30150720e+000	1.85111897e+000	1.49159064e-001	3.01567859e-003	1.41896994e-003	6.24835203e-003	5.84003791e-003	    02001156	   105037440	8.89550836e+001	1.06096569e+002	1.19885479e+002	1.31398228e+002	1.29580344e+002	1.36548446e+002	1.30243524e+002	1.23088713e+002	1.15800548e+002	1.15688651e+002	1.13019877e+002	1.07126442e+002	1.03403216e+002	    02001156	   105037440	4.30266242e-001	4.98347532e-001	7.65096263e-001	8.26974709e-001	8.95369350e-001	1.25014542e-001	1.39065678e-001	
    02001156	   105037274	    00000034	5.26196311e-004	9.69320652e-004	3.06633360e-003	9.81818181e-003	1.57257020e-002	1.29620451e-002	9.83860558e-003	6.20701686e-003	6.88941105e-004	1.59909388e-004	1.20439004e-004	1.98153751e-004	1.45634822e-004	    02001156	   105038528	    00000034	1.11284093e-001	1.70802397e-001	3.95680241e-001	1.32146848e+000	2.08502083e+000	2.02648545e+000	2.10679751e+000	1.67318789e+000	1.26677772e-001	2.65398857e-003	1.35829822e-003	5.75200149e-003	5.41354312e-003	    02001156	   105038528	8.79338687e+001	1.04807904e+002	1.18438405e+002	1.29694734e+002	1.27929130e+002	1.34872784e+002	1.28515672e+002	1.21304126e+002	1.14257756e+002	1.14065839e+002	1.11364944e+002	1.05639949e+002	1.01911643e+002	    02001156	   105038528	4.23010381e-001	4.89205358e-001	7.52800905e-001	8.16156938e-001	8.73218216e-001	1.20135396e-001	1.36791251e-001	
    02001156	   105038375	    00000035	4.68982395e-004	8.77129144e-004	2.85711644e-003	9.30020543e-003	1.49724219e-002	1.22429139e-002	9.18290303e-003	5.71626713e-003	6.20106795e-004	1.50566061e-004	1.08710364e-004	1.75434451e-004	1.33388445e-004	    02001156	   105039620	    00000035	1.00155996e-001	1.54480010e-001	3.64152578e-001	1.23112154e+000	1.94627468e+000	1.88010298e+000	1.94120542e+000	1.52188018e+000	1.08815661e-001	2.39028711e-003	1.29093520e-003	5.32682040e-003	5.03282310e-003	    02001156	   105039620	8.92587420e+001	1.06422900e+002	1.20308886e+002	1.31791777e+002	1.30092482e+002	1.37027417e+002	1.30836098e+002	1.23525434e+002	1.16209511e+002	1.16072658e+002	1.13368349e+002	1.07459923e+002	1.03689698e+002	    02001156	   105039620	4.16824297e-001	4.81243793e-001	7.40963028e-001	8.03500733e-001	8.66973940e-001	1.18446500e-001	1.34191077e-001	
    02001156	   105039466	    00000036	4.20229461e-004	7.97051819e-004	2.68019842e-003	8.86964176e-003	1.43476698e-002	1.16374414e-002	8.60998913e-003	5.28847449e-003	5.59443281e-004	1.37223923e-004	9.71346543e-005	1.52768439e-004	1.19988109e-004	    02001156	   105040716	    00000036	9.05859450e-002	1.40257294e-001	3.36297542e-001	1.15039373e+000	1.82119622e+000	1.74813062e+000	1.79177181e+000	1.38861617e+000	9.39771593e-002	2.17679997e-003	1.24646433e-003	4.96102422e-003	4.69136998e-003	    02001156	   105040716	8.41599528e+001	9.99667723e+001	1.13005599e+002	1.23373236e+002	1.21830328e+002	1.28829755e+002	1.22899856e+002	1.15571727e+002	1.08830544e+002	1.08487117e+002	1.06289705e+002	1.01173586e+002	9.73139648e+001	    02001156	   105040716	4.27526116e-001	5.01100466e-001	7.70269694e-001	8.33848483e-001	8.92483893e-001	1.24048142e-001	1.39368019e-001	
    02001156	   105040555	    00000037	3.80465681e-004	7.30329994e-004	2.51665749e-003	8.46516573e-003	1.37624013e-002	1.10717164e-002	8.09978377e-003	4.90289770e-003	5.00624054e-004	1.26331975e-004	8.59883275e-005	1.36518131e-004	1.11349565e-004	    02001156	   105041817	    00000037	8.14370041e-002	1.26350412e-001	3.08664024e-001	1.06875919e+000	1.69508864e+000	1.61669843e+000	1.64553193e+000	1.25879010e+000	8.04887633e-002	1.99280835e-003	1.18562936e-003	4.58135153e-003	4.37666299e-003	    02001156	   105041817	9.02390157e+001	1.07620035e+002	1.21717988e+002	1.33344347e+002	1.31741622e+002	1.38617181e+002	1.32599396e+002	1.25192568e+002	1.17639834e+002	1.17542482e+002	1.14810306e+002	1.08742173e+002	1.04940617e+002	    02001156	   105041817	4.35603206e-001	5.07009788e-001	7.75896397e-001	8.38412084e-001	9.06901073e-001	1.26352193e-001	1.40942397e-001	
    02001156	   105041731	    00000038	3.42791758e-004	6.62808706e-004	2.35541512e-003	8.05132941e-003	1.31542320e-002	1.04918049e-002	7.57850161e-003	4.52183397e-003	4.47165030e-004	1.14750760e-004	7.90375651e-005	1.23577572e-004	1.02607002e-004	    02001156	   105042947	    00000038	7.19389741e-002	1.13245519e-001	2.82470194e-001	9.94002063e-001	1.57471268e+000	1.49224986e+000	1.50739414e+000	1.13848851e+000	6.86193660e-002	1.87713723e-003	1.40419378e-003	4.21768396e-003	4.07162168e-003	    02001156	   105042947	8.73224253e+001	1.04042704e+002	1.17564244e+002	1.28726848e+002	1.26960101e+002	1.33915283e+002	1.27777758e+002	1.20658719e+002	1.13432932e+002	1.13262645e+002	1.10855920e+002	1.05171682e+002	1.01405947e+002	    02001156	   105042947	4.26569679e-001	4.97733697e-001	7.63462914e-001	8.26479784e-001	8.86257243e-001	1.18668805e-001	1.36633223e-001	
    02001156	   105042804	    00000039	3.04464308e-004	6.00941049e-004	2.20612438e-003	7.66830779e-003	1.26055287e-002	9.95130498e-003	7.08445727e-003	4.15528709e-003	3.94845769e-004	1.01678336e-004	6.69949002e-005	1.00758203e-004	8.82680427e-005	    02001156	   105044048	    00000039	6.48747114e-002	1.01205429e-001	2.57604485e-001	9.35536837e-001	1.45861958e+000	1.37601366e+000	1.38084881e+000	1.02640237e+000	5.88546985e-002	1.70889659e-003	1.07822917e-003	3.91092298e-003	3.77572829e-003	    02001156	   105044048	8.93023546e+001	1.06421734e+002	1.20360121e+002	1.31747205e+002	1.30179290e+002	1.37040948e+002	1.30933447e+002	1.23413515e+002	1.16191998e+002	1.16036384e+002	1.13185303e+002	1.07302956e+002	1.03507889e+002	    02001156	   105044048	4.19525871e-001	4.86261473e-001	7.48406280e-001	8.10538682e-001	8.76537326e-001	1.18680690e-001	1.34468926e-001	
    02001156	   105043897	    00000040	2.73926927e-004	5.46288535e-004	2.06535364e-003	7.30115214e-003	1.20737994e-002	9.44876460e-003	6.64705127e-003	3.83445952e-003	3.53113432e-004	9.31465359e-005	5.73691175e-005	8.87801560e-005	8.10090550e-005	    02001156	   105045116	    00000040	5.81748875e-002	9.10432325e-002	2.36055049e-001	8.74221224e-001	1.35737719e+000	1.27174050e+000	1.26678186e+000	9.19390124e-001	5.05398029e-002	1.51192379e-003	1.02500280e-003	3.59943649e-003	3.48114945e-003	    02001156	   105045116	8.53654067e+001	1.01679835e+002	1.14821129e+002	1.25673064e+002	1.23787299e+002	1.30739610e+002	1.24292519e+002	1.17319541e+002	1.10572994e+002	1.10320939e+002	1.07801368e+002	1.02379481e+002	9.87117754e+001	    02001156	   105045116	4.31362634e-001	5.00365836e-001	7.69735235e-001	8.33059878e-001	8.99168366e-001	1.22771555e-001	1.38254741e-001	
    02001156	   105044960	    00000041	2.48471159e-004	4.91353416e-004	1.93766032e-003	6.97179048e-003	1.16102987e-002	9.02793030e-003	6.27447870e-003	3.57796770e-003	3.15884256e-004	8.40563374e-005	5.06897062e-005	7.87178102e-005	7.39831400e-005	    02001156	   105046179	    00000041	5.26711395e-002	8.27497272e-002	2.18775455e-001	8.19128966e-001	1.27426313e+000	1.18420891e+000	1.16863840e+000	8.33844970e-001	4.36816392e-002	1.39263757e-003	9.68626710e-004	3.33809422e-003	3.26474537e-003	    02001156	   105046179	8.73013600e+001	1.03982696e+002	1.17516046e+002	1.28626855e+002	1.26909533e+002	1.33921277e+002	1.27754858e+002	1.20547681e+002	1.13412799e+002	1.13223320e+002	1.10773267e+002	1.05163479e+002	1.01366229e+002	    02001156	   105046179	4.24769769e-001	4.94281525e-001	7.58797973e-001	8.19858140e-001	8.85603579e-001	1.25599917e-001	1.38731783e-001	
    02001156	   105046028	    00000042	2.25084427e-004	4.48928872e-004	1.82268361e-003	6.66143002e-003	1.11667022e-002	8.62409779e-003	5.93261027e-003	3.33532641e-003	2.88254977e-004	7.76576076e-005	4.67932564e-005	7.00512341e-005	6.78182662e-005	    02001156	   105047215	    00000042	4.77995471e-002	7.52959400e-002	2.03378296e-001	7.69554211e-001	1.20007540e+000	1.10521059e+000	1.08110430e+000	7.60946650e-001	3.79387124e-002	1.29087378e-003	9.15596615e-004	3.11563218e-003	3.05278389e-003	    02001156	   105047215	8.96123740e+001	1.06909250e+002	1.20826784e+002	1.32440733e+002	1.30658452e+002	1.37570558e+002	1.31272644e+002	1.24017080e+002	1.16715711e+002	1.16628946e+002	1.13801364e+002	1.07815723e+002	1.04096759e+002	    02001156	   105047215	4.25702198e-001	4.90914117e-001	7.56434864e-001	8.19774737e-001	8.87470401e-001	1.20057392e-001	1.35582870e-001	
    02001156	   105047062	    00000043	2.04267658e-004	4.11855398e-004	1.71912951e-003	6.39595364e-003	1.07762584e-002	8.27451193e-003	5.64006690e-003	3.13246298e-003	2.61820114e-004	7.24482011e-005	4.19532217e-005	6.21072603e-005	6.37156238e-005	    02001156	   105048296	    00000043	4.31958399e-002	6.82364471e-002	1.88345588e-001	7.20363133e-001	1.12549819e+000	1.02546082e+000	9.68467670e-001	6.91734618e-001	3.32485068e-002	1.20294686e-003	8.75458669e-004	2.90431112e-003	2.84217239e-003	    02001156	   105048296	8.81497869e+001	1.05069255e+002	1.18741781e+002	1.30045363e+002	1.28288294e+002	1.35254028e+002	1.28997810e+002	1.21802292e+002	1.14618448e+002	1.14461010e+002	1.11855529e+002	1.06100356e+002	1.02343334e+002	    02001156	   105048296	4.27165761e-001	4.95823783e-001	7.63060671e-001	8.26728957e-001	8.86092388e-001	1.21412608e-001	1.37460696e-001	
    02001156	   105048135	    00000044	1.85308389e-004	3.80734159e-004	1.63285399e-003	6.15598081e-003	1.04347522e-002	7.96892422e-003	5.38468489e-003	2.95708132e-003	2.41969771e-004	6.72140104e-005	3.73301755e-005	5.29705341e-005	5.91983912e-005	    02001156	   105049337	    00000044	3.91867432e-002	6.18840458e-002	1.74227955e-001	6.73633167e-001	1.05540915e+000	9.45059286e-001	8.71601551e-001	6.28716200e-001	2.85138162e-002	1.13409348e-003	8.49618730e-004	2.72049359e-003	2.67095788e-003	    02001156	   105049337	8.85501315e+001	1.05419280e+002	1.19251442e+002	1.30414244e+002	1.28927554e+002	1.35845534e+002	1.29906480e+002	1.22313043e+002	1.15102038e+002	1.14900250e+002	1.12244198e+002	1.06511649e+002	1.02638337e+002	    02001156	   105049337	4.23252472e-001	4.92994579e-001	7.59257682e-001	8.21736064e-001	8.84645964e-001	1.22981818e-001	1.36811752e-001	
    02001156	   105049195	    00000045	1.65600392e-004	3.43882465e-004	1.53423232e-003	5.89968400e-003	1.00532402e-002	7.63736032e-003	5.11766524e-003	2.77980521e-003	2.16767312e-004	6.25400257e-005	3.31929716e-005	4.58267515e-005	5.32540342e-005	    02001156	   105050406	    00000045	3.53316316e-002	5.57953671e-002	1.60575202e-001	6.28080436e-001	9.92353745e-001	8.73126355e-001	8.00776906e-001	5.69278974e-001	2.46812378e-002	1.03684352e-003	8.13449926e-004	2.51470376e-003	2.49018106e-003	    02001156	   105050406	8.69412133e+001	1.03556216e+002	1.17026388e+002	1.28096004e+002	1.26365818e+002	1.33360157e+002	1.27311393e+002	1.20206569e+002	1.12944835e+002	1.12754512e+002	1.10483272e+002	1.04866382e+002	1.01062481e+002	    02001156	   105050406	4.28595738e-001	4.98833406e-001	7.66946166e-001	8.29596539e-001	8.91318277e-001	1.25129394e-001	1.38834743e-001	
    02001156	   105050256	    00000046	1.49233604e-004	3.17395735e-004	1.44957039e-003	5.64342302e-003	9.69892041e-003	7.34589387e-003	4.88086188e-003	2.63441786e-003	1.99076416e-004	5.99239152e-005	3.04541496e-005	4.24874651e-005	5.12309471e-005	    02001156	   105051489	    00000046	3.17824060e-002	5.03302721e-002	1.48071075e-001	5.86557871e-001	9.58469114e-001	8.09219853e-001	7.34929547e-001	5.15643829e-001	2.12615260e-002	9.75994043e-004	7.65972351e-004	2.33236426e-003	2.31975030e-003	    02001156	   105051489	8.92177897e+001	1.06334690e+002	1.20252147e+002	1.31649989e+002	1.30048229e+002	1.36916975e+002	1.30772543e+002	1.23292052e+002	1.16076380e+002	1.15934296e+002	1.13080485e+002	1.07202191e+002	1.03416239e+002	    02001156	   105051489	4.26104047e-001	4.95701171e-001	7.62769307e-001	8.25326739e-001	8.90481307e-001	1.19996979e-001	1.35470510e-001	
    02001156	   105051328	    00000047	1.37237859e-004	2.86828911e-004	1.36974315e-003	5.42689297e-003	9.38072472e-003	7.08821096e-003	4.68863868e-003	2.50160363e-003	1.85133839e-004	5.69858019e-005	2.79008269e-005	3.72598501e-005	4.60303748e-005	    02001156	   105052572	    00000047	2.88583209e-002	4.56577092e-002	1.37288352e-001	5.50269457e-001	9.11381023e-001	7.53308471e-001	6.77769135e-001	4.68946041e-001	1.85146501e-002	9.09201210e-004	7.42549670e-004	2.19791010e-003	2.18212916e-003	    02001156	   105052572	8.76013429e+001	1.04332164e+002	1.17940634e+002	1.29083075e+002	1.27407209e+002	1.34423410e+002	1.28370511e+002	1.21108978e+002	1.13870207e+002	1.13694990e+002	1.11306035e+002	1.05664938e+002	1.01824908e+002	    02001156	   105052572	4.23273885e-001	4.92731988e-001	7.57736379e-001	8.20567546e-001	8.81770333e-001	1.21482116e-001	1.36806705e-001	
    02001156	   105052434	    00000048	1.23563902e-004	2.63347570e-004	1.30171423e-003	5.25284365e-003	9.13039878e-003	6.88518234e-003	4.52780817e-003	2.40660578e-003	1.73416031e-004	5.32878276e-005	2.30985623e-005	3.12140313e-005	4.24339878e-005	    02001156	   105053734	    00000048	2.62224720e-002	4.15596581e-002	1.27474022e-001	5.16672429e-001	8.57009364e-001	7.02047225e-001	6.25720135e-001	4.27417028e-001	1.61826292e-002	8.67630452e-004	7.10413245e-004	2.08242185e-003	2.06257533e-003	    02001156	   105053734	8.75707437e+001	1.04207034e+002	1.17842256e+002	1.28873064e+002	1.27314350e+002	1.34307319e+002	1.28338599e+002	1.20854666e+002	1.13729728e+002	1.13532434e+002	1.11039820e+002	1.05444676e+002	1.01573813e+002	    02001156	   105053734	4.26840068e-001	4.97300667e-001	7.62963227e-001	8.24982421e-001	8.91218329e-001	1.25376862e-001	1.38958822e-001	
    02001156	   105053507	    00000049	1.13932959e-004	2.46627711e-004	1.24434137e-003	5.08119412e-003	8.89872016e-003	6.70335498e-003	4.39520269e-003	2.32753745e-003	1.59102555e-004	4.82650852e-005	2.08989222e-005	2.59010697e-005	3.89392392e-005	    02001156	   105055059	    00000049	2.39922995e-002	3.79915606e-002	1.18911563e-001	4.86955782e-001	8.09329693e-001	6.56259578e-001	5.79365951e-001	3.90258311e-001	1.42249814e-002	7.91597702e-004	6.81334910e-004	1.95571441e-003	1.94544186e-003	    02001156	   105055059	8.86112067e+001	1.05632563e+002	1.19402250e+002	1.30783417e+002	1.29057844e+002	1.36010497e+002	1.29810848e+002	1.22541164e+002	1.15313024e+002	1.15180920e+002	1.12516170e+002	1.06701691e+002	1.02939006e+002	    02001156	   105055059	4.26775728e-001	4.93477117e-001	7.60803666e-001	8.24226383e-001	8.91182196e-001	1.22202773e-001	1.37242294e-001	
    02001156	   105054870	    00000050	1.01160962e-004	2.27586266e-004	1.17147957e-003	4.86491290e-003	8.57292422e-003	6.44611403e-003	4.20652055e-003	2.21159056e-003	1.48456743e-004	4.44623539e-005	1.72834016e-005	2.23938407e-005	3.86419122e-005	    02001156	   105056269	    00000050	2.19828738e-002	3.46430177e-002	1.10659599e-001	4.57891074e-001	7.63312939e-001	6.12364932e-001	5.35613473e-001	3.55647621e-001	1.24836068e-002	7.61249064e-004	6.62348711e-004	1.83974368e-003	1.81858309e-003	    02001156	   105056269	8.94851061e+001	1.06660826e+002	1.20617234e+002	1.32106250e+002	1.30478350e+002	1.37447481e+002	1.31430156e+002	1.24029467e+002	1.16593662e+002	1.16490872e+002	1.13882307e+002	1.07973021e+002	1.04141935e+002	    02001156	   105056269	4.23759594e-001	4.90385775e-001	7.55359804e-001	8.18596048e-001	8.81992655e-001	1.20089398e-001	1.35727493e-001	
    02001156	   105056108	    00000051	8.95342570e-005	2.03488219e-004	1.07437074e-003	4.55415978e-003	8.07740266e-003	6.04097426e-003	3.89679260e-003	2.02261138e-003	1.29531596e-004	4.01703177e-005	1.56515484e-005	1.91448668e-005	3.38637328e-005	    02001156	   105057410	    00000051	1.96609356e-002	3.08953472e-002	1.01233670e-001	4.24468347e-001	7.10562883e-001	5.64180185e-001	4.88963706e-001	3.20342679e-001	1.08589555e-002	6.95778144e-004	6.44358512e-004	1.70375202e-003	1.67431477e-003	    02001156	   105057410	8.58733845e+001	1.01981820e+002	1.15360774e+002	1.25962103e+002	1.24553494e+002	1.31571726e+002	1.25928774e+002	1.18310249e+002	1.11281388e+002	1.11029008e+002	1.08813979e+002	1.03517273e+002	9.95522238e+001	    02001156	   105057410	4.22131473e-001	4.95476717e-001	7.62551275e-001	8.25447084e-001	8.84166323e-001	1.21624687e-001	1.36286137e-001	
    02001156	   105057244	    00000052	7.62106331e-005	1.78298345e-004	9.81992764e-004	4.23164345e-003	7.57156897e-003	5.61666347e-003	3.57199739e-003	1.83478268e-003	1.15763578e-004	3.85395759e-005	1.33324105e-005	1.64159030e-005	2.90322680e-005	    02001156	   105058527	    00000052	1.75066587e-002	2.72937549e-002	9.17154828e-002	3.90432131e-001	6.56337713e-001	5.16195960e-001	4.43444338e-001	2.86758138e-001	9.42330617e-003	6.54052642e-004	6.26194742e-004	1.59691232e-003	1.58443125e-003	    02001156	   105058527	8.88015330e+001	1.05751263e+002	1.19610237e+002	1.30858148e+002	1.29333066e+002	1.36284893e+002	1.30354480e+002	1.22829653e+002	1.15506306e+002	1.15337935e+002	1.12751449e+002	1.06972178e+002	1.03102071e+002	    02001156	   105058527	4.28609072e-001	5.00396134e-001	7.65686298e-001	8.26467750e-001	8.93116099e-001	1.26741073e-001	1.39375706e-001	
    02001156	   105058384	    00000053	6.65221076e-005	1.56337596e-004	8.97531694e-004	3.93041062e-003	7.08575637e-003	5.21917902e-003	3.27540243e-003	1.65584130e-003	9.98017127e-005	3.59309886e-005	1.13636297e-005	1.51892494e-005	2.68189243e-005	    02001156	   105059654	    00000053	1.56158983e-002	2.41870015e-002	8.34453758e-002	3.60605976e-001	6.08762951e-001	4.74467008e-001	4.04196338e-001	2.57891292e-001	8.21461811e-003	6.14936296e-004	5.95483989e-004	1.47509236e-003	1.45848142e-003	    02001156	   105059654	8.85560001e+001	1.05618593e+002	1.19345015e+002	1.30798178e+002	1.28968744e+002	1.35929380e+002	1.29702239e+002	1.22603024e+002	1.15255030e+002	1.15152134e+002	1.12612300e+002	1.06747013e+002	1.03005252e+002	    02001156	   105059654	4.28792021e-001	4.96630710e-001	7.63797081e-001	8.27070623e-001	8.93004832e-001	1.22273990e-001	1.37801029e-001	
    02001156	   105059513	    00000054	5.85506588e-005	1.34797339e-004	8.06072894e-004	3.62176505e-003	6.57769891e-003	4.80782607e-003	2.95461862e-003	1.46698859e-003	8.13334842e-005	3.18990329e-005	9.97606788e-006	1.40153671e-005	2.34428783e-005	    02001156	   105100758	    00000054	1.39219930e-002	2.13617036e-002	7.54836131e-002	3.31439187e-001	5.62468481e-001	4.34376423e-001	3.67164843e-001	2.31228709e-001	7.16302361e-003	5.46655395e-004	5.75848742e-004	1.38413340e-003	1.35372197e-003	    02001156	   105100758	8.90798734e+001	1.06019368e+002	1.19986533e+002	1.31206019e+002	1.29812266e+002	1.36729791e+002	1.30979131e+002	1.23225927e+002	1.15901315e+002	1.15746361e+002	1.13088386e+002	1.07314604e+002	1.03390492e+002	    02001156	   105100758	4.25027447e-001	4.96304109e-001	7.66676774e-001	8.30695994e-001	8.96827708e-001	1.19966518e-001	1.35186346e-001	
    02001156	   105100607	    00000055	5.06202910e-005	1.13988963e-004	7.28778790e-004	3.34601015e-003	6.12671856e-003	4.44454535e-003	2.67489286e-003	1.30970054e-003	7.41628560e-005	2.84835095e-005	9.66790355e-006	1.14029052e-005	2.18513862e-005	    02001156	   105101851	    00000055	1.24290578e-002	1.88191306e-002	6.82231794e-002	3.04268885e-001	5.18768853e-001	3.97102415e-001	3.33005084e-001	2.07046350e-001	6.28243396e-003	5.18497323e-004	5.55471954e-004	1.29470170e-003	1.24448948e-003	    02001156	   105101851	8.69537283e+001	1.03474324e+002	1.16986346e+002	1.27963931e+002	1.26343619e+002	1.33386861e+002	1.27545670e+002	1.20235600e+002	1.12949508e+002	1.12763398e+002	1.10581614e+002	1.05027615e+002	1.01134319e+002	    02001156	   105101851	4.25424939e-001	4.96044516e-001	7.62389852e-001	8.24687393e-001	8.86195426e-001	1.23976871e-001	1.37657312e-001	
    02001156	   105101680	    00000056	4.10229776e-005	1.03086867e-004	6.68642854e-004	3.14451590e-003	5.80174788e-003	4.18284216e-003	2.48519112e-003	1.20260420e-003	6.30905357e-005	2.83940668e-005	8.52428774e-006	1.00548232e-005	2.01824087e-005	    02001156	   105102911	    00000056	1.11880504e-002	1.67020523e-002	6.18921603e-002	2.80199820e-001	4.79754200e-001	3.63839963e-001	3.02523344e-001	1.85658180e-001	5.53788163e-003	4.94560403e-004	5.50358116e-004	1.21054396e-003	1.16842552e-003	    02001156	   105102911	8.73156600e+001	1.03873924e+002	1.17494910e+002	1.28395902e+002	1.26926942e+002	1.33843984e+002	1.27937862e+002	1.20350955e+002	1.13294198e+002	1.13036851e+002	1.10475592e+002	1.04910817e+002	1.01039285e+002	    02001156	   105102911	4.27053943e-001	4.98407830e-001	7.62929251e-001	8.24478112e-001	8.86886159e-001	1.26492214e-001	1.39419782e-001	
    02001156	   105102760	    00000057	3.88288585e-005	1.00553140e-004	6.40371914e-004	3.04165423e-003	5.64482504e-003	4.07727065e-003	2.42274427e-003	1.16644588e-003	5.76126473e-005	2.58966126e-005	7.23698561e-006	9.76966398e-006	1.74140795e-005	    02001156	   105103948	    00000057	1.02196581e-002	1.51104365e-002	5.70229960e-002	2.61557763e-001	4.48798570e-001	3.36884686e-001	2.77215908e-001	1.67783446e-001	4.88473881e-003	4.58723830e-004	5.21331870e-004	1.15215527e-003	1.10104076e-003	    02001156	   105103948	8.88451786e+001	1.05894313e+002	1.19721430e+002	1.31106171e+002	1.29426120e+002	1.36413123e+002	1.30357804e+002	1.23071457e+002	1.15657142e+002	1.15523740e+002	1.13036919e+002	1.07200465e+002	1.03374546e+002	    02001156	   105103948	4.22685756e-001	4.89320766e-001	7.53475324e-001	8.16374479e-001	8.78174807e-001	1.22063281e-001	1.36770822e-001	
    02001156	   105103798	    00000058	3.67834578e-005	8.37528964e-005	6.13561937e-004	2.95414107e-003	5.52710071e-003	4.00148926e-003	2.37895803e-003	1.13861188e-003	5.23173176e-005	2.36445278e-005	3.58248621e-006	8.72921331e-006	1.61842188e-005	    02001156	   105105058	    00000058	9.41368499e-003	1.37891301e-002	5.30055254e-002	2.46044350e-001	4.23044027e-001	3.14244487e-001	2.55988429e-001	1.52691074e-001	4.34006456e-003	4.10048844e-004	5.02897747e-004	1.10145689e-003	1.03360203e-003	    02001156	   105105058	8.89386778e+001	1.05829393e+002	1.19759121e+002	1.30986512e+002	1.29543291e+002	1.36578263e+002	1.30935351e+002	1.23266340e+002	1.15784069e+002	1.15650328e+002	1.13299439e+002	1.07555532e+002	1.03578856e+002	    02001156	   105105058	4.21616204e-001	4.91247587e-001	7.58894080e-001	8.23041397e-001	8.84014792e-001	1.21290917e-001	1.35591706e-001	
    02001156	   105104871	    00000059	3.18981450e-005	8.51634561e-005	5.79678222e-004	2.84930744e-003	5.37543040e-003	3.89861762e-003	2.32445076e-003	1.11375441e-003	4.66067349e-005	2.19212893e-005	2.48231536e-006	6.38264922e-006	1.51755884e-005	    02001156	   105106145	    00000059	8.69924341e-003	1.26136151e-002	4.92840304e-002	2.31279823e-001	3.98830809e-001	2.92993181e-001	2.36327546e-001	1.38922690e-001	3.91347874e-003	3.93588625e-004	4.96648353e-004	1.03754340e-003	9.92139077e-004	    02001156	   105106145	8.80818636e+001	1.04741684e+002	1.18518430e+002	1.29547876e+002	1.28126509e+002	1.35151802e+002	1.29484201e+002	1.21798937e+002	1.14485021e+002	1.14305188e+002	1.11944263e+002	1.06339008e+002	1.02375106e+002	    02001156	   105106145	4.28495344e-001	4.99752035e-001	7.67238281e-001	8.29649436e-001	8.93632153e-001	1.25541686e-001	1.38763356e-001	
    02001156	   105105986	    00000060	2.70937985e-005	7.30397228e-005	5.52363271e-004	2.73529085e-003	5.19289541e-003	3.78311196e-003	2.25550531e-003	1.08074627e-003	4.06014465e-005	2.10755567e-005	1.74339442e-006	5.06305951e-006	1.54404948e-005	    02001156	   105107209	    00000060	8.09037414e-003	1.14759023e-002	4.55469429e-002	2.16339405e-001	3.74358413e-001	2.72015123e-001	2.17171562e-001	1.25933806e-001	3.52008145e-003	4.03066308e-004	4.58838211e-004	9.87825057e-004	9.26700551e-004	    02001156	   105107209	8.86223891e+001	1.05454433e+002	1.19309318e+002	1.30429053e+002	1.29002971e+002	1.35942002e+002	1.30160478e+002	1.22475317e+002	1.15177313e+002	1.14972062e+002	1.12414842e+002	1.06695881e+002	1.02781216e+002	    02001156	   105107209	4.24722103e-001	4.95631749e-001	7.60527417e-001	8.22283174e-001	8.83787633e-001	1.25071948e-001	1.38190221e-001	
    02001156	   105107056	    00000061	2.31996417e-005	6.67231976e-005	5.18234478e-004	2.60929257e-003	4.99587814e-003	3.65275655e-003	2.17524080e-003	1.03846236e-003	3.90124924e-005	1.93322324e-005	1.19771692e-006	3.41351642e-006	1.42189452e-005	    02001156	   105108270	    00000061	7.44484083e-003	1.03975136e-002	4.19729677e-002	2.01852498e-001	3.50519498e-001	2.51925881e-001	1.99160602e-001	1.13965221e-001	3.11971184e-003	3.52166256e-004	4.78654441e-004	9.53023422e-004	8.73285956e-004	    02001156	   105108270	8.86043708e+001	1.05491797e+002	1.19302665e+002	1.30553241e+002	1.28985958e+002	1.36009526e+002	1.30230262e+002	1.22788335e+002	1.15286316e+002	1.15149866e+002	1.12844786e+002	1.07083481e+002	1.03169378e+002	    02001156	   105108270	4.18283554e-001	4.88203322e-001	7.51616090e-001	8.12638667e-001	8.75337666e-001	1.21189201e-001	1.34999973e-001