PROSOFT : ProSoft 7.4
CRUISE-ID : mc497
OPERATOR : gianluca
LATITUDE : Missing
LONGITUDE : Missing
ZONE : Missing
COMMENT : 6/8
STATION-ID : Missing
CAST : A
TIME-STAMP : Tue Aug 21 10:30:59 2001
MODE : PROVIEW
PRESSURE-TARE : 0.000000
TIMETAG : OFF
PROFILER : WET
REFERENCE : WET
PRO-DARK : OFF
REF-DARK : OFF
PRO-ID : PRO0029
REF-ID : REF0045
PROCESSING_LEVEL : 4
FILE_CREATION_TIME : 17-Jul-2003 16:33:02
DEGLITCH_PRODAT : OFF
DEGLITCH_REFDAT : OFF
PRES_TARE_CORRECTED : 0.34594
BIN_INTERVAL : 1m
BIN_WIDTH : 0.5m
TIME_INTERVAL : 2sec
TIME_WIDTH : 1sec
WAVEL_INTERP : 0nm
INTEGRATION_POINTS : 5
REFLECTION_ALBEDO : 0.043
REFLECTANCE_INDEX : 0.021
REFRACTIVE_INDEX : 1.345

Level 4 Product: K Values
K_Lu	K_Lu	K_Lu	K_Lu	K_Lu	K_Lu	K_Lu	K_Lu	K_Lu	K_Lu	K_Lu	K_Lu	K_Lu	K_Lu	
#Depth	399.8	412.2	442.0	470.1	490.4	509.8	531.7	554.5	590.2	619.0	665.6	683.3	700.4	
2.00000000	0.03701632	0.03260117	0.02520608	0.02278655	0.02249152	0.03188037	0.04426053	0.05730464	0.11792202	0.23475861	0.25909118	0.20652358	0.15056076	
3.00000000	0.05484825	0.04980647	0.04115868	0.03845152	0.03768587	0.04863972	0.06195212	0.07640865	0.13719342	0.24492616	0.26650985	0.23205809	0.16066132	
4.00000000	0.06469794	0.05934691	0.04974042	0.04623078	0.04506549	0.05652207	0.07056030	0.08549543	0.14607542	0.24485480	0.26050841	0.23683723	0.15881050	
5.00000000	0.07407028	0.06779795	0.05647733	0.05153407	0.04957400	0.06106851	0.07499542	0.09023726	0.15143995	0.23668864	0.23714174	0.22189046	0.14210030	
6.00000000	0.07600223	0.06934406	0.05716439	0.05081004	0.04821539	0.05832167	0.07079661	0.08452144	0.13969612	0.20149569	0.18432130	0.16940601	0.11040200	
7.00000000	0.07466799	0.06782715	0.05527087	0.04795012	0.04477516	0.05301499	0.06340024	0.07508815	0.12327514	0.16620661	0.13676558	0.11357196	0.08337852	
8.00000000	0.08062621	0.07361135	0.06032071	0.05226622	0.04844894	0.05536538	0.06411334	0.07410815	0.11343115	0.13698016	0.10310073	0.07798271	0.07160773	
9.00000000	0.08785531	0.08056933	0.06617479	0.05719373	0.05292597	0.05944776	0.06810191	0.07756657	0.11179756	0.11918049	0.08553732	0.06517026	0.06990129	
10.00000000	0.08830655	0.08054936	0.06508572	0.05544824	0.05087291	0.05717141	0.06579317	0.07518873	0.10753193	0.10417072	0.06946498	0.05048143	0.06280707	
11.00000000	0.08788920	0.07956814	0.06320481	0.05300269	0.04828649	0.05472894	0.06349414	0.07317047	0.10487718	0.09359478	0.05705917	0.03836636	0.05614925	
12.00000000	0.09145681	0.08278550	0.06576796	0.05521732	0.05033522	0.05700455	0.06583032	0.07560540	0.10472296	0.08707844	0.05271013	0.03758372	0.05666587	
13.00000000	0.09592277	0.08741718	0.07051950	0.06006899	0.05512056	0.06194471	0.07110926	0.08095511	0.10686687	0.08473639	0.05974262	0.05175983	0.06508143	
14.00000000	0.09688076	0.08867523	0.07224921	0.06197864	0.05703106	0.06403297	0.07381263	0.08417027	0.10994503	0.08606812	0.06999957	0.06502929	0.07194468	
15.00000000	0.09512506	0.08726433	0.07162108	0.06156599	0.05669248	0.06394708	0.07414017	0.08499711	0.11100285	0.08666518	0.07665767	0.06801421	0.07387818	
16.00000000	0.09652684	0.08873652	0.07342203	0.06300790	0.05805520	0.06531827	0.07560980	0.08640636	0.11127135	0.08604314	0.07609565	0.05829827	0.07177544	
17.00000000	0.10159211	0.09329037	0.07668961	0.06521521	0.05962372	0.06664389	0.07643564	0.08689293	0.10939338	0.08407537	0.07337332	0.05102617	0.07044617	
18.00000000	0.10438977	0.09569813	0.07793816	0.06568345	0.05952932	0.06585318	0.07476010	0.08429235	0.10311583	0.07704309	0.06996871	0.05374624	0.07173679	
19.00000000	0.10549575	0.09667967	0.07781753	0.06509191	0.05831628	0.06389497	0.07206441	0.08094665	0.09725935	0.07187531	0.06667482	0.05687890	0.07296925	
20.00000000	0.10200483	0.09345502	0.07433520	0.06120370	0.05418069	0.05887976	0.06643661	0.07427701	0.08856682	0.06639815	0.05903524	0.05062273	0.06971576	
21.00000000	0.10028727	0.09189946	0.07255773	0.05889586	0.05156823	0.05541008	0.06216865	0.06895135	0.08135193	0.06212309	0.04178081	0.02032604	0.05843718	
22.00000000	0.10106326	0.09258783	0.07250455	0.05823495	0.05042259	0.05363743	0.05965518	0.06577520	0.07722743	0.06043462	0.01854514	-0.02527484	0.03957799	
23.00000000	0.10388532	0.09503506	0.07380109	0.05882924	0.05049393	0.05301047	0.05802791	0.06320774	0.07362354	0.05767208	-0.01166503	-0.07778386	0.01363840	
24.00000000	0.10911711	0.09969184	0.07687061	0.06124092	0.05243328	0.05484228	0.05926747	0.06428930	0.07440988	0.05924262	-0.02578947	-0.10004223	-0.00140409	
25.00000000	0.11157291	0.10188249	0.07845424	0.06268657	0.05412631	0.05718238	0.06205475	0.06741902	0.07703161	0.06346041	-0.01045644	-0.06918229	0.00782367	
26.00000000	0.11310889	0.10336988	0.07996147	0.06446392	0.05644956	0.06057716	0.06659524	0.07278750	0.08183022	0.06993211	0.02069269	-0.01387909	0.03171287	
27.00000000	0.11164160	0.10192443	0.07893567	0.06401893	0.05655329	0.06148148	0.06832744	0.07514430	0.08347681	0.07274846	0.04559830	0.02753689	0.04985397	
28.00000000	0.11164534	0.10199177	0.07929217	0.06482094	0.05784375	0.06355980	0.07137050	0.07871386	0.08546312	0.07584602	0.06478108	0.05559858	0.06448201	
29.00000000	0.11223500	0.10248801	0.07966262	0.06535759	0.05866059	0.06493668	0.07337097	0.08095368	0.08615656	0.07667913	0.07534086	0.07036593	0.07273822	
30.00000000	0.11418241	0.10428155	0.08132552	0.06702702	0.06059873	0.06758669	0.07682261	0.08480763	0.08785585	0.07715193	0.08583314	0.08622043	0.08180879	
31.00000000	0.11583028	0.10587391	0.08301452	0.06879021	0.06264174	0.07026063	0.08046641	0.08875038	0.08879312	0.07699484	0.09172205	0.09749562	0.08886917	
32.00000000	0.11567790	0.10577105	0.08316574	0.06902839	0.06292663	0.07072989	0.08129012	0.08952117	0.08653263	0.07396975	0.08407711	0.08603291	0.08294901	
33.00000000	0.11646240	0.10679813	0.08469753	0.07067125	0.06468929	0.07295217	0.08431079	0.09288778	0.08699211	0.07503164	0.08282139	0.08354505	0.08191360	
34.00000000	0.11634411	0.10692731	0.08522421	0.07128882	0.06545236	0.07413137	0.08632939	0.09527055	0.08711182	0.07622709	0.08968062	0.09223415	0.08582622	
35.00000000	0.11476400	0.10542579	0.08392100	0.06997988	0.06425442	0.07299865	0.08569998	0.09493108	0.08549540	0.07436099	0.09513943	0.10062135	0.08737030	
36.00000000	0.11310473	0.10368558	0.08218815	0.06824222	0.06260084	0.07141334	0.08447003	0.09416120	0.08459383	0.07387213	0.10364566	0.11577599	0.09249704	
37.00000000	0.11150560	0.10207053	0.08055420	0.06656752	0.06099507	0.06976448	0.08311013	0.09327618	0.08264394	0.07369950	0.11576188	0.13538414	0.10028871	
38.00000000	0.10878279	0.09955509	0.07854504	0.06463531	0.05929840	0.06789117	0.08140133	0.09168307	0.08098942	0.07291763	0.12992157	0.16365664	0.11096463	
39.00000000	0.10742903	0.09839533	0.07783698	0.06381680	0.05864052	0.06675087	0.07990263	0.09002967	0.07995018	0.07307985	0.13968744	0.18476210	0.11894961	
40.00000000	0.10890385	0.09942640	0.07772874	0.06318398	0.05737684	0.06455595	0.07679259	0.08656362	0.07885627	0.07079339	0.13270249	0.17689514	0.11537706	
41.00000000	0.11162310	0.10132856	0.07746202	0.06215263	0.05542545	0.06119191	0.07175587	0.08094977	0.07816589	0.07029071	0.10891385	0.14089735	0.10044540	
42.00000000	0.11446809	0.10330609	0.07665164	0.06032121	0.05249726	0.05661238	0.06529558	0.07373213	0.07482712	0.06855032	0.07342725	0.08170972	0.07472374	
43.00000000	0.11401828	0.10210997	0.07312711	0.05604353	0.04741626	0.04982073	0.05668852	0.06403373	0.07006835	0.06399599	0.03787557	0.02186028	0.04627830	
44.00000000	0.11202795	0.09977636	0.06955492	0.05205636	0.04322095	0.04414464	0.04948693	0.05596649	0.06603398	0.06042741	0.00526090	-0.03036924	0.01851872	
45.00000000	0.11159201	0.09902271	0.06711544	0.04919333	0.04017442	0.04025792	0.04479301	0.05106517	0.06421452	0.05687693	-0.01460510	-0.06024741	0.00085892	
46.00000000	0.11104378	0.09791482	0.06444457	0.04603768	0.03725667	0.03706747	0.04139274	0.04786377	0.06457232	0.05653038	0.00107162	-0.03147969	0.01173049	
47.00000000	0.10882595	0.09517110	0.06090039	0.04226429	0.03387748	0.03350732	0.03744574	0.04391942	0.06312836	0.05554788	0.03032110	0.02307433	0.03285167	
48.00000000	0.10635926	0.09198999	0.05741824	0.03872456	0.03067735	0.03009887	0.03333956	0.04008796	0.06510945	0.05697465	0.06687384	0.08596294	0.05921037	
49.00000000	0.10342872	0.08845212	0.05389803	0.03550705	0.02760517	0.02653619	0.02872784	0.03515362	0.06610229	0.05889470	0.09041854	0.12586266	0.07394338	
50.00000000	0.10476634	0.08956326	0.05484610	0.03657387	0.02860745	0.02740879	0.02885866	0.03502202	0.06728624	0.06178552	0.09185116	0.13028121	0.07308451	
51.00000000	0.11638462	0.10135226	0.06559581	0.04667162	0.03829251	0.03829824	0.04114496	0.04768256	0.07577191	0.06786826	0.09773532	0.13198655	0.07993020	
52.00000000	0.13780837	0.12250057	0.08586125	0.06542642	0.05630968	0.05855355	0.06490704	0.07231991	0.08662620	0.07852193	0.09825750	0.11596147	0.08647900	
53.00000000	0.16499984	0.15019901	0.11142806	0.08845857	0.07839796	0.08357743	0.09483682	0.10412894	0.09933455	0.08779728	0.09670075	0.08883923	0.09308575	
54.00000000	0.18361918	0.16874164	0.12817012	0.10289891	0.09219744	0.09960746	0.11535192	0.12668665	0.10621392	0.09147996	0.09483339	0.07250838	0.09608851	
55.00000000	0.17999899	0.16442177	0.12409133	0.09840962	0.08840124	0.09605464	0.11275784	0.12503199	0.10268320	0.08865267	0.10473368	0.08897960	0.10111966	
56.00000000	0.16155485	0.14467883	0.10457984	0.08014740	0.07120711	0.07723562	0.09115317	0.10354352	0.09625124	0.08331346	0.13049587	0.13933648	0.10560628	
57.00000000	0.13574576	0.11733922	0.07886368	0.05682940	0.04877354	0.05188569	0.06092542	0.07217079	0.08887486	0.08125624	0.14225557	0.18198669	0.10872919	
58.00000000	0.11589285	0.09732711	0.06015939	0.04026646	0.03252835	0.03281833	0.03704919	0.04699707	0.08330489	0.07641205	0.13685263	0.18623209	0.09600261	
59.00000000	0.11603855	0.09732290	0.05985945	0.03990145	0.03154629	0.03070513	0.03355476	0.04287591	0.08524329	0.06653638	0.11676715	0.15333871	0.08188498	
60.00000000	0.12525603	0.10505719	0.06735787	0.04655625	0.03764844	0.03662093	0.04006999	0.04924732	0.09226505	0.06553319	0.10235855	0.11760083	0.07328787	
61.00000000	0.13119281	0.10850051	0.07044216	0.04930929	0.04027139	0.03905172	0.04227689	0.05128344	0.09940016	0.07341460	0.11383563	0.11866319	0.07200130	
62.00000000	0.13868689	0.11434770	0.07451393	0.05309632	0.04374736	0.04258176	0.04574099	0.05398319	0.10972374	0.08681987	0.12781496	0.13605471	0.08347826	
63.00000000	0.14619756	0.12186882	0.08117324	0.05944571	0.04977419	0.04860687	0.05219047	0.06052019	0.11338270	0.09834979	0.14075493	0.14697922	0.08971899	
64.00000000	0.16258783	0.13536056	0.09329703	0.07069918	0.06079765	0.06014790	0.06512355	0.07367492	0.11897296	0.09038537	0.15162397	0.15423339	0.10423756	
65.00000000	0.18409062	0.15179330	0.10778948	0.08365937	0.07333475	0.07309583	0.08021234	0.08960413	0.13197747	0.08863284	0.16258515	0.17352843	0.12171779	
66.00000000	0.19268444	0.15420709	0.10994727	0.08577024	0.07532874	0.07468306	0.08145577	0.09103401	0.13918025	0.09441894	0.19829025	0.20323021	0.13245085	
67.00000000	0.19981247	0.15196303	0.10767905	0.08377430	0.07316572	0.07188713	0.07746665	0.08624758	0.15650481	0.10902861	0.22341413	0.22179404	0.14033506	
68.00000000	0.20125463	0.15078962	0.10655221	0.08265826	0.07177986	0.07011534	0.07506414	0.08348991	0.16241331	0.12290047	0.24251232	0.22841677	0.14171057	
69.00000000	0.20497599	0.14875340	0.10547047	0.08188215	0.07077430	0.06904083	0.07304982	0.08089856	0.16611132	0.13089469	0.25989956	0.20925084	0.13851921	

Level 4 Product: K Values
K_Ed	K_Ed	K_Ed	K_Ed	K_Ed	K_Ed	K_Ed	K_Ed	K_Ed	K_Ed	K_Ed	K_Ed	K_Ed	K_Ed	
Depth	399.8	411.5	442.6	469.8	490.9	509.6	531.5	554.9	589.4	619.4	665.7	682.5	700.2	
2.00000000	0.06077849	0.05555013	0.04983990	0.04472634	0.04509893	0.05718460	0.06558687	0.08082535	0.17086494	0.34164174	0.48009677	0.50462032	0.66250335	
3.00000000	0.06170505	0.05761520	0.04929574	0.04388315	0.04274699	0.05525180	0.06386947	0.07857583	0.16679725	0.33512563	0.47151877	0.49141149	0.64247169	
4.00000000	0.05872240	0.05467990	0.04612826	0.04098282	0.03919832	0.05216357	0.06163781	0.07708954	0.16827943	0.34579793	0.48844841	0.50284324	0.65018065	
5.00000000	0.05791401	0.05380826	0.04517803	0.04053732	0.03932855	0.05412883	0.06468787	0.08078277	0.17382289	0.35334441	0.49667272	0.50083991	0.63176510	
6.00000000	0.05356287	0.05045989	0.04144311	0.03754918	0.03549901	0.05086354	0.06191650	0.07851466	0.16964974	0.34782292	0.48802423	0.48145907	0.57835326	
7.00000000	0.05357578	0.04997889	0.04282349	0.04013214	0.03974651	0.05520149	0.06591788	0.08195946	0.16696786	0.33072223	0.45869824	0.43840327	0.49079003	
8.00000000	0.05425127	0.05036438	0.04317576	0.04069772	0.04115070	0.05725048	0.06784112	0.08346539	0.16586948	0.32010844	0.44324898	0.39824887	0.39690552	
9.00000000	0.05117379	0.04683929	0.03917420	0.03656776	0.03661728	0.05331934	0.06469328	0.08141657	0.16931321	0.33528944	0.46815537	0.38734254	0.33000496	
10.00000000	0.05370395	0.04861442	0.04069522	0.03773371	0.03817403	0.05559183	0.06744008	0.08469705	0.17632970	0.34683239	0.48406014	0.36974438	0.27898168	
11.00000000	0.05607752	0.05100711	0.04202926	0.03838604	0.03822222	0.05509872	0.06654263	0.08318083	0.17120181	0.33289715	0.46099072	0.32004194	0.21191552	
12.00000000	0.06106894	0.05611223	0.04684828	0.04326594	0.04303276	0.05878362	0.06952642	0.08570562	0.16888336	0.30984274	0.43525210	0.25920284	0.14976137	
13.00000000	0.06767932	0.06171173	0.05075058	0.04597356	0.04565089	0.06099272	0.07137788	0.08762564	0.17091883	0.30164405	0.42518825	0.20864219	0.11084814	
14.00000000	0.07646239	0.07011286	0.05708106	0.05108987	0.05023801	0.06559964	0.07618736	0.09358167	0.17971344	0.31357215	0.42743108	0.18467388	0.09790159	
15.00000000	0.08261618	0.07570303	0.06115715	0.05408061	0.05315523	0.06824592	0.07889788	0.09675051	0.18356791	0.32129632	0.41111500	0.15946024	0.08877724	
16.00000000	0.08767902	0.08094854	0.06605704	0.05864002	0.05752425	0.07216343	0.08289008	0.10024078	0.18300827	0.31605278	0.36265116	0.13224267	0.08367976	
17.00000000	0.08249980	0.07610213	0.06170726	0.05458103	0.05349036	0.06807759	0.07912006	0.09624400	0.17785836	0.30153541	0.31359250	0.10789414	0.07426049	
18.00000000	0.07680205	0.07043584	0.05650696	0.04968975	0.04860122	0.06332326	0.07452564	0.09142377	0.17236973	0.28373807	0.26598481	0.08994027	0.06568834	
19.00000000	0.07319197	0.06742410	0.05394629	0.04752386	0.04643941	0.06080642	0.07143861	0.08768759	0.16376196	0.25587344	0.20937557	0.07751901	0.06077958	
20.00000000	0.07233473	0.06666434	0.05279326	0.04621397	0.04499909	0.05900405	0.06925305	0.08504452	0.15773553	0.23080874	0.16399343	0.07073834	0.05785323	
21.00000000	0.07485184	0.06888584	0.05461654	0.04790132	0.04684981	0.06097901	0.07148078	0.08751930	0.16430983	0.21371236	0.13484043	0.07020364	0.05937806	
22.00000000	0.07519847	0.06855640	0.05302809	0.04558317	0.04419985	0.05842382	0.06914097	0.08522449	0.16547889	0.19657778	0.11582226	0.06698924	0.05677953	
23.00000000	0.07893580	0.07191903	0.05653790	0.04912717	0.04779168	0.06206514	0.07327416	0.08934555	0.16910125	0.18176299	0.10391215	0.06811082	0.05970688	
24.00000000	0.07986688	0.07297953	0.05801272	0.05051521	0.04899822	0.06260538	0.07343308	0.08887910	0.16364177	0.16171775	0.07577876	0.06231928	0.05845340	
25.00000000	0.08464616	0.07795308	0.06285952	0.05471209	0.05269321	0.06532510	0.07538899	0.09042324	0.15845398	0.14429743	0.03355751	0.05328183	0.05797556	
26.00000000	0.08992933	0.08314786	0.06704333	0.05762262	0.05475646	0.06625931	0.07557780	0.09019087	0.15743080	0.13239750	0.00261891	0.04594766	0.05721091	
27.00000000	0.09505822	0.08817823	0.07052870	0.05981255	0.05614793	0.06680659	0.07522201	0.08936631	0.15497659	0.12101405	-0.00406629	0.04643860	0.05866392	
28.00000000	0.10111534	0.09431422	0.07631900	0.06519868	0.06123838	0.07143041	0.07965783	0.09348991	0.15664771	0.11347248	0.00814328	0.05414831	0.06460801	
29.00000000	0.10415520	0.09731992	0.07867439	0.06703826	0.06266349	0.07255043	0.08047528	0.09391411	0.15555565	0.10632135	0.02480187	0.06054306	0.06760886	
30.00000000	0.10587643	0.09885630	0.07949275	0.06740422	0.06266636	0.07246012	0.08017037	0.09354397	0.15501397	0.10054544	0.03574861	0.06440473	0.06877903	
31.00000000	0.10757042	0.10037037	0.08038966	0.06798528	0.06294823	0.07258064	0.08023300	0.09349807	0.15432301	0.09551807	0.04559298	0.06767538	0.07003217	
32.00000000	0.10860874	0.10124783	0.08070127	0.06818573	0.06317193	0.07272890	0.08017479	0.09321101	0.15193446	0.09066531	0.06050783	0.07342052	0.07178940	
33.00000000	0.11053745	0.10310282	0.08254553	0.07022858	0.06543908	0.07493713	0.08246456	0.09544874	0.15154427	0.08782356	0.06690408	0.07734777	0.07391418	
34.00000000	0.11108259	0.10338971	0.08203183	0.06927346	0.06421721	0.07352180	0.08081868	0.09346985	0.14791105	0.08347135	0.06346820	0.07491457	0.07208302	
35.00000000	0.11126005	0.10332483	0.08158810	0.06866561	0.06352061	0.07290187	0.08036573	0.09307153	0.14689886	0.08029787	0.06224938	0.07393645	0.07117529	
36.00000000	0.11151023	0.10369368	0.08215733	0.06954843	0.06458039	0.07423704	0.08211170	0.09521099	0.14880449	0.07928418	0.06347146	0.07469090	0.07206656	
37.00000000	0.10796398	0.10046854	0.07960889	0.06747825	0.06296548	0.07254472	0.08022533	0.09339259	0.14502447	0.07592185	0.06523377	0.07347760	0.07030434	
38.00000000	0.10725083	0.10026183	0.08073603	0.06930474	0.06530992	0.07464032	0.08241471	0.09551190	0.14417373	0.07566980	0.07040512	0.07591362	0.07123476	
39.00000000	0.10792272	0.10068894	0.08109717	0.06942686	0.06543692	0.07482346	0.08287741	0.09594272	0.14348721	0.07456737	0.08071674	0.07908819	0.07175035	
40.00000000	0.10851567	0.10101483	0.08165327	0.07008525	0.06629218	0.07630275	0.08507512	0.09854015	0.14566346	0.07544101	0.09684380	0.08567309	0.07422652	
41.00000000	0.10656639	0.09892011	0.08009836	0.06904031	0.06566378	0.07657477	0.08618334	0.10015782	0.14693585	0.07504933	0.10794317	0.08958277	0.07517306	
42.00000000	0.09859889	0.09111063	0.07322291	0.06301476	0.06036121	0.07198567	0.08187420	0.09630740	0.14155948	0.07069663	0.10807777	0.08626995	0.07095316	
43.00000000	0.09092581	0.08378037	0.06697935	0.05755876	0.05559087	0.06728351	0.07698399	0.09182037	0.13357454	0.06456298	0.09520857	0.07806700	0.06518285	
44.00000000	0.08786266	0.08063391	0.06397580	0.05468821	0.05295560	0.06450586	0.07411057	0.09129175	0.12854011	0.06185653	0.07990144	0.07056249	0.06126905	
45.00000000	0.08876144	0.08071356	0.06360589	0.05412716	0.05228601	0.06369158	0.07315351	0.09178927	0.12398915	0.06063015	0.06236773	0.06380280	0.05079623	
46.00000000	0.09547684	0.08377816	0.06592967	0.05625243	0.05389852	0.06465618	0.07378919	0.09209932	0.12220153	0.06072765	0.03255903	0.05392697	0.05222701	
47.00000000	0.10349517	0.08874926	0.06992035	0.06011115	0.05719086	0.06746661	0.07636061	0.09305728	0.12317010	0.06207330	0.00947324	0.04833635	0.05641441	
48.00000000	0.10787726	0.09265791	0.07243168	0.06230049	0.05891143	0.06880161	0.07745349	0.09183379	0.12331907	0.06161603	0.00269584	0.04736966	0.06177470	
49.00000000	0.10812498	0.09484983	0.07338795	0.06286909	0.05918557	0.06868088	0.07712121	0.09107606	0.12154610	0.06111921	0.01039229	0.05147276	0.06777536	
50.00000000	0.10579614	0.09646128	0.07331019	0.06215230	0.05856845	0.06778164	0.07600726	0.08967816	0.11738297	0.06063792	0.02920530	0.05943130	0.06178307	
51.00000000	0.11255230	0.10824616	0.07838754	0.06588519	0.06185025	0.07010193	0.07771930	0.09056176	0.11379196	0.06320408	0.04612561	0.06685999	0.06551076	
52.00000000	0.12902013	0.12690637	0.08958422	0.07478847	0.06979607	0.07688897	0.08761916	0.09547512	0.11478229	0.06828671	0.05594070	0.07710115	0.07310969	
53.00000000	0.14828058	0.14481107	0.10230098	0.08475157	0.07853968	0.08460609	0.10320001	0.10152365	0.11706706	0.07682564	0.06799914	0.08689921	0.08171085	
54.00000000	0.16508395	0.15695838	0.11400266	0.09459640	0.08755110	0.09251556	0.11447864	0.10871810	0.12046274	0.08562847	0.07712139	0.09277008	0.08917100	
55.00000000	0.17169505	0.15888013	0.12000866	0.09995375	0.09274724	0.09751180	0.11789375	0.11419573	0.12545496	0.09347132	0.07688218	0.09311638	0.09285693	
56.00000000	0.16270386	0.14988858	0.11640963	0.09582594	0.08911588	0.09442029	0.10830157	0.11243065	0.12685757	0.07337073	0.07395001	0.08598182	0.08964560	
57.00000000	0.14537883	0.13428012	0.13029612	0.08580921	0.08015477	0.08651911	0.09472259	0.10635001	0.12140707	0.06171348	0.07298138	0.07989545	0.08288564	
58.00000000	0.12758340	0.11765131	0.13630200	0.07317989	0.06853402	0.07626375	0.08494430	0.09738644	0.10466797	0.07535964	0.07614526	0.07587739	0.07440050	
59.00000000	0.11963536	0.10945808	0.13137572	0.06589832	0.06188816	0.07248529	0.07921258	0.09178163	0.09164622	0.08848919	0.08293365	0.07681539	0.07009132	
60.00000000	0.13062310	0.12049325	0.12513159	0.07250872	0.06793466	0.08005868	0.08490745	0.09724741	0.09804125	0.11340144	0.08955834	0.08415611	0.07664207	
61.00000000	0.13895181	0.12913037	0.10305404	0.07852626	0.07332975	0.08576792	0.09018058	0.10242584	0.10921092	0.10214351	0.08746201	0.08516855	0.08146511	
62.00000000	0.14225532	0.13235580	0.09861902	0.08152969	0.07611579	0.08718532	0.09243134	0.10444157	0.11600344	0.08575828	0.08430299	0.08401853	0.08371167	
63.00000000	0.14854534	0.13786681	0.10390811	0.08600458	0.08040198	0.08850261	0.09561874	0.10696741	0.11268451	0.09376588	0.08632898	0.08594635	0.08611614	
64.00000000	0.16017990	0.14875014	0.11282368	0.09343541	0.08742583	0.09448417	0.10131433	0.11214502	0.11085405	0.10466589	0.09629438	0.09402726	0.09451900	
65.00000000	0.17896513	0.16620135	0.12667670	0.10156718	0.09812905	0.10445747	0.11059532	0.12104578	0.12199415	0.11602020	0.06790208	0.10435637	0.10671557	
66.00000000	0.18598367	0.17408938	0.13278368	0.10313165	0.10260735	0.10874270	0.11476912	0.12507828	0.12215049	0.12480621	0.09519321	0.10749537	0.11378103	
67.00000000	0.18335134	0.17189341	0.13088936	0.10056522	0.09900988	0.10699712	0.11301223	0.12361604	0.11466752	0.13272407	0.12182041	0.10670198	0.11565049	
68.00000000	0.17862424	0.16764792	0.12760058	0.09678848	0.09532575	0.10430438	0.11033494	0.12096143	0.10599513	0.13552478	0.13973701	0.10359313	0.11312366	
69.00000000	0.17553031	0.16574428	0.12625479	0.09990410	0.09231671	0.10304404	0.10894217	0.11948088	0.09468279	0.15178787	0.22576790	0.10579969	0.11519496	

Level 4 Product: Surface Optical Data
Lu(0-)	Lu(0-)	Lu(0-)	Lu(0-)	Lu(0-)	Lu(0-)	Lu(0-)	Lu(0-)	Lu(0-)	Lu(0-)	Lu(0-)	Lu(0-)	Lu(0-)	
399.8	412.2	442.0	470.1	490.4	509.8	531.7	554.5	590.2	619.0	665.6	683.3	700.4	
0.49286686	0.60932332	0.60927088	0.65110624	0.59732068	0.39054802	0.28176062	0.19496802	0.07124421	0.02546885	0.01321060	0.01616498	0.01101801	

Level 4 Product: Surface Optical Data
Ed(0-)	Ed(0-)	Ed(0-)	Ed(0-)	Ed(0-)	Ed(0-)	Ed(0-)	Ed(0-)	Ed(0-)	Ed(0-)	Ed(0-)	Ed(0-)	Ed(0-)	
399.8	411.5	442.6	469.8	490.9	509.6	531.5	554.9	589.4	619.4	665.7	682.5	700.2	
50.50232634	58.84912445	56.71280880	62.39064655	64.60922637	60.75960223	58.54534110	57.08964968	47.61964701	47.96402225	45.37037635	38.09397002	41.27562890	

Level 4 Product: Surface Optical Data
Es(0-)	Es(0-)	Es(0-)	Es(0-)	Es(0-)	Es(0-)	Es(0-)	Es(0-)	Es(0-)	Es(0-)	Es(0-)	Es(0-)	Es(0-)	
399.5	412.3	442.7	470.3	490.4	510.4	531.9	554.9	590.6	620.5	664.6	683.3	700.2	
43.29117886	49.56397602	55.08844696	58.85986348	58.25853818	62.08159156	59.69885175	55.06745155	48.36836799	51.80037439	50.01918196	48.59311304	42.45792594	

Level 4 Product: Surface Optical Data
Ls(0-)	Ls(0-)	Ls(0-)	Ls(0-)	Ls(0-)	Ls(0-)	Ls(0-)	
412	442.35	490.6	509.95	554.75	665.05	683.45	
0.59997234	0.61655900	0.58277185	0.41079859	0.21847441	0.02355891	0.02529011	

Level 4 Product: Surface Remote Sensing Reflectances
RSR-Lu(0+)/Ed(0+)	RSR-Lu(0+)/Ed(0+)	RSR-Lu(0+)/Ed(0+)	RSR-Lu(0+)/Ed(0+)	RSR-Lu(0+)/Ed(0+)	RSR-Lu(0+)/Ed(0+)	RSR-Lu(0+)/Ed(0+)	RSR-Lu(0+)/Ed(0+)	RSR-Lu(0+)/Ed(0+)	RSR-Lu(0+)/Ed(0+)	RSR-Lu(0+)/Ed(0+)	RSR-Lu(0+)/Ed(0+)	RSR-Lu(0+)/Ed(0+)	
399.8	411.85	442.3	469.95	490.65	509.7	531.6	554.7	589.8	619.2	665.65	682.9	700.3	
0.00506375	0.00537232	0.00557421	0.00541485	0.00479697	0.00333513	0.00249713	0.00177198	0.00077628	0.00027552	0.00015108	0.00022018	0.00013850	

Level 4 Product: Surface Remote Sensing Reflectances
RSR-Lu(0+)/Es	RSR-Lu(0+)/Es	RSR-Lu(0+)/Es	RSR-Lu(0+)/Es	RSR-Lu(0+)/Es	RSR-Lu(0+)/Es	RSR-Lu(0+)/Es	RSR-Lu(0+)/Es	RSR-Lu(0+)/Es	RSR-Lu(0+)/Es	RSR-Lu(0+)/Es	RSR-Lu(0+)/Es	RSR-Lu(0+)/Es	
399.65	412.25	442.35	470.2	490.4	510.1	531.8	554.7	590.4	619.75	665.1	683.3	700.3	
0.00590723	0.00637875	0.00573857	0.00573966	0.00531988	0.00326411	0.00244888	0.00183706	0.00076426	0.00025511	0.00013704	0.00017261	0.00013465	

Level 4 Product: Surface Remote Sensing Reflectances
RSR-Ls(0+)/Es	RSR-Ls(0+)/Es	RSR-Ls(0+)/Es	RSR-Ls(0+)/Es	RSR-Ls(0+)/Es	RSR-Ls(0+)/Es	RSR-Ls(0+)/Es	
412.15	442.525	490.5	510.175	554.825	664.825	683.375	
0.00628086	0.00580722	0.00519030	0.00343336	0.00205854	0.00024438	0.00027004	

Level 4 Product: Photosynthetically Available Radiation
Profiler PAR	Profiler PAR	Profiler PAR	Profiler PAR	
Depth	Profiler Par	Reference PAR	% Par (0+)	
2.00000000	31548472781106452.00000000	46660149165784088.00000000	79.50748335	
3.00000000	27648294293842276.00000000	46694510953013656.00000000	69.67837440	
4.00000000	24832979350815796.00000000	48694688840848608.00000000	62.58330493	
5.00000000	22638195993504904.00000000	48049759783624848.00000000	57.05207994	
6.00000000	20871381980046328.00000000	47477457639499480.00000000	52.59941002	
7.00000000	19020619663443880.00000000	49484620370660360.00000000	47.93517619	
8.00000000	18086170582158836.00000000	48525333667877304.00000000	45.58020657	
9.00000000	16635776146186844.00000000	46873200421336888.00000000	41.92496747	
10.00000000	15640125100621690.00000000	44700152373304136.00000000	39.41575856	
11.00000000	14805863428126602.00000000	47687480568390192.00000000	37.31327815	
12.00000000	13875171420135742.00000000	48938988734293104.00000000	34.96777699	
13.00000000	12928401769222992.00000000	46926419643983912.00000000	32.58175746	
14.00000000	12153471723298952.00000000	46646092971894240.00000000	30.62880278	
15.00000000	11408000510276656.00000000	49056644822280056.00000000	28.75008933	
16.00000000	10396371491183396.00000000	46470214342783096.00000000	26.20061323	
17.00000000	9711709631765142.00000000	47275337316927656.00000000	24.47514963	
18.00000000	9000249873930530.00000000	46030526252262912.00000000	22.68215080	
19.00000000	8586680809984389.00000000	47474864027643168.00000000	21.63988686	
20.00000000	7962225929966680.00000000	47739066780380280.00000000	20.06615502	
21.00000000	7560811818724135.00000000	47138597319956656.00000000	19.05452362	
22.00000000	7097656226535078.00000000	48222127515272752.00000000	17.88729325	
23.00000000	6675402052683922.00000000	48483699884546048.00000000	16.82314137	
24.00000000	6292994478217430.00000000	46672048287898496.00000000	15.85940965	
25.00000000	5864550092614147.00000000	44192252043960864.00000000	14.77965739	
26.00000000	5516813731329418.00000000	48057472219609560.00000000	13.90330299	
27.00000000	5111327304602404.00000000	48237711912671720.00000000	12.88140866	
28.00000000	4781350325178754.00000000	45902285126009296.00000000	12.04981091	
29.00000000	4433117771470189.50000000	45828427005961544.00000000	11.17220602	
30.00000000	4067001083461588.50000000	46534249166403744.00000000	10.24953009	
31.00000000	3777641988947460.00000000	47265894425819928.00000000	9.52029626	
32.00000000	3528504657895069.00000000	47002653563698496.00000000	8.89242808	
33.00000000	3237011147307949.50000000	46382354111854232.00000000	8.15781517	
34.00000000	2987720415341585.50000000	46983647353470112.00000000	7.52956039	
35.00000000	2765313230553784.00000000	40722378521959832.00000000	6.96905670	
36.00000000	2587229503309609.50000000	46154955110814272.00000000	6.52025561	
37.00000000	2365541961174881.00000000	46783193251932312.00000000	5.96156554	
38.00000000	2186922936306102.70000000	46020476490767312.00000000	5.51141541	
39.00000000	2059203629931661.50000000	45118399208884448.00000000	5.18954117	
40.00000000	1883637425570369.70000000	46355373044146848.00000000	4.74708466	
41.00000000	1730499534458763.00000000	45950218601076936.00000000	4.36115129	
42.00000000	1612191243477044.20000000	45380019660774984.00000000	4.06299441	
43.00000000	1509281155666728.70000000	45088914358099624.00000000	3.80364359	
44.00000000	1407743090264716.70000000	44321974928728344.00000000	3.54775051	
45.00000000	1328713720736234.20000000	45431061723053888.00000000	3.34858314	
46.00000000	1250505373372028.70000000	44550454037523760.00000000	3.15148489	
47.00000000	1169281226784100.20000000	43877185327355080.00000000	2.94678631	
48.00000000	1087102764264541.70000000	44632208163638336.00000000	2.73968269	
49.00000000	1015599948782465.20000000	43335178973916048.00000000	2.55948352	
50.00000000	948148127126570.50000000	45461882553676032.00000000	2.38949352	
51.00000000	883497666646874.37000000	43222870485810520.00000000	2.22656344	
52.00000000	825334507340383.62000000	43623098811905424.00000000	2.07998245	
53.00000000	757000520161970.00000000	44511670907411800.00000000	1.90776925	
54.00000000	680943327709213.62000000	43705230933837240.00000000	1.71609227	
55.00000000	614027379537513.12000000	43809951519982776.00000000	1.54745277	
56.00000000	551447095239409.12000000	43979577072874688.00000000	1.38973988	
57.00000000	494203103939460.81000000	44261792441088560.00000000	1.24547535	
58.00000000	456313106645767.44000000	42816036807288816.00000000	1.14998615	
59.00000000	419422038594744.06000000	44280772335075128.00000000	1.05701442	
60.00000000	389833056126972.94000000	44009914950861464.00000000	0.98244519	
61.00000000	359491230854888.25000000	44427895625688856.00000000	0.90597866	
62.00000000	323932634462215.25000000	44049814589812936.00000000	0.81636499	
63.00000000	299993617435694.69000000	44070549078411392.00000000	0.75603462	
64.00000000	276211097627457.59000000	43125103039588632.00000000	0.69609865	
65.00000000	247312709336513.44000000	43308951560435536.00000000	0.62326983	
66.00000000	218879510348465.53000000	43063468697676232.00000000	0.55161336	
67.00000000	196557066595765.78000000	43297639572733064.00000000	0.49535703	
68.00000000	177388502279170.75000000	42652042030159368.00000000	0.44704901	
69.00000000	159483501619409.50000000	42821330842421848.00000000	0.40192538