PROSOFT : ProSoft 7.4
CRUISE-ID : mc497
OPERATOR : gianluca
LATITUDE : Missing
LONGITUDE : Missing
ZONE : Missing
COMMENT : 6/8
STATION-ID : Missing
CAST : A
TIME-STAMP : Tue Aug 21 10:30:59 2001
MODE : PROVIEW
PRESSURE-TARE : 0.000000
TIMETAG : OFF
PROFILER : WET
REFERENCE : WET
PRO-DARK : OFF
REF-DARK : OFF
PRO-ID : PRO0029
REF-ID : REF0045
PROCESSING_LEVEL : 3a
FILE_CREATION_TIME : 17-Jul-2003 16:32:33
DEGLITCH_PRODAT : OFF
DEGLITCH_REFDAT : OFF
PRES_TARE_CORRECTED : 0.34594
BIN_INTERVAL : 1m
BIN_WIDTH : 0.5m
TIME_INTERVAL : 2sec
TIME_WIDTH : 1sec
WAVEL_INTERP : 0nm

Lu	Lu	Lu	Lu	Lu	Lu	Lu	Lu	Lu	Lu	Lu	Lu	Lu	Lu	Lu	Lu	Ed	Ed	Ed	Ed	Ed	Ed	Ed	Ed	Ed	Ed	Ed	Ed	Ed	Ed	Ed	Ed	Es	Es	Es	Es	Es	Es	Es	Es	Es	Es	Es	Es	Es	Es	Es	Ls	Ls	Ls	Ls	Ls	Ls	Ls	Ls	Ls	
#Datetag	Timetag2	Depth	399.8	412.2	442.0	470.1	490.4	509.8	531.7	554.5	590.2	619.0	665.6	683.3	700.4	Datetag	Timetag2	Depth	399.8	411.5	442.6	469.8	490.9	509.6	531.5	554.9	589.4	619.4	665.7	682.5	700.2	Datetag	Timetag2	399.5	412.3	442.7	470.3	490.4	510.4	531.9	554.9	590.6	620.5	664.6	683.3	700.2	Datetag	Timetag2	411.8	442.7	490.8	510.1	555.0	664.5	683.6	
    02001233	   103059210	    00000002	4.23234340e-001	5.29541510e-001	5.41054164e-001	5.82815839e-001	5.36415442e-001	3.42059893e-001	2.39602831e-001	1.60532055e-001	5.17249294e-002	1.53050040e-002	7.75836527e-003	9.73554317e-003	7.94937404e-003	    02001233	   103100811	    00000002	4.50114727e+001	5.29070085e+001	5.19274600e+001	5.77209517e+001	5.99587085e+001	5.48685196e+001	5.18403199e+001	4.90237934e+001	3.40773578e+001	2.40792122e+001	1.71339061e+001	1.41308770e+001	1.15486406e+001	    02001233	   103100811	4.57547467e+001	5.24754952e+001	5.83743181e+001	6.23760219e+001	6.17076395e+001	6.56761001e+001	6.32019248e+001	5.84230579e+001	5.12422648e+001	5.48589256e+001	5.31114710e+001	5.15324041e+001	4.50949289e+001	    02001233	   103100811	5.92991898e-001	6.02786248e-001	5.63917440e-001	3.92751270e-001	2.05022794e-001	2.40533424e-002	2.29244815e-002	
    02001233	   103100598	    00000003	4.09299971e-001	5.13530480e-001	5.27659439e-001	5.69886355e-001	5.24335865e-001	3.31790110e-001	2.29609045e-001	1.52288047e-001	4.68474907e-002	1.25786454e-002	6.21236574e-003	8.19907677e-003	6.91944225e-003	    02001233	   103102472	    00000003	4.23600344e+001	4.98443646e+001	4.93178504e+001	5.50790682e+001	5.75595711e+001	5.21362335e+001	4.88026296e+001	4.53700560e+001	2.86632920e+001	1.66638507e+001	1.01557435e+001	8.11639543e+000	5.59028561e+000	    02001233	   103102472	4.56287367e+001	5.23700021e+001	5.83029153e+001	6.23604552e+001	6.17029337e+001	6.56490018e+001	6.32582932e+001	5.84970456e+001	5.12800709e+001	5.49250359e+001	5.32856952e+001	5.16271293e+001	4.51953736e+001	    02001233	   103102472	5.50192425e-001	5.54659332e-001	5.33231601e-001	3.79649777e-001	2.00772538e-001	2.76394410e-002	2.58610536e-002	
    02001233	   103102242	    00000004	3.93032926e-001	4.96115723e-001	5.14454555e-001	5.56851256e-001	5.12820510e-001	3.20930670e-001	2.19304598e-001	1.43148758e-001	4.08577213e-002	9.57028143e-003	4.62089909e-003	6.44133797e-003	5.88244016e-003	    02001233	   103103923	    00000004	3.98594860e+001	4.73437848e+001	4.70009561e+001	5.27818589e+001	5.47872921e+001	4.89388015e+001	4.54673498e+001	4.17064198e+001	2.42133296e+001	1.21589487e+001	6.55918122e+000	5.15064330e+000	3.06964228e+000	    02001233	   103103923	4.75545505e+001	5.44906764e+001	6.06775475e+001	6.49929686e+001	6.42845648e+001	6.84166672e+001	6.61535913e+001	6.10589943e+001	5.35269610e+001	5.74886773e+001	5.53790941e+001	5.38259601e+001	4.70303258e+001	    02001233	   103103923	5.78021596e-001	5.90902906e-001	5.58574636e-001	3.89633374e-001	2.01402470e-001	1.98427340e-002	2.13804276e-002	
    02001233	   103103723	    00000005	3.57314678e-001	4.53724439e-001	4.75692557e-001	5.16674178e-001	4.76606672e-001	2.94107670e-001	1.97903806e-001	1.27030593e-001	3.42685831e-002	7.41030772e-003	3.52209615e-003	4.86800842e-003	4.91197752e-003	    02001233	   103105167	    00000005	3.73941969e+001	4.44178662e+001	4.47713313e+001	5.05793699e+001	5.28585885e+001	4.66122617e+001	4.28997736e+001	3.88012355e+001	2.06740719e+001	8.75235004e+000	4.11671138e+000	3.19603867e+000	1.65668487e+000	    02001233	   103105167	4.70495537e+001	5.38632251e+001	5.99346024e+001	6.41395567e+001	6.34310510e+001	6.76020508e+001	6.52667342e+001	6.02177124e+001	5.27795985e+001	5.66624864e+001	5.46193755e+001	5.31406347e+001	4.64348277e+001	    02001233	   103105167	5.91237588e-001	6.03197296e-001	5.71291175e-001	3.99330504e-001	2.07007914e-001	2.05867529e-002	2.20131095e-002	
    02001233	   103105005	    00000006	3.27783091e-001	4.18713393e-001	4.44369733e-001	4.85767242e-001	4.49125306e-001	2.73870076e-001	1.81359212e-001	1.14627691e-001	2.91337412e-002	5.86187867e-003	2.80098836e-003	3.86617494e-003	4.26469191e-003	    02001233	   103106363	    00000006	3.57178407e+001	4.26389491e+001	4.32745843e+001	4.90734963e+001	5.14322103e+001	4.47065585e+001	4.06272093e+001	3.60554560e+001	1.72982354e+001	5.89626432e+000	2.34037147e+000	1.82236128e+000	8.21823512e-001	    02001233	   103106363	4.65376572e+001	5.32763698e+001	5.92731582e+001	6.33846851e+001	6.27004123e+001	6.68672708e+001	6.44570124e+001	5.94602527e+001	5.21489936e+001	5.59415987e+001	5.39597784e+001	5.24965738e+001	4.58974340e+001	    02001233	   103106363	5.88616732e-001	5.96413575e-001	5.67142276e-001	3.97924546e-001	2.06699390e-001	2.16084666e-002	2.28912718e-002	
    02001233	   103106190	    00000007	3.09471980e-001	3.98270292e-001	4.28071205e-001	4.71562159e-001	4.37280308e-001	2.64659922e-001	1.73537194e-001	1.08384484e-001	2.60182213e-002	4.92169799e-003	2.43791107e-003	3.48966098e-003	3.99336614e-003	    02001233	   103107633	    00000007	3.34981547e+001	4.01329573e+001	4.10051303e+001	4.66422785e+001	4.88021574e+001	4.16141882e+001	3.73608386e+001	3.25812487e+001	1.42200401e+001	4.08937811e+000	1.41900206e+000	1.11536406e+000	4.58910632e-001	    02001233	   103107633	4.79621875e+001	5.51108225e+001	6.14884475e+001	6.59230477e+001	6.52743233e+001	6.95467125e+001	6.71019690e+001	6.20979728e+001	5.44744147e+001	5.83948728e+001	5.64686192e+001	5.48554154e+001	4.79674342e+001	    02001233	   103107633	5.86155055e-001	5.91795636e-001	5.63110796e-001	3.95129309e-001	2.05614979e-001	2.16067180e-002	2.28894892e-002	
    02001233	   103107438	    00000008	2.88806497e-001	3.74378934e-001	4.07494066e-001	4.52111449e-001	4.20694758e-001	2.52741415e-001	1.64378739e-001	1.01559888e-001	2.33204617e-002	4.28788387e-003	2.20988428e-003	3.26136685e-003	3.75648131e-003	    02001233	   103108912	    00000008	3.22190751e+001	3.87007150e+001	3.99204142e+001	4.55558861e+001	4.77455600e+001	4.01637203e+001	3.57494080e+001	3.07361458e+001	1.25004999e+001	3.12494124e+000	9.73648435e-001	7.85206852e-001	3.23567962e-001	    02001233	   103108912	4.71752714e+001	5.41744553e+001	6.04589561e+001	6.47302536e+001	6.41822666e+001	6.82954463e+001	6.58807908e+001	6.08044755e+001	5.34305641e+001	5.72415923e+001	5.52238145e+001	5.35909577e+001	4.68756754e+001	    02001233	   103108912	6.05392790e-001	6.20182189e-001	5.82291881e-001	4.05096130e-001	2.10237812e-001	1.95846404e-002	2.11989682e-002	
    02001233	   103108731	    00000009	2.62060264e-001	3.41829944e-001	3.76806839e-001	4.21391485e-001	3.93669983e-001	2.34865832e-001	1.51401183e-001	9.27128979e-002	2.06793623e-002	3.77415810e-003	2.00119498e-003	3.00381977e-003	3.44949437e-003	    02001233	   103110147	    00000009	3.01197904e+001	3.63139641e+001	3.76295405e+001	4.29515486e+001	4.49736583e+001	3.73164488e+001	3.28919950e+001	2.78954671e+001	1.05535149e+001	2.30058359e+000	6.44082004e-001	5.43821810e-001	2.26939143e-001	    02001233	   103110147	4.57617256e+001	5.24533611e+001	5.84113594e+001	6.24932124e+001	6.18548256e+001	6.59483083e+001	6.35887796e+001	5.87111802e+001	5.14930705e+001	5.51919801e+001	5.34837372e+001	5.19352430e+001	4.54342736e+001	    02001233	   103110147	6.10113442e-001	6.25624089e-001	5.86387814e-001	4.09136493e-001	2.12424702e-001	2.20241793e-002	2.26741136e-002	
    02001233	   103109961	    00000010	2.38023062e-001	3.12792073e-001	3.50314684e-001	3.95694634e-001	3.71514523e-001	2.20421709e-001	1.40912957e-001	8.55616625e-002	1.85333481e-002	3.37470347e-003	1.84626971e-003	2.82162232e-003	3.20763769e-003	    02001233	   103111384	    00000010	2.87186842e+001	3.48461972e+001	3.64026135e+001	4.17228053e+001	4.36132035e+001	3.54587936e+001	3.08436009e+001	2.56711455e+001	8.76138263e+000	1.58628030e+000	3.78706535e-001	3.56310034e-001	1.60626995e-001	    02001233	   103111384	4.40407309e+001	5.03437338e+001	5.59263520e+001	5.96847509e+001	5.90454832e+001	6.29743392e+001	6.06613514e+001	5.58855405e+001	4.89988954e+001	5.25395222e+001	5.09423042e+001	4.93888189e+001	4.32453831e+001	    02001233	   103111384	6.06251689e-001	6.34623154e-001	5.93198604e-001	4.12154630e-001	2.13951925e-001	2.07490506e-002	2.22092189e-002	
    02001233	   103111231	    00000011	2.19704985e-001	2.91240432e-001	3.31627666e-001	3.78692771e-001	3.57131601e-001	2.10528080e-001	1.33339401e-001	8.01225825e-002	1.66879855e-002	3.05718351e-003	1.73905418e-003	2.70843358e-003	3.04683102e-003	    02001233	   103112645	    00000011	2.74708863e+001	3.34636065e+001	3.53023593e+001	4.05937683e+001	4.25190065e+001	3.39246153e+001	2.91064233e+001	2.37288104e+001	7.28482654e+000	1.07353565e+000	2.19001077e-001	2.38721223e-001	1.25084916e-001	    02001233	   103112645	4.63098538e+001	5.31752452e+001	5.93169262e+001	6.35264678e+001	6.29369639e+001	6.70586566e+001	6.46677429e+001	5.97474885e+001	5.24651591e+001	5.62128149e+001	5.44745125e+001	5.28603304e+001	4.62412762e+001	    02001233	   103112645	5.94753803e-001	6.18037269e-001	5.80289057e-001	4.04211527e-001	2.10087812e-001	2.10849271e-002	2.23627877e-002	
    02001233	   103112477	    00000012	2.02830074e-001	2.71131452e-001	3.13706451e-001	3.61443611e-001	3.42491646e-001	2.00578871e-001	1.26055845e-001	7.50143881e-002	1.51635588e-002	2.83001326e-003	1.67500609e-003	2.66844621e-003	2.91978548e-003	    02001233	   103113986	    00000012	2.57920621e+001	3.16158283e+001	3.36270746e+001	3.88031084e+001	4.05720267e+001	3.19014549e+001	2.71253446e+001	2.18203110e+001	6.23047640e+000	8.07635969e-001	1.48431606e-001	1.86585185e-001	1.08023121e-001	    02001233	   103113986	4.73886280e+001	5.44523762e+001	6.07767918e+001	6.51554414e+001	6.45442747e+001	6.87529028e+001	6.63520415e+001	6.13606547e+001	5.38885491e+001	5.77345730e+001	5.59392655e+001	5.43064383e+001	4.74858909e+001	    02001233	   103113986	5.88813362e-001	5.97447520e-001	5.70300252e-001	4.00339825e-001	2.08003378e-001	2.18492632e-002	2.30509260e-002	
    02001233	   103113835	    00000013	1.82934469e-001	2.46642552e-001	2.90294448e-001	3.38260809e-001	3.22064180e-001	1.87267345e-001	1.16532610e-001	6.86783436e-002	1.35324242e-002	2.58110202e-003	1.57952448e-003	2.54966190e-003	2.73052446e-003	    02001233	   103115216	    00000013	2.40115612e+001	2.95419074e+001	3.17311110e+001	3.67602195e+001	3.85172585e+001	2.98683818e+001	2.51471994e+001	1.99618558e+001	5.31695287e+000	6.10299739e-001	1.02636243e-001	1.51694497e-001	9.59161224e-002	    02001233	   103115216	4.58651854e+001	5.25505138e+001	5.85392085e+001	6.25984546e+001	6.20088250e+001	6.60844567e+001	6.36933245e+001	5.87100529e+001	5.15961172e+001	5.52769776e+001	5.34359800e+001	5.19143719e+001	4.53952413e+001	    02001233	   103115216	5.91951016e-001	6.14547607e-001	5.87007136e-001	4.10686855e-001	2.12638783e-001	2.01766202e-002	2.19557830e-002	
    02001233	   103115024	    00000014	1.65118328e-001	2.24688654e-001	2.69495200e-001	3.17669076e-001	3.04170559e-001	1.75749685e-001	1.08457032e-001	6.33244954e-002	1.21917208e-002	2.37632235e-003	1.48843521e-003	2.40993138e-003	2.55233739e-003	    02001233	   103116563	    00000014	2.26350345e+001	2.80140779e+001	3.03782010e+001	3.53153362e+001	3.69519532e+001	2.81662200e+001	2.34390484e+001	1.82337242e+001	4.40783459e+000	4.46890999e-001	6.27679049e-002	1.22302926e-001	8.67506076e-002	    02001233	   103116563	4.55854092e+001	5.22441642e+001	5.81610225e+001	6.22036940e+001	6.15708455e+001	6.56566952e+001	6.32496664e+001	5.83927350e+001	5.12551468e+001	5.49138958e+001	5.32074321e+001	5.16751842e+001	4.51927708e+001	    02001233	   103116563	5.95725068e-001	6.11498886e-001	5.84645914e-001	4.10949190e-001	2.13381607e-001	2.20658295e-002	2.35750411e-002	
    02001233	   103116363	    00000015	1.50735239e-001	2.06646024e-001	2.51481366e-001	2.99144939e-001	2.87674856e-001	1.65003866e-001	1.00739394e-001	5.81767654e-002	1.09072061e-002	2.18403870e-003	1.36844357e-003	2.20013859e-003	2.35359791e-003	    02001233	   103117983	    00000015	2.09055380e+001	2.61114828e+001	2.88179952e+001	3.38127613e+001	3.54607652e+001	2.66141059e+001	2.19134824e+001	1.67491233e+001	3.68486586e+000	3.19382969e-001	4.01842696e-002	1.03884423e-001	8.01905801e-002	    02001233	   103117983	4.73536974e+001	5.45221227e+001	6.09115547e+001	6.53267318e+001	6.47566698e+001	6.89247326e+001	6.64295118e+001	6.15392327e+001	5.40663037e+001	5.78604336e+001	5.60933691e+001	5.44210374e+001	4.75757110e+001	    02001233	   103117983	5.98294141e-001	6.20359112e-001	5.83293377e-001	4.06414144e-001	2.11337634e-001	2.19774862e-002	2.29436414e-002	
    02001233	   103117782	    00000016	1.37657164e-001	1.90127336e-001	2.34856587e-001	2.81929588e-001	2.72476387e-001	1.55139830e-001	9.37356870e-002	5.35064663e-002	9.74741788e-003	2.00062800e-003	1.26813062e-003	2.07522605e-003	2.19473431e-003	    02001233	   103120008	    00000016	1.88594760e+001	2.36842653e+001	2.65246647e+001	3.13382693e+001	3.28919698e+001	2.43451572e+001	1.98529761e+001	1.49195371e+001	3.04718656e+000	2.32765229e-001	2.79894223e-002	8.95514511e-002	7.24119497e-002	    02001233	   103120008	4.54500765e+001	5.20997885e+001	5.79931266e+001	6.20087861e+001	6.13956548e+001	6.54175693e+001	6.30066630e+001	5.81504843e+001	5.10681030e+001	5.46915866e+001	5.29794123e+001	5.14156077e+001	4.49693910e+001	    02001233	   103120008	5.89890129e-001	6.12749528e-001	5.80075031e-001	4.05599062e-001	2.10698151e-001	2.13286322e-002	2.26325193e-002	
    02001233	   103119589	    00000017	1.24518058e-001	1.73318217e-001	2.17365035e-001	2.63924665e-001	2.56289270e-001	1.44773258e-001	8.65227892e-002	4.88465239e-002	8.68807756e-003	1.82382694e-003	1.16640483e-003	1.95551546e-003	2.03516536e-003	    02001233	   103123574	    00000017	1.74039333e+001	2.20044085e+001	2.50115319e+001	2.97774642e+001	3.12970941e+001	2.28389195e+001	1.84171416e+001	1.36041014e+001	2.55395521e+000	1.69628509e-001	1.96764938e-002	7.98708705e-002	6.73512140e-002	    02001233	   103123574	4.61044464e+001	5.29104308e+001	5.89261113e+001	6.30641079e+001	6.24484154e+001	6.65127410e+001	6.40744613e+001	5.92065347e+001	5.19916456e+001	5.56739489e+001	5.39168026e+001	5.23348929e+001	4.57431655e+001	    02001233	   103123574	5.89637864e-001	6.06739601e-001	5.76666828e-001	4.04445964e-001	2.10244045e-001	2.17064825e-002	2.30113676e-002	
    02001233	   103123118	    00000018	1.12119498e-001	1.57428611e-001	2.00805309e-001	2.46806080e-001	2.41066940e-001	1.35350739e-001	8.01876572e-002	4.48642767e-002	7.83136127e-003	1.69123280e-003	1.10199373e-003	1.90987956e-003	1.91710537e-003	    02001233	   103125334	    00000018	1.60027843e+001	2.03591541e+001	2.34359604e+001	2.80688505e+001	2.95017053e+001	2.11956055e+001	1.68923873e+001	1.22564984e+001	2.12046980e+000	1.26272321e-001	1.46320383e-002	7.20039873e-002	6.22950017e-002	    02001233	   103125334	4.51711566e+001	5.17284660e+001	5.75117578e+001	6.14626492e+001	6.08301510e+001	6.48309497e+001	6.24340730e+001	5.75801543e+001	5.05516346e+001	5.41571616e+001	5.24089431e+001	5.08980250e+001	4.44836199e+001	    02001233	   103125334	5.81965287e-001	6.07820265e-001	5.79938862e-001	4.06209326e-001	2.10402497e-001	1.96219086e-002	2.16150360e-002	
    02001233	   103125092	    00000019	1.00500718e-001	1.42439370e-001	1.85348989e-001	2.30760269e-001	2.27000206e-001	1.26593115e-001	7.43224746e-002	4.11449722e-002	7.04198295e-003	1.56017912e-003	1.01716447e-003	1.77696073e-003	1.77063208e-003	    02001233	   103126801	    00000019	1.50238881e+001	1.92498768e+001	2.25191360e+001	2.71947217e+001	2.86560704e+001	2.02939526e+001	1.59945366e+001	1.14207694e+001	1.81526749e+000	9.60154024e-002	1.15862574e-002	6.75490611e-002	5.96413229e-002	    02001233	   103126801	4.62382515e+001	5.30878397e+001	5.91342044e+001	6.33117295e+001	6.26905849e+001	6.67760754e+001	6.43237630e+001	5.94724081e+001	5.22205735e+001	5.59174523e+001	5.41794111e+001	5.25912806e+001	4.59574227e+001	    02001233	   103126801	5.74294097e-001	5.86228626e-001	5.63696872e-001	3.96246502e-001	2.05918682e-001	2.03874035e-002	2.21400576e-002	
    02001233	   103126615	    00000020	9.09182141e-002	1.29970798e-001	1.72251061e-001	2.17105256e-001	2.14988234e-001	1.19361446e-001	6.95938155e-002	3.82495395e-002	6.46533104e-003	1.47154651e-003	9.57101339e-004	1.66398204e-003	1.64377803e-003	    02001233	   103128152	    00000020	1.38257479e+001	1.78053822e+001	2.10737041e+001	2.55785920e+001	2.69586019e+001	1.88175179e+001	1.46764335e+001	1.03090445e+001	1.52664923e+000	7.48803186e-002	9.64756104e-003	6.21089757e-002	5.54075443e-002	    02001233	   103128152	4.65146967e+001	5.33938519e+001	5.94794671e+001	6.36778380e+001	6.30659699e+001	6.71688454e+001	6.47068564e+001	5.97920732e+001	5.25293722e+001	5.62433037e+001	5.44271686e+001	5.28452390e+001	4.61793357e+001	    02001233	   103128152	5.80286176e-001	5.94947027e-001	5.69447835e-001	4.00450788e-001	2.08562575e-001	2.13322525e-002	2.28257079e-002	
    02001233	   103127976	    00000021	8.15955261e-002	1.17632116e-001	1.59044156e-001	2.03225148e-001	2.02749467e-001	1.12005785e-001	6.47758431e-002	3.52937235e-002	5.87964274e-003	1.36496990e-003	8.96762365e-004	1.57644555e-003	1.52598548e-003	    02001233	   103132690	    00000021	1.29857348e+001	1.67959414e+001	2.01404123e+001	2.45960270e+001	2.59559539e+001	1.78845423e+001	1.38238977e+001	9.56825366e+000	1.32725728e+000	6.12839820e-002	8.50624886e-003	5.83658894e-002	5.26994894e-002	    02001233	   103132690	4.60159226e+001	5.27856280e+001	5.87661128e+001	6.28836450e+001	6.22689109e+001	6.63534353e+001	6.38917263e+001	5.90155313e+001	5.18438982e+001	5.55088275e+001	5.37351560e+001	5.21867641e+001	4.56032939e+001	    02001233	   103132690	5.87629217e-001	6.11382015e-001	5.81813937e-001	4.07672908e-001	2.12319684e-001	2.00718077e-002	2.18942955e-002	
    02001233	   103131646	    00000022	7.47191408e-002	1.08567724e-001	1.49483964e-001	1.93662487e-001	1.94544537e-001	1.07198738e-001	6.16163268e-002	3.34133360e-002	5.50413225e-003	1.29732065e-003	8.73660339e-004	1.57427120e-003	1.45730045e-003	    02001233	   103134930	    00000022	1.19889347e+001	1.56175087e+001	1.90320394e+001	2.34251351e+001	2.47527048e+001	1.68098785e+001	1.28522898e+001	8.75237532e+000	1.12695482e+000	4.98437053e-002	7.52142560e-003	5.43851447e-002	4.96245902e-002	    02001233	   103134930	4.68663760e+001	5.38200259e+001	5.99860951e+001	6.42671582e+001	6.36649039e+001	6.78424391e+001	6.53625665e+001	6.04234872e+001	5.30935034e+001	5.68520803e+001	5.50054014e+001	5.34464440e+001	4.66848506e+001	    02001233	   103134930	5.87020408e-001	6.08617350e-001	5.81852980e-001	4.08280375e-001	2.12243223e-001	2.02220412e-002	2.20430150e-002	
    02001233	   103134669	    00000023	6.71440663e-002	9.84340683e-002	1.38425713e-001	1.82004751e-001	1.84393281e-001	1.01257178e-001	5.78842051e-002	3.11848754e-002	5.08150599e-003	1.21797735e-003	8.63918858e-004	1.65034577e-003	1.40404374e-003	    02001233	   103136834	    00000023	1.10967973e+001	1.45651188e+001	1.80335487e+001	2.23648244e+001	2.36603363e+001	1.58289197e+001	1.19556483e+001	8.00195043e+000	9.29100589e-001	4.04249135e-002	6.68651121e-003	5.08172409e-002	4.68322952e-002	    02001233	   103136834	4.70415697e+001	5.40506964e+001	6.02613560e+001	6.45901358e+001	6.39876959e+001	6.81796334e+001	6.56999758e+001	6.07765399e+001	5.33935087e+001	5.71745816e+001	5.53553281e+001	5.37535160e+001	4.69658207e+001	    02001233	   103136834	5.80850080e-001	5.94625772e-001	5.67892897e-001	3.98908438e-001	2.08275796e-001	2.11861886e-002	2.27347451e-002	
    02001233	   103136559	    00000024	6.04678010e-002	8.94301819e-002	1.28490424e-001	1.71459718e-001	1.75198648e-001	9.60061785e-002	5.46333179e-002	2.92869335e-002	4.72686053e-003	1.15155271e-003	8.88771012e-004	1.84537340e-003	1.40600070e-003	    02001233	   103138395	    00000024	1.02690832e+001	1.35715090e+001	1.70838375e+001	2.13571733e+001	2.26374058e+001	1.49351604e+001	1.11689285e+001	7.36163349e+000	7.97723905e-001	3.45027253e-002	6.09792330e-003	4.76171176e-002	4.42490757e-002	    02001233	   103138395	4.57290167e+001	5.23760588e+001	5.82633995e+001	6.22940276e+001	6.16939456e+001	6.57739312e+001	6.33208449e+001	5.83748145e+001	5.13162053e+001	5.49587384e+001	5.30886157e+001	5.16093667e+001	4.50860388e+001	    02001233	   103138395	5.87522278e-001	6.26090048e-001	5.89653248e-001	4.10045997e-001	2.12437305e-001	1.84585833e-002	2.07054688e-002	
    02001233	   103138195	    00000025	5.39555466e-002	8.05875994e-002	1.18610353e-001	1.60943363e-001	1.65980738e-001	9.07977166e-002	5.14666838e-002	2.74831544e-002	4.39073776e-003	1.08585415e-003	9.42505808e-004	2.14823664e-003	1.45116490e-003	    02001233	   103139641	    00000025	9.45549095e+000	1.25755202e+001	1.60231471e+001	2.01491087e+001	2.13725667e+001	1.39117717e+001	1.02802151e+001	6.67416814e+000	6.77303582e-001	2.96846621e-002	5.61894563e-003	4.43728095e-002	4.14048218e-002	    02001233	   103139641	4.36972523e+001	4.99176383e+001	5.53682723e+001	5.90642949e+001	5.84236708e+001	6.23512633e+001	5.99574404e+001	5.51865084e+001	4.84573290e+001	5.19181680e+001	5.02517080e+001	4.87892864e+001	4.26691039e+001	    02001233	   103139641	5.80094603e-001	6.18578901e-001	5.85527748e-001	4.06460562e-001	2.10248723e-001	1.89482327e-002	2.11495168e-002	
    02001233	   103139478	    00000026	4.83028592e-002	7.28888788e-002	1.09956086e-001	1.51623792e-001	1.57763057e-001	8.60551000e-002	4.85864387e-002	2.58081053e-002	4.08166467e-003	1.02173314e-003	9.51564446e-004	2.27543743e-003	1.44354385e-003	    02001233	   103140836	    00000026	8.71181529e+000	1.16689765e+001	1.51070269e+001	1.91709903e+001	2.03848017e+001	1.31115230e+001	9.60081434e+000	6.14506930e+000	5.82374827e-001	2.59121340e-002	5.61721492e-003	4.26189531e-002	3.94016365e-002	    02001233	   103140836	4.66194719e+001	5.36154762e+001	5.97797862e+001	6.40580326e+001	6.34741149e+001	6.76046623e+001	6.50518552e+001	6.02270256e+001	5.29442089e+001	5.66419707e+001	5.48620757e+001	5.32441746e+001	4.65309576e+001	    02001233	   103140836	6.05081880e-001	6.20079588e-001	5.83989070e-001	4.09236921e-001	2.14014969e-001	2.29271293e-002	2.37225702e-002	
    02001233	   103140695	    00000027	4.30036986e-002	6.55121494e-002	1.01083740e-001	1.41467910e-001	1.48242938e-001	8.03557854e-002	4.50071132e-002	2.37139747e-002	3.72038733e-003	9.41477294e-004	8.79740669e-004	2.10044864e-003	1.33250712e-003	    02001233	   103142021	    00000027	7.89046064e+000	1.06374800e+001	1.40051156e+001	1.79559881e+001	1.91583962e+001	1.21864723e+001	8.84544622e+000	5.57272981e+000	4.92390073e-001	2.26718164e-002	5.89061752e-003	4.11520263e-002	3.71405292e-002	    02001233	   103142021	4.67557659e+001	5.37726116e+001	5.99467329e+001	6.42695850e+001	6.36624763e+001	6.77999526e+001	6.52947490e+001	6.04854483e+001	5.31265295e+001	5.68520132e+001	5.51385164e+001	5.35085104e+001	4.67463502e+001	    02001233	   103142021	5.85714959e-001	6.08401785e-001	5.77378646e-001	4.03348384e-001	2.09766704e-001	1.93083054e-002	2.13396678e-002	
    02001233	   103141834	    00000028	3.84748104e-002	5.91551371e-002	9.33162533e-002	1.32491512e-001	1.39795736e-001	7.53852614e-002	4.18764990e-002	2.19103329e-002	3.41079316e-003	8.71784193e-004	8.29508715e-004	2.00035624e-003	1.25211875e-003	    02001233	   103143178	    00000028	7.17040166e+000	9.73684941e+000	1.30687262e+001	1.69605956e+001	1.81833244e+001	1.14572885e+001	8.25158964e+000	5.13206063e+000	4.25826820e-001	2.03647359e-002	5.87816897e-003	3.92963192e-002	3.50972993e-002	    02001233	   103143178	4.51342425e+001	5.16619879e+001	5.74027425e+001	6.13190260e+001	6.07060749e+001	6.47209914e+001	6.22563775e+001	5.73739823e+001	5.04366026e+001	5.40102258e+001	5.21760119e+001	5.06983848e+001	4.42997360e+001	    02001233	   103143178	5.71594247e-001	6.08758828e-001	5.75430509e-001	4.00293259e-001	2.07070071e-001	1.87216921e-002	2.09343373e-002	
    02001233	   103143006	    00000029	3.45945450e-002	5.37373850e-002	8.67654771e-002	1.25010759e-001	1.32895259e-001	7.13369713e-002	3.93937553e-002	2.04854911e-002	3.16417772e-003	8.17079798e-004	8.03668978e-004	1.99648158e-003	1.21437404e-003	    02001233	   103144312	    00000029	6.47963231e+000	8.85842525e+000	1.21079208e+001	1.58845990e+001	1.70902964e+001	1.06561280e+001	7.61280871e+000	4.67151952e+000	3.64956215e-001	1.82837650e-002	5.60562654e-003	3.66355106e-002	3.27178011e-002	    02001233	   103144312	4.50015642e+001	5.15553015e+001	5.72898778e+001	6.12185499e+001	6.05903117e+001	6.46005818e+001	6.20884242e+001	5.72982368e+001	5.03631119e+001	5.38955638e+001	5.21482413e+001	5.06668490e+001	4.42674975e+001	    02001233	   103144312	5.82442292e-001	6.00136800e-001	5.76092035e-001	4.05910325e-001	2.12073935e-001	2.09490112e-002	2.28025398e-002	
    02001233	   103144141	    00000030	3.08167726e-002	4.83294237e-002	7.98372697e-002	1.16644895e-001	1.24776117e-001	6.64675231e-002	3.63465245e-002	1.87331207e-002	2.88682305e-003	7.50607035e-004	7.20122886e-004	1.76749214e-003	1.09538709e-003	    02001233	   103145450	    00000030	5.79849776e+000	7.97945363e+000	1.10933564e+001	1.47124138e+001	1.58903626e+001	9.81032220e+000	6.94897426e+000	4.20553194e+000	3.09086952e-001	1.63610496e-002	5.52848922e-003	3.44560668e-002	3.03914718e-002	    02001233	   103145450	4.54928028e+001	5.21931029e+001	5.80541675e+001	6.21052354e+001	6.14799612e+001	6.55282480e+001	6.30136817e+001	5.82400399e+001	5.11736295e+001	5.47663751e+001	5.30417231e+001	5.15099019e+001	4.50004460e+001	    02001233	   103145450	5.79225757e-001	5.95637928e-001	5.72188810e-001	4.03157612e-001	2.10927035e-001	2.07367610e-002	2.26539376e-002	
    02001233	   103145285	    00000031	2.74148118e-002	4.34172577e-002	7.33790235e-002	1.08741896e-001	1.17024124e-001	6.18510974e-002	3.34743276e-002	1.71094124e-002	2.62856777e-003	6.91514683e-004	6.47830263e-004	1.57177118e-003	9.90283277e-004	    02001233	   103146574	    00000031	5.21250167e+000	7.22327076e+000	1.02572886e+001	1.37884726e+001	1.49815534e+001	9.16296523e+000	6.44582283e+000	3.84920915e+000	2.65522087e-001	1.48643614e-002	5.36564641e-003	3.24688370e-002	2.84641544e-002	    02001233	   103146574	4.60763240e+001	5.29088876e+001	5.88851755e+001	6.30479137e+001	6.24243135e+001	6.65036247e+001	6.39941468e+001	5.91985449e+001	5.20075757e+001	5.56600088e+001	5.39281151e+001	5.23480045e+001	4.57329468e+001	    02001233	   103146574	5.71653363e-001	5.97540132e-001	5.69923009e-001	3.99107435e-001	2.08052657e-001	1.96808391e-002	2.18261750e-002	
    02001233	   103146418	    00000032	2.44198907e-002	3.90710448e-002	6.75691865e-002	1.01605210e-001	1.10032884e-001	5.77440761e-002	3.09392612e-002	1.56890697e-002	2.41184656e-003	6.44328328e-004	6.01512471e-004	1.46494070e-003	9.21078188e-004	    02001233	   103147742	    00000032	4.70855690e+000	6.57757860e+000	9.54191298e+000	1.29958518e+001	1.41968305e+001	8.60039495e+000	6.00596976e+000	3.54166079e+000	2.29982350e-001	1.36617652e-002	5.02476792e-003	3.02493838e-002	2.66787114e-002	    02001233	   103147742	4.60015655e+001	5.27488855e+001	5.86652673e+001	6.27549955e+001	6.21430762e+001	6.62035787e+001	6.37071904e+001	5.88215362e+001	5.16998506e+001	5.53499020e+001	5.34896323e+001	5.19492694e+001	4.53780864e+001	    02001233	   103147742	5.68311818e-001	5.94610878e-001	5.66594288e-001	3.95650972e-001	2.04894429e-001	1.89008229e-002	2.08723688e-002	
    02001233	   103147563	    00000033	2.17774533e-002	3.52008021e-002	6.22747108e-002	9.49612077e-002	1.03463977e-001	5.38637602e-002	2.85544147e-002	1.43626255e-002	2.22067147e-003	6.00101898e-004	5.55886698e-004	1.34686786e-003	8.49202141e-004	    02001233	   103148901	    00000033	4.19931067e+000	5.90688592e+000	8.73412504e+000	1.20306113e+001	1.31986788e+001	7.91726204e+000	5.48264270e+000	3.18960331e+000	1.95580561e-001	1.24108907e-002	4.68128950e-003	2.78754327e-002	2.46039376e-002	    02001233	   103148901	4.54865490e+001	5.21401143e+001	5.79471593e+001	6.19554479e+001	6.13274654e+001	6.53632269e+001	6.28430766e+001	5.80226840e+001	5.09914901e+001	5.45752565e+001	5.27731476e+001	5.12580048e+001	4.47826290e+001	    02001233	   103148901	5.87908142e-001	6.09156228e-001	5.80481036e-001	4.08422850e-001	2.14684019e-001	2.12878365e-002	2.33266154e-002	
    02001233	   103148651	    00000034	1.93903151e-002	3.16291561e-002	5.71799373e-002	8.83889211e-002	9.68793354e-002	5.00088496e-002	2.62097540e-002	1.30682671e-002	2.03767249e-003	5.56644041e-004	5.10590778e-004	1.24185697e-003	7.81304465e-004	    02001233	   103149977	    00000034	3.75326045e+000	5.31868098e+000	8.03024824e+000	1.12004311e+001	1.23444257e+001	7.33643345e+000	5.04623605e+000	2.89889991e+000	1.68479346e-001	1.13790390e-002	4.37364634e-003	2.57606974e-002	2.28302078e-002	    02001233	   103149977	4.59005289e+001	5.26954132e+001	5.86180023e+001	6.27298904e+001	6.21111313e+001	6.61646326e+001	6.36107516e+001	5.88293539e+001	5.16917585e+001	5.53106855e+001	5.35144380e+001	5.19585500e+001	4.53768570e+001	    02001233	   103149977	5.73412022e-001	5.90756456e-001	5.64587629e-001	3.95075260e-001	2.04915931e-001	1.91432541e-002	2.09312278e-002	
    02001233	   103149858	    00000035	1.71858018e-002	2.82902585e-002	5.22283229e-002	8.18832928e-002	9.02505926e-002	4.61491879e-002	2.38592508e-002	1.17820658e-002	1.85108289e-003	5.11254442e-004	4.64732143e-004	1.12421085e-003	7.13878679e-004	    02001233	   103151128	    00000035	3.35936149e+000	4.79711376e+000	7.40014932e+000	1.04544630e+001	1.15829168e+001	6.82069811e+000	4.65603938e+000	2.63994015e+000	1.45412038e-001	1.04988188e-002	4.11602362e-003	2.38994356e-002	2.12629332e-002	    02001233	   103151128	4.08158791e+001	4.64977601e+001	5.13577201e+001	5.46050921e+001	5.39711949e+001	5.75608986e+001	5.52611058e+001	5.07179156e+001	4.44922842e+001	4.77025757e+001	4.62438024e+001	4.46514538e+001	3.91270879e+001	    02001233	   103151128	6.02900910e-001	6.32573099e-001	5.93472327e-001	4.10201140e-001	2.12456914e-001	1.83582887e-002	2.09571661e-002	
    02001233	   103150964	    00000036	1.53647088e-002	2.55342527e-002	4.81825174e-002	7.66107527e-002	8.49305737e-002	4.30625283e-002	2.19814467e-002	1.07578631e-002	1.70890525e-003	4.76843806e-004	4.20143298e-004	1.01105489e-003	6.54064488e-004	    02001233	   103152241	    00000036	3.02089534e+000	4.35258675e+000	6.87852072e+000	9.85989598e+000	1.09926339e+001	6.41565391e+000	4.35085139e+000	2.43955749e+000	1.27312896e-001	9.78548482e-003	3.90157880e-003	2.24625267e-002	2.00137879e-002	    02001233	   103152241	4.52363108e+001	5.18627623e+001	5.76128345e+001	6.16281436e+001	6.09759866e+001	6.49636187e+001	6.25303398e+001	5.77779516e+001	5.07057886e+001	5.43062722e+001	5.26118197e+001	5.10435746e+001	4.45899455e+001	    02001233	   103152241	5.67153158e-001	5.77481967e-001	5.52651153e-001	3.87154453e-001	2.00712264e-001	2.00477168e-002	2.17562823e-002	
    02001233	   103152085	    00000037	1.37825795e-002	2.31262698e-002	4.45919709e-002	7.18854359e-002	8.01393886e-002	4.02954281e-002	2.03133460e-002	9.84780872e-003	1.58139953e-003	4.47046669e-004	3.80830207e-004	9.02561770e-004	5.99637451e-004	    02001233	   103153435	    00000037	2.68359144e+000	3.89511088e+000	6.27581381e+000	9.09627159e+000	1.01807968e+001	5.88020746e+000	3.95070535e+000	2.18320997e+000	1.07938406e-001	8.95777108e-003	3.63073309e-003	2.06262443e-002	1.84094035e-002	    02001233	   103153435	4.57275583e+001	5.24874696e+001	5.83483797e+001	6.24527603e+001	6.18058126e+001	6.58271056e+001	6.33400065e+001	5.86006537e+001	5.14347818e+001	5.50634836e+001	5.33516787e+001	5.17569344e+001	4.52031475e+001	    02001233	   103153435	5.89637905e-001	6.07677241e-001	5.77756167e-001	4.05901510e-001	2.12373941e-001	2.02432270e-002	2.22991606e-002	
    02001233	   103153273	    00000038	1.22998755e-002	2.08306539e-002	4.10297690e-002	6.70639183e-002	7.51791087e-002	3.74480249e-002	1.86198542e-002	8.92669021e-003	1.44421994e-003	4.11441771e-004	3.35927024e-004	7.76877660e-004	5.36825775e-004	    02001233	   103154713	    00000038	2.40457039e+000	3.51452041e+000	5.78244892e+000	8.48069431e+000	9.53354545e+000	5.45129137e+000	3.63358450e+000	1.98031590e+000	9.29253063e-002	8.28728758e-003	3.39046217e-003	1.90876351e-002	1.71124052e-002	    02001233	   103154713	4.51903720e+001	5.17961169e+001	5.75305731e+001	6.15001833e+001	6.08708005e+001	6.48475499e+001	6.23653546e+001	5.75714982e+001	5.05697447e+001	5.41449118e+001	5.23455023e+001	5.08125885e+001	4.43737289e+001	    02001233	   103154713	5.79740521e-001	6.06480476e-001	5.73410405e-001	3.99533708e-001	2.06957612e-001	1.85147878e-002	2.06411666e-002	
    02001233	   103154521	    00000039	1.09989258e-002	1.88019848e-002	3.78338093e-002	6.27402389e-002	7.07105775e-002	3.49146519e-002	1.71090320e-002	8.11320722e-003	1.33201511e-003	3.80745296e-004	2.91343425e-004	6.51742292e-004	4.77247699e-004	    02001233	   103156340	    00000039	2.19464876e+000	3.23039810e+000	5.42080265e+000	8.04442565e+000	9.07849364e+000	5.14838175e+000	3.41137180e+000	1.83688907e+000	8.24238554e-002	7.80482569e-003	3.18650991e-003	1.79550374e-002	1.61796214e-002	    02001233	   103156340	4.44898865e+001	5.09511678e+001	5.65269698e+001	6.03675012e+001	5.97282350e+001	6.36179585e+001	6.11451329e+001	5.63994610e+001	4.95360061e+001	5.30271935e+001	5.12693496e+001	4.97254025e+001	4.34439195e+001	    02001233	   103156340	5.77189817e-001	5.96733938e-001	5.64812313e-001	3.94745024e-001	2.05460804e-001	2.00405300e-002	2.17622917e-002	
    02001233	   103155994	    00000040	9.98379444e-003	1.72144423e-002	3.53198950e-002	5.93585548e-002	6.72171405e-002	3.29457761e-002	1.59431284e-002	7.49397567e-003	1.24198949e-003	3.58836563e-004	2.50864619e-004	5.24927557e-004	4.20955695e-004	    02001233	   103200707	    00000040	1.95397566e+000	2.89509974e+000	4.94290439e+000	7.41418129e+000	8.39782969e+000	4.72087485e+000	3.10088576e+000	1.64974145e+000	7.08540482e-002	7.18101509e-003	2.92884996e-003	1.64714262e-002	1.49513585e-002	    02001233	   103200707	4.55710859e+001	5.22278608e+001	5.79732742e+001	6.19857748e+001	6.13322543e+001	6.52915555e+001	6.28439471e+001	5.80210458e+001	5.09229749e+001	5.45597931e+001	5.26814003e+001	5.11122165e+001	4.46233245e+001	    02001233	   103200707	5.75844146e-001	5.93473274e-001	5.61492917e-001	3.92362887e-001	2.03422211e-001	1.93949849e-002	2.12521968e-002	
    02001233	   103200176	    00000041	8.94033655e-003	1.55542053e-002	3.25668414e-002	5.55350668e-002	6.32147360e-002	3.07696600e-002	1.47223273e-002	6.85222700e-003	1.14337766e-003	3.32175677e-004	2.19182935e-004	4.35910930e-004	3.73586719e-004	    02001233	   103202513	    00000041	1.73549896e+000	2.59404703e+000	4.52516671e+000	6.87525807e+000	7.82043655e+000	4.34664363e+000	2.82574761e+000	1.48053210e+000	6.03228910e-002	6.62814881e-003	2.60916200e-003	1.49517766e-002	1.37578641e-002	    02001233	   103202513	4.52760147e+001	5.18716709e+001	5.75389345e+001	6.14862077e+001	6.08212357e+001	6.47812086e+001	6.22754273e+001	5.74967216e+001	5.04598130e+001	5.40453551e+001	5.21640017e+001	5.06388434e+001	4.42004504e+001	    02001233	   103202513	5.72543307e-001	5.88699426e-001	5.57602477e-001	3.90624572e-001	2.03158127e-001	2.00167195e-002	2.17407791e-002	
    02001233	   103202281	    00000042	7.91438558e-003	1.39308990e-002	2.99823367e-002	5.19727981e-002	5.96812600e-002	2.88861696e-002	1.36724948e-002	6.30086786e-003	1.05089384e-003	3.09183177e-004	1.99473123e-004	3.92255281e-004	3.40777928e-004	    02001233	   103203768	    00000042	1.57169778e+000	2.36676019e+000	4.20744550e+000	6.46169191e+000	7.37384837e+000	4.05105765e+000	2.60912463e+000	1.34768938e+000	5.24342674e-002	6.16708345e-003	2.30872596e-003	1.36289419e-002	1.28038000e-002	    02001233	   103203768	4.46716279e+001	5.12280466e+001	5.68023757e+001	6.07115793e+001	6.00116346e+001	6.39253744e+001	6.14073493e+001	5.68141542e+001	4.98015368e+001	5.33274045e+001	5.16440407e+001	5.00812284e+001	4.37254171e+001	    02001233	   103203768	5.64812772e-001	5.85023672e-001	5.50191626e-001	3.83255504e-001	1.98753205e-001	1.96130921e-002	2.10802998e-002	
    02001233	   103203590	    00000043	7.06973270e-003	1.25929776e-002	2.78772803e-002	4.91402161e-002	5.68788201e-002	2.74590855e-002	1.29054287e-002	5.90293953e-003	9.79610914e-004	2.88629438e-004	1.89530586e-004	3.72723255e-004	3.21005064e-004	    02001233	   103204898	    00000043	1.43626345e+000	2.17875500e+000	3.93653452e+000	6.10146867e+000	6.97691012e+000	3.78981288e+000	2.41701745e+000	1.23170307e+000	4.59579364e-002	5.78693583e-003	2.09209803e-003	1.26123011e-002	1.20061292e-002	    02001233	   103204898	4.44894512e+001	5.09917947e+001	5.65503810e+001	6.03866920e+001	5.97569072e+001	6.35873074e+001	6.11038051e+001	5.63761154e+001	4.95048086e+001	5.30090997e+001	5.11567608e+001	4.95912124e+001	4.33014716e+001	    02001233	   103204898	5.79145096e-001	6.00408903e-001	5.62243452e-001	3.91385362e-001	2.03044411e-001	1.92995101e-002	2.10032021e-002	
    02001233	   103204735	    00000044	6.33441868e-003	1.14136967e-002	2.60216664e-002	4.66726632e-002	5.45026429e-002	2.62776087e-002	1.22853636e-002	5.58453083e-003	9.22998370e-004	2.73246850e-004	1.86877875e-004	3.77289406e-004	3.12547209e-004	    02001233	   103206016	    00000044	1.31192648e+000	2.00310649e+000	3.67486126e+000	5.74322318e+000	6.57473577e+000	3.52757069e+000	2.22651174e+000	1.11748813e+000	3.99975123e-002	5.39686874e-003	1.90532351e-003	1.16505818e-002	1.12248833e-002	    02001233	   103206016	4.39616661e+001	5.02892529e+001	5.56522451e+001	5.93849590e+001	5.86812079e+001	6.25000369e+001	6.00761909e+001	5.53998933e+001	4.85753745e+001	5.20443921e+001	5.02967091e+001	4.87849107e+001	4.25910908e+001	    02001233	   103206016	5.62616705e-001	5.91309939e-001	5.57732521e-001	3.88039877e-001	2.01021926e-001	1.82086311e-002	2.04376071e-002	
    02001233	   103205863	    00000045	5.65095095e-003	1.03132431e-002	2.42519872e-002	4.42819854e-002	5.21873727e-002	2.51472448e-002	1.16979237e-002	5.28434439e-003	8.59443192e-004	2.56585815e-004	1.87380434e-004	3.98451867e-004	3.09511861e-004	    02001233	   103207130	    00000045	1.20562223e+000	1.85471078e+000	3.46401323e+000	5.46886267e+000	6.27227218e+000	3.32733171e+000	2.08161150e+000	1.02732031e+000	3.54176571e-002	5.13055680e-003	1.78426802e-003	1.09453517e-002	1.06068587e-002	    02001233	   103207130	4.48502947e+001	5.14011600e+001	5.69476804e+001	6.08314784e+001	6.01255426e+001	6.40051278e+001	6.15104946e+001	5.68610104e+001	4.98422837e+001	5.33924158e+001	5.16119780e+001	5.00523260e+001	4.36841720e+001	    02001233	   103207130	5.60276845e-001	5.73514531e-001	5.44757701e-001	3.81365095e-001	1.97512828e-001	1.97233905e-002	2.13289246e-002	
    02001233	   103206978	    00000046	5.05582850e-003	9.34725550e-003	2.27028520e-002	4.22028855e-002	5.01969657e-002	2.42063277e-002	1.12129552e-002	5.03395466e-003	8.06466085e-004	2.42411598e-004	1.95406058e-004	4.41590871e-004	3.16355845e-004	    02001233	   103208263	    00000046	1.10557735e+000	1.71406009e+000	3.25734744e+000	5.19231455e+000	5.96790202e+000	3.13152988e+000	1.94091188e+000	9.34872442e-001	3.14097328e-002	4.80731030e-003	1.67660045e-003	1.02806352e-002	1.00277373e-002	    02001233	   103208263	4.41088326e+001	5.05347540e+001	5.59524533e+001	5.97132793e+001	5.90224358e+001	6.28293258e+001	6.03116116e+001	5.56902710e+001	4.88650412e+001	5.23117044e+001	5.05511754e+001	4.90129848e+001	4.27902730e+001	    02001233	   103208263	5.59940477e-001	5.93276808e-001	5.55557171e-001	3.85475835e-001	1.99073232e-001	1.74352405e-002	1.96202455e-002	
    02001233	   103208091	    00000047	4.52940598e-003	8.48153472e-003	2.13372482e-002	4.04087413e-002	4.84822732e-002	2.33935201e-002	1.07979078e-002	4.81637651e-003	7.60187927e-004	2.30587000e-004	1.99390198e-004	4.65628269e-004	3.17699580e-004	    02001233	   103209504	    00000047	1.00380943e+000	1.57318617e+000	3.04217415e+000	4.89548912e+000	5.63837299e+000	2.92531631e+000	1.79571967e+000	8.51007589e-001	2.79001067e-002	4.52805636e-003	1.63275794e-003	9.75915351e-003	9.85348486e-003	    02001233	   103209504	4.35446202e+001	4.98511321e+001	5.51599805e+001	5.88332174e+001	5.81512200e+001	6.18922736e+001	5.94421184e+001	5.48238228e+001	4.80920701e+001	5.15081628e+001	4.97633450e+001	4.82221487e+001	4.21018141e+001	    02001233	   103209504	5.50392290e-001	5.80471175e-001	5.47198793e-001	3.80318440e-001	1.97007842e-001	1.77976505e-002	1.99388650e-002	
    02001233	   103209322	    00000048	4.06086353e-003	7.71378285e-003	2.01001811e-002	3.88122588e-002	4.69360948e-002	2.26356136e-002	1.03965536e-002	4.60454983e-003	7.10611174e-004	2.17270076e-004	1.80194324e-004	4.08507611e-004	2.90919965e-004	    02001233	   103210648	    00000048	8.91998582e-001	1.43063915e+000	2.82016308e+000	4.58200494e+000	5.29632588e+000	2.72294109e+000	1.65757954e+000	7.74707955e-001	2.44614789e-002	4.24033115e-003	1.69253175e-003	9.42226860e-003	8.96955285e-003	    02001233	   103210648	4.41698678e+001	5.06215974e+001	5.60279533e+001	5.98148336e+001	5.90938726e+001	6.28841713e+001	6.03925764e+001	5.58358896e+001	4.89360457e+001	5.24027297e+001	5.07004793e+001	4.91351487e+001	4.28843181e+001	    02001233	   103210648	5.50348788e-001	5.62721892e-001	5.35320202e-001	3.74959494e-001	1.94868771e-001	1.92385334e-002	2.10139658e-002	
    02001233	   103210448	    00000049	3.65928258e-003	7.05410938e-003	1.90083332e-002	3.73798857e-002	4.55603117e-002	2.19937107e-002	1.00742271e-002	4.43590638e-003	6.67748196e-004	2.05299878e-004	1.67680003e-004	3.69131044e-004	2.73868425e-004	    02001233	   103211849	    00000049	7.99994193e-001	1.30258956e+000	2.62448663e+000	4.31042446e+000	5.00218804e+000	2.54655681e+000	1.53762506e+000	7.08666220e-001	2.16795424e-002	4.00520943e-003	1.69369647e-003	8.97844034e-003	8.45863952e-003	    02001233	   103211849	4.32081957e+001	4.94147362e+001	5.46059786e+001	5.81796936e+001	5.74741111e+001	6.11655404e+001	5.87028062e+001	5.41119026e+001	4.74582334e+001	5.08208027e+001	4.90751171e+001	4.75555185e+001	4.15176331e+001	    02001233	   103211849	5.62616936e-001	5.94490363e-001	5.54768739e-001	3.85202577e-001	1.99687749e-001	1.77436733e-002	1.99709953e-002	
    02001233	   103211687	    00000050	3.30490349e-003	6.47062926e-003	1.80507592e-002	3.61552614e-002	4.44181633e-002	2.14767503e-002	9.82625642e-003	4.29267921e-003	6.21379416e-004	1.93222443e-004	1.52522736e-004	3.22688369e-004	2.53419199e-004	    02001233	   103213034	    00000050	7.22135784e-001	1.18524523e+000	2.44146520e+000	4.05242722e+000	4.71947874e+000	2.37938922e+000	1.42400579e+000	6.47267317e-001	1.92334928e-002	3.75619338e-003	1.62412235e-003	8.45792173e-003	7.94704297e-003	    02001233	   103213034	4.48362303e+001	5.14360786e+001	5.69726100e+001	6.08885204e+001	6.01699469e+001	6.39977997e+001	6.15190524e+001	5.69380517e+001	4.98751661e+001	5.34213724e+001	5.16820685e+001	5.00822366e+001	4.36919782e+001	    02001233	   103213034	5.56807049e-001	5.67793248e-001	5.38231330e-001	3.76319479e-001	1.95002691e-001	1.91121401e-002	2.08391372e-002	
    02001233	   103212870	    00000051	2.99349439e-003	5.95063835e-003	1.71969955e-002	3.50567342e-002	4.34122496e-002	2.10322056e-002	9.62074173e-003	4.18422162e-003	5.84143106e-004	1.82145218e-004	1.37900454e-004	2.79216110e-004	2.35189342e-004	    02001233	   103214198	    00000051	6.49730895e-001	1.07566558e+000	2.26535358e+000	3.80143670e+000	4.44297937e+000	2.21983436e+000	1.31750803e+000	5.90461312e-001	1.71350014e-002	3.54420688e-003	1.58239272e-003	7.96317720e-003	7.45933540e-003	    02001233	   103214198	4.31810315e+001	4.93644397e+001	5.45132220e+001	5.80599236e+001	5.73394985e+001	6.10235522e+001	5.85689406e+001	5.39700761e+001	4.73112817e+001	5.06775706e+001	4.89052551e+001	4.73875913e+001	4.13736650e+001	    02001233	   103214198	5.51963953e-001	5.74849289e-001	5.40339237e-001	3.75888822e-001	1.94225060e-001	1.81006543e-002	2.00391373e-002	
    02001233	   103214021	    00000052	2.65907099e-003	5.36688845e-003	1.60638229e-002	3.33797450e-002	4.16748315e-002	2.01828128e-002	9.20926986e-003	3.97943736e-003	5.42710911e-004	1.69363502e-004	1.25529740e-004	2.44860173e-004	2.17838528e-004	    02001233	   103215338	    00000052	5.83186459e-001	9.71923914e-001	2.10395943e+000	3.57585324e+000	4.19312471e+000	2.07811071e+000	1.22454655e+000	5.42037714e-001	1.52993090e-002	3.32873551e-003	1.51313951e-003	7.43291765e-003	7.01311167e-003	    02001233	   103215338	4.33251348e+001	4.96294860e+001	5.48753538e+001	5.85294090e+001	5.78158611e+001	6.15215041e+001	5.90465336e+001	5.45222935e+001	4.77930307e+001	5.11726064e+001	4.94909636e+001	4.79377010e+001	4.18439644e+001	    02001233	   103215338	5.57655672e-001	5.83515868e-001	5.49107680e-001	3.82701518e-001	1.98804612e-001	1.81797131e-002	2.02623713e-002	
    02001233	   103215166	    00000053	2.27973512e-003	4.66627714e-003	1.45153604e-002	3.08060545e-002	3.88399735e-002	1.87339078e-002	8.47126067e-003	3.62989764e-003	4.89181768e-004	1.56182911e-004	1.13382413e-004	2.19032218e-004	1.98074313e-004	    02001233	   103216549	    00000053	5.07093836e-001	8.37224690e-001	1.91044515e+000	3.30080549e+000	3.89522037e+000	1.91923152e+000	1.12422530e+000	4.92398208e-001	1.37609109e-002	3.10179899e-003	1.39330112e-003	6.85596286e-003	6.48922920e-003	    02001233	   103216549	4.40907483e+001	5.05334749e+001	5.59077920e+001	5.96799139e+001	5.89629658e+001	6.27204364e+001	6.02655705e+001	5.56812099e+001	4.87949246e+001	5.22627579e+001	5.05234320e+001	4.89497284e+001	4.27131164e+001	    02001233	   103216549	5.45319730e-001	5.65607372e-001	5.35364567e-001	3.73594307e-001	1.93416772e-001	1.81513441e-002	2.01422968e-002	
    02001233	   103216352	    00000054	1.90133544e-003	3.96037606e-003	1.27897636e-002	2.78078576e-002	3.54366254e-002	1.69804565e-002	7.56962733e-003	3.21031675e-003	4.40326637e-004	1.40909899e-004	1.02915581e-004	2.04029245e-004	1.79203914e-004	    02001233	   103217866	    00000054	4.28822732e-001	7.12282312e-001	1.69871915e+000	2.99211336e+000	3.55553475e+000	1.74220720e+000	9.94716033e-001	4.39743654e-001	1.20901048e-002	2.85376331e-003	1.30851800e-003	6.19939907e-003	5.91157769e-003	    02001233	   103217866	4.35118127e+001	4.98030042e+001	5.50213351e+001	5.86599343e+001	5.79262730e+001	6.16408237e+001	5.92003609e+001	5.46211407e+001	4.78563324e+001	5.12676237e+001	4.95344037e+001	4.79907828e+001	4.18890706e+001	    02001233	   103217866	5.46316420e-001	5.67869501e-001	5.36872906e-001	3.74588390e-001	1.94204238e-001	1.84957556e-002	2.04989307e-002	
    02001233	   103217662	    00000055	1.55139166e-003	3.26891499e-003	1.10403493e-002	2.46799265e-002	3.18114919e-002	1.50978427e-002	6.60462812e-003	2.76782393e-003	3.94651559e-004	1.28738241e-004	9.39107782e-005	1.96173982e-004	1.62808886e-004	    02001233	   103219289	    00000055	3.61003278e-001	6.09135741e-001	1.51164612e+000	2.72027547e+000	3.25794666e+000	1.58812695e+000	8.72560157e-001	3.94594119e-001	1.07348783e-002	2.60690363e-003	1.21117151e-003	5.64666482e-003	5.39971646e-003	    02001233	   103219289	4.35290565e+001	4.98624347e+001	5.51109608e+001	5.87821880e+001	5.80628675e+001	6.17731928e+001	5.93401389e+001	5.47745957e+001	4.79844929e+001	5.14080819e+001	4.96765250e+001	4.81186017e+001	4.19921562e+001	    02001233	   103219289	5.62543308e-001	5.80160843e-001	5.45435268e-001	3.80412507e-001	1.97264583e-001	1.83852377e-002	2.02813330e-002	
    02001233	   103219051	    00000056	1.28702630e-003	2.75796158e-003	9.70406116e-003	2.22939479e-002	2.90413692e-002	1.36629217e-002	5.85856858e-003	2.41881725e-003	3.55268066e-004	1.18069191e-004	8.58486883e-005	1.80053469e-004	1.48612784e-004	    02001233	   103226433	    00000056	3.02775542e-001	5.19834920e-001	1.33759902e+000	2.45453791e+000	2.95949093e+000	1.43845004e+000	7.84182394e-001	3.51588028e-001	9.48451935e-003	2.36637602e-003	1.10365074e-003	5.15050576e-003	4.92254243e-003	    02001233	   103226433	4.36662319e+001	5.00595864e+001	5.53172954e+001	5.90155855e+001	5.82867281e+001	6.19948784e+001	5.95505217e+001	5.50034087e+001	4.81766096e+001	5.16114282e+001	4.98744195e+001	4.82985945e+001	4.21467832e+001	    02001233	   103226433	5.53655654e-001	5.69216015e-001	5.34715042e-001	3.72857443e-001	1.93309354e-001	1.90448950e-002	2.06583885e-002	
    02001233	   103225636	    00000057	1.12656749e-003	2.45757788e-003	8.96027653e-003	2.10345184e-002	2.75762822e-002	1.29196656e-002	5.47947558e-003	2.23801649e-003	3.25916176e-004	1.09529008e-004	7.35348365e-005	1.49429632e-004	1.31188347e-004	    02001233	   103229274	    00000057	2.55761855e-001	4.42824424e-001	1.18150861e+000	2.21094158e+000	2.68520794e+000	1.29713652e+000	7.02249354e-001	3.11118858e-001	8.29721931e-003	2.13456980e-003	1.03293139e-003	4.72192054e-003	4.47006473e-003	    02001233	   103229274	4.38739194e+001	5.03433915e+001	5.56564520e+001	5.93938631e+001	5.86714006e+001	6.24000713e+001	5.98920580e+001	5.53604466e+001	4.85204854e+001	5.19513553e+001	5.01886176e+001	4.86238568e+001	4.24182225e+001	    02001233	   103229274	5.44384043e-001	5.67526885e-001	5.34880923e-001	3.72582562e-001	1.92490674e-001	1.77782260e-002	1.98699294e-002	
    02001233	   103228970	    00000058	9.94784396e-004	2.21573855e-003	8.41590809e-003	2.01760108e-002	2.66595144e-002	1.24757351e-002	5.26856798e-003	2.12737267e-003	2.99448400e-004	1.00720489e-004	6.05653318e-005	1.16474118e-004	1.17738310e-004	    02001233	   103230866	    00000058	2.25843994e-001	3.94833953e-001	1.07361338e+000	2.05547626e+000	2.50827570e+000	1.20231569e+000	6.45174602e-001	2.82274513e-001	7.29280545e-003	2.18525812e-003	9.78963248e-004	4.41041150e-003	4.15019991e-003	    02001233	   103230866	4.26991076e+001	4.89239100e+001	5.39937651e+001	5.75251909e+001	5.67972361e+001	6.04258018e+001	5.79787826e+001	5.34713017e+001	4.68657485e+001	5.01879062e+001	4.84808571e+001	4.69485901e+001	4.09766519e+001	    02001233	   103230866	5.49540254e-001	5.75797935e-001	5.41929088e-001	3.77147558e-001	1.95315229e-001	1.76768361e-002	1.98705810e-002	
    02001233	   103230683	    00000059	8.95122570e-004	2.02833463e-003	7.99206086e-003	1.95261327e-002	2.60169306e-002	1.21894824e-002	5.13570370e-003	2.05731746e-003	2.75639600e-004	9.28477266e-005	5.48992209e-005	9.81857287e-005	1.06204973e-004	    02001233	   103232644	    00000059	2.02060376e-001	3.57152734e-001	8.79538228e-001	1.93557142e+000	2.37034182e+000	1.12706638e+000	5.99070309e-001	2.58759146e-001	6.67152882e-003	1.99253689e-003	8.92814506e-004	4.09248056e-003	3.88550341e-003	    02001233	   103232644	4.38693276e+001	5.03487627e+001	5.56546975e+001	5.94013474e+001	5.86768853e+001	6.23898972e+001	5.99418790e+001	5.53936042e+001	4.85322088e+001	5.19847348e+001	5.02429169e+001	4.86478815e+001	4.24492316e+001	    02001233	   103232644	5.50272815e-001	5.63515000e-001	5.32693858e-001	3.72854013e-001	1.93719606e-001	1.93604136e-002	2.10289737e-002	
    02001233	   103232328	    00000060	8.08847501e-004	1.86607427e-003	7.60589609e-003	1.89194125e-002	2.54110438e-002	1.19374751e-002	5.02816749e-003	1.99448698e-003	2.54708866e-004	8.75162829e-005	5.01216591e-005	8.75382454e-005	1.02203169e-004	    02001233	   103236965	    00000060	1.79992442e-001	3.21423537e-001	7.84225570e-001	1.81947319e+000	2.23604614e+000	1.05392147e+000	5.55225816e-001	2.36906747e-001	6.26736991e-003	1.68032923e-003	8.11221491e-004	3.78573535e-003	3.63968746e-003	    02001233	   103236965	4.35793257e+001	5.00329283e+001	5.53076755e+001	5.90309025e+001	5.83060996e+001	6.20145113e+001	5.95502418e+001	5.50471027e+001	4.82370953e+001	5.16544903e+001	4.99600300e+001	4.83798434e+001	4.22129690e+001	    02001233	   103236965	5.48702935e-001	5.69453459e-001	5.38243107e-001	3.75542253e-001	1.94595187e-001	1.82337025e-002	2.02499427e-002	
    02001233	   103236612	    00000061	6.99381049e-004	1.64614500e-003	6.98736737e-003	1.77930951e-002	2.41239641e-002	1.13279875e-002	4.74260755e-003	1.86537269e-003	2.30749851e-004	8.42484104e-005	4.50853895e-005	8.00721990e-005	9.34998695e-005	    02001233	   103239561	    00000061	1.57517220e-001	2.83932276e-001	7.16739934e-001	1.69030190e+000	2.08706866e+000	9.64253048e-001	5.09433175e-001	2.14620977e-001	5.66017659e-003	1.56391344e-003	7.49543463e-004	3.47120772e-003	3.36213311e-003	    02001233	   103239561	4.40067271e+001	5.04934793e+001	5.58216763e+001	5.95794177e+001	5.88660954e+001	6.26072575e+001	6.01805282e+001	5.55660845e+001	4.87040701e+001	5.21772294e+001	5.03886377e+001	4.88208875e+001	4.25872938e+001	    02001233	   103239561	5.48082845e-001	5.64230670e-001	5.35047061e-001	3.75039985e-001	1.94798780e-001	1.89107253e-002	2.09326553e-002	
    02001233	   103239200	    00000062	6.01621405e-004	1.45453938e-003	6.42699289e-003	1.67464227e-002	2.29352447e-002	1.07760864e-002	4.48717585e-003	1.74651463e-003	2.06334135e-004	7.61937038e-005	4.00608829e-005	7.16383841e-005	8.69845523e-005	    02001233	   103241841	    00000062	1.33119185e-001	2.42429986e-001	6.36172182e-001	1.53067944e+000	1.90324264e+000	8.71068961e-001	4.57613008e-001	1.90595819e-001	4.84951671e-003	1.39910876e-003	6.82771105e-004	3.14405010e-003	3.04129869e-003	    02001233	   103241841	4.36195389e+001	5.00800801e+001	5.53658775e+001	5.90851416e+001	5.83798973e+001	6.20864557e+001	5.96258352e+001	5.50795049e+001	4.82969143e+001	5.17142560e+001	4.99725046e+001	4.84019325e+001	4.22285582e+001	    02001233	   103241841	5.48449005e-001	5.73553002e-001	5.40843842e-001	3.76623440e-001	1.94823672e-001	1.78807730e-002	2.00330881e-002	
    02001233	   103241600	    00000063	5.38607770e-004	1.33547408e-003	6.11317536e-003	1.62194183e-002	2.23906866e-002	1.05538576e-002	4.40063334e-003	1.70125818e-003	1.86308809e-004	6.89347797e-005	3.47558345e-005	5.99653733e-005	8.03169369e-005	    02001233	   103243699	    00000063	1.17289180e-001	2.15623759e-001	5.83322710e-001	1.42502438e+000	1.78061795e+000	8.07392462e-001	4.20376864e-001	1.72867298e-001	4.39309213e-003	1.31031591e-003	6.28451906e-004	2.93343090e-003	2.82846345e-003	    02001233	   103243699	4.36857693e+001	5.01270454e+001	5.53934733e+001	5.91113864e+001	5.83957995e+001	6.21012970e+001	5.96832341e+001	5.51109111e+001	4.82997138e+001	5.17410123e+001	4.99946133e+001	4.84175392e+001	4.22413134e+001	    02001233	   103243699	5.50178841e-001	5.66764514e-001	5.35332201e-001	3.74183212e-001	1.93999124e-001	1.87542457e-002	2.06778426e-002	
    02001233	   103243448	    00000064	4.60715178e-004	1.16961348e-003	5.60233148e-003	1.51956248e-002	2.11941967e-002	9.99581319e-003	4.15274670e-003	1.59443160e-003	1.63770622e-004	6.26792175e-005	3.01288689e-005	5.12329533e-005	7.26433000e-005	    02001233	   103245587	    00000064	1.02420245e-001	1.90296056e-001	5.30907513e-001	1.31818749e+000	1.65455196e+000	7.44802100e-001	3.85018630e-001	1.56590388e-001	3.98306041e-003	1.19561400e-003	5.81219542e-004	2.70556958e-003	2.61107095e-003	    02001233	   103245587	4.29591920e+001	4.92423801e+001	5.43386607e+001	5.79134097e+001	5.71821829e+001	6.08207430e+001	5.84006769e+001	5.38771403e+001	4.72156278e+001	5.05741477e+001	4.88569129e+001	4.73083668e+001	4.12807567e+001	    02001233	   103245587	5.44363905e-001	5.71884247e-001	5.36950558e-001	3.73481786e-001	1.93230717e-001	1.75698779e-002	1.97612255e-002	
    02001233	   103245270	    00000065	3.84764752e-004	9.98101865e-004	4.98732454e-003	1.38761355e-002	1.95662953e-002	9.22413705e-003	3.79757059e-003	1.44254994e-003	1.46926986e-004	5.68061838e-005	2.57193052e-005	4.54065621e-005	6.53298980e-005	    02001233	   103251043	    00000065	8.54463160e-002	1.60849262e-001	4.66665742e-001	1.18484418e+000	1.49745206e+000	6.69909069e-001	3.44319871e-001	1.38697781e-001	3.55532623e-003	1.05860251e-003	5.27598170e-004	2.43481434e-003	2.35904537e-003	    02001233	   103251043	4.31412801e+001	4.94597194e+001	5.45727739e+001	5.81719250e+001	5.74419563e+001	6.10637581e+001	5.86596076e+001	5.41204092e+001	4.74202251e+001	5.08032763e+001	4.90510968e+001	4.74755868e+001	4.14202705e+001	    02001233	   103251043	5.43363174e-001	5.60990023e-001	5.30123559e-001	3.70334348e-001	1.92147130e-001	1.82108303e-002	2.02641944e-002	
    02001233	   103249276	    00000066	3.15723534e-004	8.55114088e-004	4.46288295e-003	1.27140555e-002	1.81034926e-002	8.53285370e-003	3.48789785e-003	1.31222664e-003	1.28171210e-004	5.34159720e-005	2.18201377e-005	3.80735349e-005	5.72717870e-005	    02001233	   103258913	    00000066	7.00159080e-002	1.33419184e-001	4.04606317e-001	1.05213717e+000	1.34047987e+000	5.96234608e-001	3.04674040e-001	1.21454950e-001	3.09690135e-003	9.22346150e-004	4.60425035e-004	2.15658636e-003	2.07596876e-003	    02001233	   103258913	4.29155645e+001	4.91909696e+001	5.42518284e+001	5.78301018e+001	5.70877690e+001	6.07051949e+001	5.83448121e+001	5.38239734e+001	4.71267770e+001	5.05125494e+001	4.87952420e+001	4.72225287e+001	4.11951327e+001	    02001233	   103258913	5.37544168e-001	5.58413987e-001	5.27162304e-001	3.67905725e-001	1.90624813e-001	1.79298413e-002	2.00526537e-002	
    02001233	   103258131	    00000067	2.59171767e-004	7.31189014e-004	3.99559646e-003	1.16704740e-002	1.67899853e-002	7.92588150e-003	3.21530478e-003	1.19810770e-003	1.08860596e-004	4.79403091e-005	1.81151207e-005	2.92113377e-005	4.92184270e-005	    02001233	   103301483	    00000067	5.79741838e-002	1.12176201e-001	3.54672096e-001	9.59896453e-001	1.21114539e+000	5.35266474e-001	2.71836182e-001	1.07161854e-001	2.70712395e-003	8.35198816e-004	5.02823059e-004	1.94991114e-003	1.86045677e-003	    02001233	   103301483	4.31390507e+001	4.94525331e+001	5.45527956e+001	5.81551817e+001	5.74228878e+001	6.10432299e+001	5.86634973e+001	5.41209139e+001	4.73984060e+001	5.07949646e+001	4.90317210e+001	4.74619080e+001	4.13856739e+001	    02001233	   103301483	5.45848857e-001	5.66505998e-001	5.32032913e-001	3.70687268e-001	1.91940191e-001	1.75702405e-002	1.97062518e-002	
    02001233	   103301132	    00000068	2.14203902e-004	6.32060314e-004	3.61213800e-003	1.07909797e-002	1.56989942e-002	7.42309495e-003	3.00329734e-003	1.10980211e-003	9.48692267e-005	4.25542389e-005	1.33201777e-005	2.31219359e-005	4.31592940e-005	    02001233	   103303494	    00000068	4.90632998e-002	9.54242306e-002	3.13525029e-001	8.74476355e-001	1.10141176e+000	4.83762313e-001	2.44113149e-001	9.53181746e-002	2.47831282e-003	7.21189289e-004	3.69891912e-004	1.76628582e-003	1.66457996e-003	    02001233	   103303494	4.25996837e+001	4.88162010e+001	5.38064019e+001	5.73161386e+001	5.65697549e+001	6.01633140e+001	5.77736569e+001	5.32780496e+001	4.66646823e+001	4.99989522e+001	4.82897623e+001	4.67337958e+001	4.07645570e+001	    02001233	   103303494	5.39599341e-001	5.57100915e-001	5.25937769e-001	3.68181886e-001	1.91550424e-001	1.88343497e-002	2.07711922e-002	
    02001233	   103303252	    00000069	1.72007669e-004	5.43030346e-004	3.23572150e-003	9.90755656e-003	1.45739252e-002	6.90366127e-003	2.77825358e-003	1.01912689e-003	7.80887105e-005	3.68983670e-005	1.07719751e-005	1.92219957e-005	3.73088162e-005	    02001233	   103313269	    00000069	4.08104095e-002	8.05261754e-002	2.75526581e-001	7.86047497e-001	1.00695718e+000	4.35579198e-001	2.18615674e-001	8.43840656e-002	2.24010160e-003	6.16522030e-004	3.20122116e-004	1.57804134e-003	1.47761916e-003	    02001233	   103313269	4.27565270e+001	4.89831211e+001	5.39901558e+001	5.75227113e+001	5.67794938e+001	6.03849465e+001	5.80349868e+001	5.35060249e+001	4.68477888e+001	5.02194047e+001	4.84834749e+001	4.69268930e+001	4.09202442e+001	    02001233	   103313269	5.38063035e-001	5.58666006e-001	5.27882295e-001	3.68815319e-001	1.91331266e-001	1.77414840e-002	1.99898390e-002